/*--------------------------------*- C++ -*----------------------------------*\
| =========                 |                                                 |
| \\      /  F ield         | OpenFOAM: The Open Source CFD Toolbox           |
|  \\    /   O peration     | Version:  2306                                  |
|   \\  /    A nd           | Website:  www.openfoam.com                      |
|    \\/     M anipulation  |                                                 |
\*---------------------------------------------------------------------------*/
FoamFile
{
    version     2.0;
    format      ascii;
    arch        "LSB;label=32;scalar=64";
    note        "nPoints:18448  nCells:9032  nFaces:36319  nInternalFaces:17873";
    class       labelList;
    location    "constant/polyMesh";
    object      neighbour;
}
// * * * * * * * * * * * * * * * * * * * * * * * * * * * * * * * * * * * * * //


17873
(
1
68
2
69
3
70
4
71
5
72
6
73
7
74
8
75
9
76
10
77
11
78
12
79
13
80
14
81
15
82
16
83
17
84
18
85
19
86
20
87
21
88
22
89
23
90
24
91
25
92
26
93
27
94
28
95
29
96
30
97
31
98
32
99
33
100
34
101
35
102
36
103
37
104
38
105
39
106
40
107
41
108
42
109
43
110
44
111
45
112
46
113
47
114
48
115
49
116
50
117
51
118
52
119
53
120
54
121
55
122
56
123
57
124
58
125
59
126
60
127
61
128
62
129
63
130
64
131
65
132
66
133
67
134
135
6992
69
136
70
137
71
138
72
139
73
140
74
141
75
142
76
143
77
144
78
145
79
146
80
147
81
148
82
149
83
150
84
151
85
152
86
153
87
154
88
155
89
156
90
157
91
158
92
159
93
160
94
161
95
162
96
163
97
164
98
165
99
166
100
167
101
168
102
169
103
170
104
171
105
172
106
173
107
174
108
175
109
176
110
177
111
178
112
179
113
180
114
181
115
182
116
183
117
184
118
185
119
186
120
187
121
188
122
189
123
190
124
191
125
192
126
193
127
194
128
195
129
196
130
197
131
198
132
199
133
200
134
201
135
202
203
7012
137
204
138
205
139
206
140
207
141
208
142
209
143
210
144
211
145
212
146
213
147
214
148
215
149
216
150
217
151
218
152
219
153
220
154
221
155
222
156
223
157
224
158
225
159
226
160
227
161
228
162
229
163
230
164
231
165
232
166
233
167
234
168
235
169
236
170
237
171
238
172
239
173
240
174
241
175
242
176
243
177
244
178
245
179
246
180
247
181
248
182
249
183
250
184
251
185
252
186
253
187
254
188
255
189
256
190
257
191
258
192
259
193
260
194
261
195
262
196
263
197
264
198
265
199
266
200
267
201
268
202
269
203
270
271
7032
205
272
206
273
207
274
208
275
209
276
210
277
211
278
212
279
213
280
214
281
215
282
216
283
217
284
218
285
219
286
220
287
221
288
222
289
223
290
224
291
225
292
226
293
227
294
228
295
229
296
230
297
231
298
232
299
233
300
234
301
235
302
236
303
237
304
238
305
239
306
240
307
241
308
242
309
243
310
244
311
245
312
246
313
247
314
248
315
249
316
250
317
251
318
252
319
253
320
254
321
255
322
256
323
257
324
258
325
259
326
260
327
261
328
262
329
263
330
264
331
265
332
266
333
267
334
268
335
269
336
270
337
271
338
339
7052
273
340
274
341
275
342
276
343
277
344
278
345
279
346
280
347
281
348
282
349
283
350
284
351
285
352
286
353
287
354
288
355
289
356
290
357
291
358
292
359
293
360
294
361
295
362
296
363
297
364
298
365
299
366
300
367
301
368
302
369
303
370
304
371
305
372
306
373
307
374
308
375
309
376
310
377
311
378
312
379
313
380
314
381
315
382
316
383
317
384
318
385
319
386
320
387
321
388
322
389
323
390
324
391
325
392
326
393
327
394
328
395
329
396
330
397
331
398
332
399
333
400
334
401
335
402
336
403
337
404
338
405
339
406
407
7072
341
408
342
409
343
410
344
411
345
412
346
413
347
414
348
415
349
416
350
417
351
418
352
419
353
420
354
421
355
422
356
423
357
424
358
425
359
426
360
427
361
428
362
429
363
430
364
431
365
432
366
433
367
434
368
435
369
436
370
437
371
438
372
439
373
440
374
441
375
442
376
443
377
444
378
445
379
446
380
447
381
448
382
449
383
450
384
451
385
452
386
453
387
454
388
455
389
456
390
457
391
458
392
459
393
460
394
461
395
462
396
463
397
464
398
465
399
466
400
467
401
468
402
469
403
470
404
471
405
472
406
473
407
474
475
7092
409
476
410
477
411
478
412
479
413
480
414
481
415
482
416
483
417
484
418
485
419
486
420
487
421
488
422
489
423
490
424
491
425
492
426
493
427
494
428
495
429
496
430
497
431
498
432
499
433
500
434
501
435
502
436
503
437
504
438
505
439
506
440
507
441
508
442
509
443
510
444
511
445
512
446
513
447
514
448
515
449
516
450
517
451
518
452
519
453
520
454
521
455
522
456
523
457
524
458
525
459
526
460
527
461
528
462
529
463
530
464
531
465
532
466
533
467
534
468
535
469
536
470
537
471
538
472
539
473
540
474
541
475
542
543
7112
477
544
478
545
479
546
480
547
481
548
482
549
483
550
484
551
485
552
486
553
487
554
488
555
489
556
490
557
491
558
492
559
493
560
494
561
495
562
496
563
497
564
498
565
499
566
500
567
501
568
502
569
503
570
504
571
505
572
506
573
507
574
508
575
509
576
510
577
511
578
512
579
513
580
514
581
515
582
516
583
517
584
518
585
519
586
520
587
521
588
522
589
523
590
524
591
525
592
526
593
527
594
528
595
529
596
530
597
531
598
532
599
533
600
534
601
535
602
536
603
537
604
538
605
539
606
540
607
541
608
542
609
543
610
611
7132
545
612
546
613
547
614
548
615
549
616
550
617
551
618
552
619
553
620
554
621
555
622
556
623
557
624
558
625
559
626
560
627
561
628
562
629
563
630
564
631
565
632
566
633
567
634
568
635
569
636
570
637
571
638
572
639
573
640
574
641
575
642
576
643
577
644
578
645
579
646
580
647
581
648
582
649
583
650
584
651
585
652
586
653
587
654
588
655
589
656
590
657
591
658
592
659
593
660
594
661
595
662
596
663
597
664
598
665
599
666
600
667
601
668
602
669
603
670
604
671
605
672
606
673
607
674
608
675
609
676
610
677
611
678
679
7152
613
680
614
681
615
682
616
683
617
684
618
685
619
686
620
687
621
688
622
689
623
690
624
691
625
692
626
693
627
694
628
695
629
696
630
697
631
698
632
699
633
700
634
701
635
702
636
703
637
704
638
705
639
706
640
707
641
708
642
709
643
710
644
711
645
712
646
713
647
714
648
715
649
716
650
717
651
718
652
719
653
720
654
721
655
722
656
723
657
724
658
725
659
726
660
727
661
728
662
729
663
730
664
731
665
732
666
733
667
734
668
735
669
736
670
737
671
738
672
739
673
740
674
741
675
742
676
743
677
744
678
745
679
746
747
7172
681
748
682
749
683
750
684
751
685
752
686
753
687
754
688
755
689
756
690
757
691
758
692
759
693
760
694
761
695
762
696
763
697
764
698
765
699
766
700
767
701
768
702
769
703
770
704
771
705
772
706
773
707
774
708
775
709
776
710
777
711
778
712
779
713
780
714
781
715
782
716
783
717
784
718
785
719
786
720
787
721
788
722
789
723
790
724
791
725
792
726
793
727
794
728
795
729
796
730
797
731
798
732
799
733
800
734
801
735
802
736
803
737
804
738
805
739
806
740
807
741
808
742
809
743
810
744
811
745
812
746
813
747
814
815
7192
749
816
750
817
751
818
752
819
753
820
754
821
755
822
756
823
757
824
758
825
759
826
760
827
761
828
762
829
763
830
764
831
765
832
766
833
767
834
768
835
769
836
770
837
771
838
772
839
773
840
774
841
775
842
776
843
777
844
778
845
779
846
780
847
781
848
782
849
783
850
784
851
785
852
786
853
787
854
788
855
789
856
790
857
791
858
792
859
793
860
794
861
795
862
796
863
797
864
798
865
799
866
800
867
801
868
802
869
803
870
804
871
805
872
806
873
807
874
808
875
809
876
810
877
811
878
812
879
813
880
814
881
815
882
883
7212
817
884
818
885
819
886
820
887
821
888
822
889
823
890
824
891
825
892
826
893
827
894
828
895
829
896
830
897
831
898
832
899
833
900
834
901
835
902
836
903
837
904
838
905
839
906
840
907
841
908
842
909
843
910
844
911
845
912
846
913
847
914
848
915
849
916
850
917
851
918
852
919
853
920
854
921
855
922
856
923
857
924
858
925
859
926
860
927
861
928
862
929
863
930
864
931
865
932
866
933
867
934
868
935
869
936
870
937
871
938
872
939
873
940
874
941
875
942
876
943
877
944
878
945
879
946
880
947
881
948
882
949
883
950
951
7232
885
952
886
953
887
954
888
955
889
956
890
957
891
958
892
959
893
960
894
961
895
962
896
963
897
964
898
965
899
966
900
967
901
968
902
969
903
970
904
971
905
972
906
973
907
974
908
975
909
976
910
977
911
978
912
979
913
980
914
981
915
982
916
983
917
984
918
985
919
986
920
987
921
988
922
989
923
990
924
991
925
992
926
993
927
994
928
995
929
996
930
997
931
998
932
999
933
1000
934
1001
935
1002
936
1003
937
1004
938
1005
939
1006
940
1007
941
1008
942
1009
943
1010
944
1011
945
1012
946
1013
947
1014
948
1015
949
1016
950
1017
951
1018
1019
7252
953
1020
954
1021
955
1022
956
1023
957
1024
958
1025
959
1026
960
1027
961
1028
962
1029
963
1030
964
1031
965
1032
966
1033
967
1034
968
1035
969
1036
970
1037
971
1038
972
1039
973
1040
974
1041
975
1042
976
1043
977
1044
978
1045
979
1046
980
1047
981
1048
982
1049
983
1050
984
1051
985
1052
986
1053
987
1054
988
1055
989
1056
990
1057
991
1058
992
1059
993
1060
994
1061
995
1062
996
1063
997
1064
998
1065
999
1066
1000
1067
1001
1068
1002
1069
1003
1070
1004
1071
1005
1072
1006
1073
1007
1074
1008
1075
1009
1076
1010
1077
1011
1078
1012
1079
1013
1080
1014
1081
1015
1082
1016
1083
1017
1084
1018
1085
1019
1086
1087
7272
1021
1088
1022
1089
1023
1090
1024
1091
1025
1092
1026
1093
1027
1094
1028
1095
1029
1096
1030
1097
1031
1098
1032
1099
1033
1100
1034
1101
1035
1102
1036
1103
1037
1104
1038
1105
1039
1106
1040
1107
1041
1108
1042
1109
1043
1110
1044
1111
1045
1112
1046
1113
1047
1114
1048
1115
1049
1116
1050
1117
1051
1118
1052
1119
1053
1120
1054
1121
1055
1122
1056
1123
1057
1124
1058
1125
1059
1126
1060
1127
1061
1128
1062
1129
1063
1130
1064
1131
1065
1132
1066
1133
1067
1134
1068
1135
1069
1136
1070
1137
1071
1138
1072
1139
1073
1140
1074
1141
1075
1142
1076
1143
1077
1144
1078
1145
1079
1146
1080
1147
1081
1148
1082
1149
1083
1150
1084
1151
1085
1152
1086
1153
1087
1154
1155
7292
1089
1156
1090
1157
1091
1158
1092
1159
1093
1160
1094
1161
1095
1162
1096
1163
1097
1164
1098
1165
1099
1166
1100
1167
1101
1168
1102
1169
1103
1170
1104
1171
1105
1172
1106
1173
1107
1174
1108
1175
1109
1176
1110
1177
1111
1178
1112
1179
1113
1180
1114
1181
1115
1182
1116
1183
1117
1184
1118
1185
1119
1186
1120
1187
1121
1188
1122
1189
1123
1190
1124
1191
1125
1192
1126
1193
1127
1194
1128
1195
1129
1196
1130
1197
1131
1198
1132
1199
1133
1200
1134
1201
1135
1202
1136
1203
1137
1204
1138
1205
1139
1206
1140
1207
1141
1208
1142
1209
1143
1210
1144
1211
1145
1212
1146
1213
1147
1214
1148
1215
1149
1216
1150
1217
1151
1218
1152
1219
1153
1220
1154
1221
1155
1222
1223
7312
1157
1224
1158
1225
1159
1226
1160
1227
1161
1228
1162
1229
1163
1230
1164
1231
1165
1232
1166
1233
1167
1234
1168
1235
1169
1236
1170
1237
1171
1238
1172
1239
1173
1240
1174
1241
1175
1242
1176
1243
1177
1244
1178
1245
1179
1246
1180
1247
1181
1248
1182
1249
1183
1250
1184
1251
1185
1252
1186
1253
1187
1254
1188
1255
1189
1256
1190
1257
1191
1258
1192
1259
1193
1260
1194
1261
1195
1262
1196
1263
1197
1264
1198
1265
1199
1266
1200
1267
1201
1268
1202
1269
1203
1270
1204
1271
1205
1272
1206
1273
1207
1274
1208
1275
1209
1276
1210
1277
1211
1278
1212
1279
1213
1280
1214
1281
1215
1282
1216
1283
1217
1284
1218
1285
1219
1286
1220
1287
1221
1288
1222
1289
1223
1290
1291
7332
1225
1292
1226
1293
1227
1294
1228
1295
1229
1296
1230
1297
1231
1298
1232
1299
1233
1300
1234
1301
1235
1302
1236
1303
1237
1304
1238
1305
1239
1306
1240
1307
1241
1308
1242
1309
1243
1310
1244
1311
1245
1312
1246
1313
1247
1314
1248
1315
1249
1316
1250
1317
1251
1318
1252
1319
1253
1320
1254
1321
1255
1322
1256
1323
1257
1324
1258
1325
1259
1326
1260
1327
1261
1328
1262
1329
1263
1330
1264
1331
1265
1332
1266
1333
1267
1334
1268
1335
1269
1336
1270
1337
1271
1338
1272
1339
1273
1340
1274
1341
1275
1342
1276
1343
1277
1344
1278
1345
1279
1346
1280
1347
1281
1348
1282
1349
1283
1350
1284
1351
1285
1352
1286
1353
1287
1354
1288
1355
1289
1356
1290
1357
1291
1358
1359
7352
1293
1360
1294
1361
1295
1362
1296
1363
1297
1364
1298
1365
1299
1366
1300
1367
1301
1368
1302
1369
1303
1370
1304
1371
1305
1372
1306
1373
1307
1374
1308
1375
1309
1376
1310
1377
1311
1378
1312
1379
1313
1380
1314
1381
1315
1382
1316
1383
1317
1384
1318
1385
1319
1386
1320
1387
1321
1388
1322
1389
1323
1390
1324
1391
1325
1392
1326
1393
1327
1394
1328
1395
1329
1396
1330
1397
1331
1398
1332
1399
1333
1400
1334
1401
1335
1402
1336
1403
1337
1404
1338
1405
1339
1406
1340
1407
1341
1408
1342
1409
1343
1410
1344
1411
1345
1412
1346
1413
1347
1414
1348
1415
1349
1416
1350
1417
1351
1418
1352
1419
1353
1420
1354
1421
1355
1422
1356
1423
1357
1424
1358
1425
1359
1426
1427
7372
1361
1428
1362
1429
1363
1430
1364
1431
1365
1432
1366
1433
1367
1434
1368
1435
1369
1436
1370
1437
1371
1438
1372
1439
1373
1440
1374
1441
1375
1442
1376
1443
1377
1444
1378
1445
1379
1446
1380
1447
1381
1448
1382
1449
1383
1450
1384
1451
1385
1452
1386
1453
1387
1454
1388
1455
1389
1456
1390
1457
1391
1458
1392
1459
1393
1460
1394
1461
1395
1462
1396
1463
1397
1464
1398
1465
1399
1466
1400
1467
1401
1468
1402
1469
1403
1470
1404
1471
1405
1472
1406
1473
1407
1474
1408
1475
1409
1476
1410
1477
1411
1478
1412
1479
1413
1480
1414
1481
1415
1482
1416
1483
1417
1484
1418
1485
1419
1486
1420
1487
1421
1488
1422
1489
1423
1490
1424
1491
1425
1492
1426
1493
1427
1494
1495
7392
1429
1496
1430
1497
1431
1498
1432
1499
1433
1500
1434
1501
1435
1502
1436
1503
1437
1504
1438
1505
1439
1506
1440
1507
1441
1508
1442
1509
1443
1510
1444
1511
1445
1512
1446
1513
1447
1514
1448
1515
1449
1516
1450
1517
1451
1518
1452
1519
1453
1520
1454
1521
1455
1522
1456
1523
1457
1524
1458
1525
1459
1526
1460
1527
1461
1528
1462
1529
1463
1530
1464
1531
1465
1532
1466
1533
1467
1534
1468
1535
1469
1536
1470
1537
1471
1538
1472
1539
1473
1540
1474
1541
1475
1542
1476
1543
1477
1544
1478
1545
1479
1546
1480
1547
1481
1548
1482
1549
1483
1550
1484
1551
1485
1552
1486
1553
1487
1554
1488
1555
1489
1556
1490
1557
1491
1558
1492
1559
1493
1560
1494
1561
1495
1562
1563
7412
1497
1564
1498
1565
1499
1566
1500
1567
1501
1568
1502
1569
1503
1570
1504
1571
1505
1572
1506
1573
1507
1574
1508
1575
1509
1576
1510
1577
1511
1578
1512
1579
1513
1580
1514
1581
1515
1582
1516
1583
1517
1584
1518
1585
1519
1586
1520
1587
1521
1588
1522
1589
1523
1590
1524
1591
1525
1592
1526
1593
1527
1594
1528
1595
1529
1596
1530
1597
1531
1598
1532
1599
1533
1600
1534
1601
1535
1602
1536
1603
1537
1604
1538
1605
1539
1606
1540
1607
1541
1608
1542
1609
1543
1610
1544
1611
1545
1612
1546
1613
1547
1614
1548
1615
1549
1616
1550
1617
1551
1618
1552
1619
1553
1620
1554
1621
1555
1622
1556
1623
1557
1624
1558
1625
1559
1626
1560
1627
1561
1628
1562
1629
1563
1630
1631
7432
1565
1632
1566
1633
1567
1634
1568
1635
1569
1636
1570
1637
1571
1638
1572
1639
1573
1640
1574
1641
1575
1642
1576
1643
1577
1644
1578
1645
1579
1646
1580
1647
1581
1648
1582
1649
1583
1650
1584
1651
1585
1652
1586
1653
1587
1654
1588
1655
1589
1656
1590
1657
1591
1658
1592
1659
1593
1660
1594
1661
1595
1662
1596
1663
1597
1664
1598
1665
1599
1666
1600
1667
1601
1668
1602
1669
1603
1670
1604
1671
1605
1672
1606
1673
1607
1674
1608
1675
1609
1676
1610
1677
1611
1678
1612
1679
1613
1680
1614
1681
1615
1682
1616
1683
1617
1684
1618
1685
1619
1686
1620
1687
1621
1688
1622
1689
1623
1690
1624
1691
1625
1692
1626
1693
1627
1694
1628
1695
1629
1696
1630
1697
1631
1698
1699
7452
1633
1700
1634
1701
1635
1702
1636
1703
1637
1704
1638
1705
1639
1706
1640
1707
1641
1708
1642
1709
1643
1710
1644
1711
1645
1712
1646
1713
1647
1714
1648
1715
1649
1716
1650
1717
1651
1718
1652
1719
1653
1720
1654
1721
1655
1722
1656
1723
1657
1724
1658
1725
1659
1726
1660
1727
1661
1728
1662
1729
1663
1730
1664
1731
1665
1732
1666
1733
1667
1734
1668
1735
1669
1736
1670
1737
1671
1738
1672
1739
1673
1740
1674
1741
1675
1742
1676
1743
1677
1744
1678
1745
1679
1746
1680
1747
1681
1748
1682
1749
1683
1750
1684
1751
1685
1752
1686
1753
1687
1754
1688
1755
1689
1756
1690
1757
1691
1758
1692
1759
1693
1760
1694
1761
1695
1762
1696
1763
1697
1764
1698
1765
1699
1766
1767
7472
1701
1768
1702
1769
1703
1770
1704
1771
1705
1772
1706
1773
1707
1774
1708
1775
1709
1776
1710
1777
1711
1778
1712
1779
1713
1780
1714
1781
1715
1782
1716
1783
1717
1784
1718
1785
1719
1786
1720
1787
1721
1788
1722
1789
1723
1790
1724
1791
1725
1792
1726
1793
1727
1794
1728
1795
1729
1796
1730
1797
1731
1798
1732
1799
1733
1800
1734
1801
1735
1802
1736
1803
1737
1804
1738
1805
1739
1806
1740
1807
1741
1808
1742
1809
1743
1810
1744
1811
1745
1812
1746
1813
1747
1814
1748
1815
1749
1816
1750
1817
1751
1818
1752
1819
1753
1820
1754
1821
1755
1822
1756
1823
1757
1824
1758
1825
1759
1826
1760
1827
1761
1828
1762
1829
1763
1830
1764
1831
1765
1832
1766
1833
1767
1834
1835
7492
1769
1836
1770
1837
1771
1838
1772
1839
1773
1840
1774
1841
1775
1842
1776
1843
1777
1844
1778
1845
1779
1846
1780
1847
1781
1848
1782
1849
1783
1850
1784
1851
1785
1852
1786
1853
1787
1854
1788
1855
1789
1856
1790
1857
1791
1858
1792
1859
1793
1860
1794
1861
1795
1862
1796
1863
1797
1864
1798
1865
1799
1866
1800
1867
1801
1868
1802
1869
1803
1870
1804
1871
1805
1872
1806
1873
1807
1874
1808
1875
1809
1876
1810
1877
1811
1878
1812
1879
1813
1880
1814
1881
1815
1882
1816
1883
1817
1884
1818
1885
1819
1886
1820
1887
1821
1888
1822
1889
1823
1890
1824
1891
1825
1892
1826
1893
1827
1894
1828
1895
1829
1896
1830
1897
1831
1898
1832
1899
1833
1900
1834
1901
1835
1902
1903
7512
1837
1904
1838
1905
1839
1906
1840
1907
1841
1908
1842
1909
1843
1910
1844
1911
1845
1912
1846
1913
1847
1914
1848
1915
1849
1916
1850
1917
1851
1918
1852
1919
1853
1920
1854
1921
1855
1922
1856
1923
1857
1924
1858
1925
1859
1926
1860
1927
1861
1928
1862
1929
1863
1930
1864
1931
1865
1932
1866
1933
1867
1934
1868
1935
1869
1936
1870
1937
1871
1938
1872
1939
1873
1940
1874
1941
1875
1942
1876
1943
1877
1944
1878
1945
1879
1946
1880
1947
1881
1948
1882
1949
1883
1950
1884
1951
1885
1952
1886
1953
1887
1954
1888
1955
1889
1956
1890
1957
1891
1958
1892
1959
1893
1960
1894
1961
1895
1962
1896
1963
1897
1964
1898
1965
1899
1966
1900
1967
1901
1968
1902
1969
1903
1970
1971
7532
1905
1972
1906
1973
1907
1974
1908
1975
1909
1976
1910
1977
1911
1978
1912
1979
1913
1980
1914
1981
1915
1982
1916
1983
1917
1984
1918
1985
1919
1986
1920
1987
1921
1988
1922
1989
1923
1990
1924
1991
1925
1992
1926
1993
1927
1994
1928
1995
1929
1996
1930
1997
1931
1998
1932
1999
1933
2000
1934
2001
1935
2002
1936
2003
1937
2004
1938
2005
1939
2006
1940
2007
1941
2008
1942
2009
1943
2010
1944
2011
1945
2012
1946
2013
1947
2014
1948
2015
1949
2016
1950
2017
1951
2018
1952
2019
1953
2020
1954
2021
1955
2022
1956
2023
1957
2024
1958
2025
1959
2026
1960
2027
1961
2028
1962
2029
1963
2030
1964
2031
1965
2032
1966
2033
1967
2034
1968
2035
1969
2036
1970
2037
1971
2038
2039
7552
1973
2040
1974
2041
1975
2042
1976
2043
1977
2044
1978
2045
1979
2046
1980
2047
1981
2048
1982
2049
1983
2050
1984
2051
1985
2052
1986
2053
1987
2054
1988
2055
1989
2056
1990
2057
1991
2058
1992
2059
1993
2060
1994
2061
1995
2062
1996
2063
1997
2064
1998
2065
1999
2066
2000
2067
2001
2068
2002
2069
2003
2070
2004
2071
2005
2072
2006
2073
2007
2074
2008
2075
2009
2076
2010
2077
2011
2078
2012
2079
2013
2080
2014
2081
2015
2082
2016
2083
2017
2084
2018
2085
2019
2086
2020
2087
2021
2088
2022
2089
2023
2090
2024
2091
2025
2092
2026
2093
2027
2094
2028
2095
2029
2096
2030
2097
2031
2098
2032
2099
2033
2100
2034
2101
2035
2102
2036
2103
2037
2104
2038
2105
2039
2106
2107
7572
2041
2108
2042
2109
2043
2110
2044
2111
2045
2112
2046
2113
2047
2114
2048
2115
2049
2116
2050
2117
2051
2118
2052
2119
2053
2120
2054
2121
2055
2122
2056
2123
2057
2124
2058
2125
2059
2126
2060
2127
2061
2128
2062
2129
2063
2130
2064
2131
2065
2132
2066
2133
2067
2134
2068
2135
2069
2136
2070
2137
2071
2138
2072
2139
2073
2140
2074
2141
2075
2142
2076
2143
2077
2144
2078
2145
2079
2146
2080
2147
2081
2148
2082
2149
2083
2150
2084
2151
2085
2152
2086
2153
2087
2154
2088
2155
2089
2156
2090
2157
2091
2158
2092
2159
2093
2160
2094
2161
2095
2162
2096
2163
2097
2164
2098
2165
2099
2166
2100
2167
2101
2168
2102
2169
2103
2170
2104
2171
2105
2172
2106
2173
2107
2174
2175
7592
2109
2176
2110
2177
2111
2178
2112
2179
2113
2180
2114
2181
2115
2182
2116
2183
2117
2184
2118
2185
2119
2186
2120
2187
2121
2188
2122
2189
2123
2190
2124
2191
2125
2192
2126
2193
2127
2194
2128
2195
2129
2196
2130
2197
2131
2198
2132
2199
2133
2200
2134
2201
2135
2202
2136
2203
2137
2204
2138
2205
2139
2206
2140
2207
2141
2208
2142
2209
2143
2210
2144
2211
2145
2212
2146
2213
2147
2214
2148
2215
2149
2216
2150
2217
2151
2218
2152
2219
2153
2220
2154
2221
2155
2222
2156
2223
2157
2224
2158
2225
2159
2226
2160
2227
2161
2228
2162
2229
2163
2230
2164
2231
2165
2232
2166
2233
2167
2234
2168
2235
2169
2236
2170
2237
2171
2238
2172
2239
2173
2240
2174
2241
2175
2242
2243
7612
2177
2244
2178
2245
2179
2246
2180
2247
2181
2248
2182
2249
2183
2250
2184
2251
2185
2252
2186
2253
2187
2254
2188
2255
2189
2256
2190
2257
2191
2258
2192
2259
2193
2260
2194
2261
2195
2262
2196
2263
2197
2264
2198
2265
2199
2266
2200
2267
2201
2268
2202
2269
2203
2270
2204
2271
2205
2272
2206
2273
2207
2274
2208
2275
2209
2276
2210
2277
2211
2278
2212
2279
2213
2280
2214
2281
2215
2282
2216
2283
2217
2284
2218
2285
2219
2286
2220
2287
2221
2288
2222
2289
2223
2290
2224
2291
2225
2292
2226
2293
2227
2294
2228
2295
2229
2296
2230
2297
2231
2298
2232
2299
2233
2300
2234
2301
2235
2302
2236
2303
2237
2304
2238
2305
2239
2306
2240
2307
2241
2308
2242
2309
2243
2310
2311
7632
2245
2312
2246
2313
2247
2314
2248
2315
2249
2316
2250
2317
2251
2318
2252
2319
2253
2320
2254
2321
2255
2322
2256
2323
2257
2324
2258
2325
2259
2326
2260
2327
2261
2328
2262
2329
2263
2330
2264
2331
2265
2332
2266
2333
2267
2334
2268
2335
2269
2336
2270
2337
2271
2338
2272
2339
2273
2340
2274
2341
2275
2342
2276
2343
2277
2344
2278
2345
2279
2346
2280
2347
2281
2348
2282
2349
2283
2350
2284
2351
2285
2352
2286
2353
2287
2354
2288
2355
2289
2356
2290
2357
2291
2358
2292
2359
2293
2360
2294
2361
2295
2362
2296
2363
2297
2364
2298
2365
2299
2366
2300
2367
2301
2368
2302
2369
2303
2370
2304
2371
2305
2372
2306
2373
2307
2374
2308
2375
2309
2376
2310
2377
2311
2378
2379
7652
2313
2380
2314
2381
2315
2382
2316
2383
2317
2384
2318
2385
2319
2386
2320
2387
2321
2388
2322
2389
2323
2390
2324
2391
2325
2392
2326
2393
2327
2394
2328
2395
2329
2396
2330
2397
2331
2398
2332
2399
2333
2400
2334
2401
2335
2402
2336
2403
2337
2404
2338
2405
2339
2406
2340
2407
2341
2408
2342
2409
2343
2410
2344
2411
2345
2412
2346
2413
2347
2414
2348
2415
2349
2416
2350
2417
2351
2418
2352
2419
2353
2420
2354
2421
2355
2422
2356
2423
2357
2424
2358
2425
2359
2426
2360
2427
2361
2428
2362
2429
2363
2430
2364
2431
2365
2432
2366
2433
2367
2434
2368
2435
2369
2436
2370
2437
2371
2438
2372
2439
2373
2440
2374
2441
2375
2442
2376
2443
2377
2444
2378
2445
2379
2446
2447
7672
2381
2448
2382
2449
2383
2450
2384
2451
2385
2452
2386
2453
2387
2454
2388
2455
2389
2456
2390
2457
2391
2458
2392
2459
2393
2460
2394
2461
2395
2462
2396
2463
2397
2464
2398
2465
2399
2466
2400
2467
2401
2468
2402
2469
2403
2470
2404
2471
2405
2472
2406
2473
2407
2474
2408
2475
2409
2476
2410
2477
2411
2478
2412
2479
2413
2480
2414
2481
2415
2482
2416
2483
2417
2484
2418
2485
2419
2486
2420
2487
2421
2488
2422
2489
2423
2490
2424
2491
2425
2492
2426
2493
2427
2494
2428
2495
2429
2496
2430
2497
2431
2498
2432
2499
2433
2500
2434
2501
2435
2502
2436
2503
2437
2504
2438
2505
2439
2506
2440
2507
2441
2508
2442
2509
2443
2510
2444
2511
2445
2512
2446
2513
2447
2514
2515
7692
2449
2516
2450
2517
2451
2518
2452
2519
2453
2520
2454
2521
2455
2522
2456
2523
2457
2524
2458
2525
2459
2526
2460
2527
2461
2528
2462
2529
2463
2530
2464
2531
2465
2532
2466
2533
2467
2534
2468
2535
2469
2536
2470
2537
2471
2538
2472
2539
2473
2540
2474
2541
2475
2542
2476
2543
2477
2544
2478
2545
2479
2546
2480
2547
2481
2548
2482
2549
2483
2550
2484
2551
2485
2552
2486
2553
2487
2554
2488
2555
2489
2556
2490
2557
2491
2558
2492
2559
2493
2560
2494
2561
2495
2562
2496
2563
2497
2564
2498
2565
2499
2566
2500
2567
2501
2568
2502
2569
2503
2570
2504
2571
2505
2572
2506
2573
2507
2574
2508
2575
2509
2576
2510
2577
2511
2578
2512
2579
2513
2580
2514
2581
2515
2582
2583
7712
2517
2584
2518
2585
2519
2586
2520
2587
2521
2588
2522
2589
2523
2590
2524
2591
2525
2592
2526
2593
2527
2594
2528
2595
2529
2596
2530
2597
2531
2598
2532
2599
2533
2600
2534
2601
2535
2602
2536
2603
2537
2604
2538
2605
2539
2606
2540
2607
2541
2608
2542
2609
2543
2610
2544
2611
2545
2612
2546
2613
2547
2614
2548
2615
2549
2616
2550
2617
2551
2618
2552
2619
2553
2620
2554
2621
2555
2622
2556
2623
2557
2624
2558
2625
2559
2626
2560
2627
2561
2628
2562
2629
2563
2630
2564
2631
2565
2632
2566
2633
2567
2634
2568
2635
2569
2636
2570
2637
2571
2638
2572
2639
2573
2640
2574
2641
2575
2642
2576
2643
2577
2644
2578
2645
2579
2646
2580
2647
2581
2648
2582
2649
2583
2650
2651
7732
2585
2652
2586
2653
2587
2654
2588
2655
2589
2656
2590
2657
2591
2658
2592
2659
2593
2660
2594
2661
2595
2662
2596
2663
2597
2664
2598
2665
2599
2666
2600
2667
2601
2668
2602
2669
2603
2670
2604
2671
2605
2672
2606
2673
2607
2674
2608
2675
2609
2676
2610
2677
2611
2678
2612
2679
2613
2680
2614
2681
2615
2682
2616
2683
2617
2684
2618
2685
2619
2686
2620
2687
2621
2688
2622
2689
2623
2690
2624
2691
2625
2692
2626
2693
2627
2694
2628
2695
2629
2696
2630
2697
2631
2698
2632
2699
2633
2700
2634
2701
2635
2702
2636
2703
2637
2704
2638
2705
2639
2706
2640
2707
2641
2708
2642
2709
2643
2710
2644
2711
2645
2712
2646
2713
2647
2714
2648
2715
2649
2716
2650
2717
2651
2718
2719
7752
2653
2720
2654
2721
2655
2722
2656
2723
2657
2724
2658
2725
2659
2726
2660
2727
2661
2728
2662
2729
2663
2730
2664
2731
2665
2732
2666
2733
2667
2734
2668
2735
2669
2736
2670
2737
2671
2738
2672
2739
2673
2740
2674
2741
2675
2742
2676
2743
2677
2744
2678
2745
2679
2746
2680
2747
2681
2748
2682
2749
2683
2750
2684
2751
2685
2752
2686
2753
2687
2754
2688
2755
2689
2756
2690
2757
2691
2758
2692
2759
2693
2760
2694
2761
2695
2762
2696
2763
2697
2764
2698
2765
2699
2766
2700
2767
2701
2768
2702
2769
2703
2770
2704
2771
2705
2772
2706
2773
2707
2774
2708
2775
2709
2776
2710
2777
2711
2778
2712
2779
2713
2780
2714
2781
2715
2782
2716
2783
2717
2784
2718
2785
2719
2786
2787
7772
2721
2788
2722
2789
2723
2790
2724
2791
2725
2792
2726
2793
2727
2794
2728
2795
2729
2796
2730
2797
2731
2798
2732
2799
2733
2800
2734
2801
2735
2802
2736
2803
2737
2804
2738
2805
2739
2806
2740
2807
2741
2808
2742
2809
2743
2810
2744
2811
2745
2812
2746
2813
2747
2814
2748
2815
2749
2816
2750
2817
2751
2818
2752
2819
2753
2820
2754
2821
2755
2822
2756
2823
2757
2824
2758
2825
2759
2826
2760
2827
2761
2828
2762
2829
2763
2830
2764
2831
2765
2832
2766
2833
2767
2834
2768
2835
2769
2836
2770
2837
2771
2838
2772
2839
2773
2840
2774
2841
2775
2842
2776
2843
2777
2844
2778
2845
2779
2846
2780
2847
2781
2848
2782
2849
2783
2850
2784
2851
2785
2852
2786
2853
2787
2854
2855
7792
2789
2856
2790
2857
2791
2858
2792
2859
2793
2860
2794
2861
2795
2862
2796
2863
2797
2864
2798
2865
2799
2866
2800
2867
2801
2868
2802
2869
2803
2870
2804
2871
2805
2872
2806
2873
2807
2874
2808
2875
2809
2876
2810
2877
2811
2878
2812
2879
2813
2880
2814
2881
2815
2882
2816
2883
2817
2884
2818
2885
2819
2886
2820
2887
2821
2888
2822
2889
2823
2890
2824
2891
2825
2892
2826
2893
2827
2894
2828
2895
2829
2896
2830
2897
2831
2898
2832
2899
2833
2900
2834
2901
2835
2902
2836
2903
2837
2904
2838
2905
2839
2906
2840
2907
2841
2908
2842
2909
2843
2910
2844
2911
2845
2912
2846
2913
2847
2914
2848
2915
2849
2916
2850
2917
2851
2918
2852
2919
2853
2920
2854
2921
2855
2922
2923
7812
2857
2924
2858
2925
2859
2926
2860
2927
2861
2928
2862
2929
2863
2930
2864
2931
2865
2932
2866
2933
2867
2934
2868
2935
2869
2936
2870
2937
2871
2938
2872
2939
2873
2940
2874
2941
2875
2942
2876
2943
2877
2944
2878
2945
2879
2946
2880
2947
2881
2948
2882
2949
2883
2950
2884
2951
2885
2952
2886
2953
2887
2954
2888
2955
2889
2956
2890
2957
2891
2958
2892
2959
2893
2960
2894
2961
2895
2962
2896
2963
2897
2964
2898
2965
2899
2966
2900
2967
2901
2968
2902
2969
2903
2970
2904
2971
2905
2972
2906
2973
2907
2974
2908
2975
2909
2976
2910
2977
2911
2978
2912
2979
2913
2980
2914
2981
2915
2982
2916
2983
2917
2984
2918
2985
2919
2986
2920
2987
2921
2988
2922
2989
2923
2990
2991
7832
2925
2992
2926
2993
2927
2994
2928
2995
2929
2996
2930
2997
2931
2998
2932
2999
2933
3000
2934
3001
2935
3002
2936
3003
2937
3004
2938
3005
2939
3006
2940
3007
2941
3008
2942
3009
2943
3010
2944
3011
2945
3012
2946
3013
2947
3014
2948
3015
2949
3016
2950
3017
2951
3018
2952
3019
2953
3020
2954
3021
2955
3022
2956
3023
2957
3024
2958
3025
2959
3026
2960
3027
2961
3028
2962
3029
2963
3030
2964
3031
2965
3032
2966
3033
2967
3034
2968
3035
2969
3036
2970
3037
2971
3038
2972
3039
2973
3040
2974
3041
2975
3042
2976
3043
2977
3044
2978
3045
2979
3046
2980
3047
2981
3048
2982
3049
2983
3050
2984
3051
2985
3052
2986
3053
2987
3054
2988
3055
2989
3056
2990
3057
2991
3058
3059
7852
2993
3060
2994
3061
2995
3062
2996
3063
2997
3064
2998
3065
2999
3066
3000
3067
3001
3068
3002
3069
3003
3070
3004
3071
3005
3072
3006
3073
3007
3074
3008
3075
3009
3076
3010
3077
3011
3078
3012
3079
3013
3080
3014
3081
3015
3082
3016
3083
3017
3084
3018
3085
3019
3086
3020
3087
3021
3088
3022
3089
3023
3090
3024
3091
3025
3092
3026
3093
3027
3094
3028
3095
3029
3096
3030
3097
3031
3098
3032
3099
3033
3100
3034
3101
3035
3102
3036
3103
3037
3104
3038
3105
3039
3106
3040
3107
3041
3108
3042
3109
3043
3110
3044
3111
3045
3112
3046
3113
3047
3114
3048
3115
3049
3116
3050
3117
3051
3118
3052
3119
3053
3120
3054
3121
3055
3122
3056
3123
3057
3124
3058
3125
3059
3126
3127
7872
3061
3128
3062
3129
3063
3130
3064
3131
3065
3132
3066
3133
3067
3134
3068
3135
3069
3136
3070
3137
3071
3138
3072
3139
3073
3140
3074
3141
3075
3142
3076
3143
3077
3144
3078
3145
3079
3146
3080
3147
3081
3148
3082
3149
3083
3150
3084
3151
3085
3152
3086
3153
3087
3154
3088
3155
3089
3156
3090
3157
3091
3158
3092
3159
3093
3160
3094
3161
3095
3162
3096
3163
3097
3164
3098
3165
3099
3166
3100
3167
3101
3168
3102
3169
3103
3170
3104
3171
3105
3172
3106
3173
3107
3174
3108
3175
3109
3176
3110
3177
3111
3178
3112
3179
3113
3180
3114
3181
3115
3182
3116
3183
3117
3184
3118
3185
3119
3186
3120
3187
3121
3188
3122
3189
3123
3190
3124
3191
3125
3192
3126
3193
3127
3194
3195
7892
3129
3196
3130
3197
3131
3198
3132
3199
3133
3200
3134
3201
3135
3202
3136
3203
3137
3204
3138
3205
3139
3206
3140
3207
3141
3208
3142
3209
3143
3210
3144
3211
3145
3212
3146
3213
3147
3214
3148
3215
3149
3216
3150
3217
3151
3218
3152
3219
3153
3220
3154
3221
3155
3222
3156
3223
3157
3224
3158
3225
3159
3226
3160
3227
3161
3228
3162
3229
3163
3230
3164
3231
3165
3232
3166
3233
3167
3234
3168
3235
3169
3236
3170
3237
3171
3238
3172
3239
3173
3240
3174
3241
3175
3242
3176
3243
3177
3244
3178
3245
3179
3246
3180
3247
3181
3248
3182
3249
3183
3250
3184
3251
3185
3252
3186
3253
3187
3254
3188
3255
3189
3256
3190
3257
3191
3258
3192
3259
3193
3260
3194
3261
3195
3262
3263
7912
3197
3264
3198
3265
3199
3266
3200
3267
3201
3268
3202
3269
3203
3270
3204
3271
3205
3272
3206
3273
3207
3274
3208
3275
3209
3276
3210
3277
3211
3278
3212
3279
3213
3280
3214
3281
3215
3282
3216
3283
3217
3284
3218
3285
3219
3286
3220
3287
3221
3288
3222
3289
3223
3290
3224
3291
3225
3292
3226
3293
3227
3294
3228
3295
3229
3296
3230
3297
3231
3298
3232
3299
3233
3300
3234
3301
3235
3302
3236
3303
3237
3304
3238
3305
3239
3306
3240
3307
3241
3308
3242
3309
3243
3310
3244
3311
3245
3312
3246
3313
3247
3314
3248
3315
3249
3316
3250
3317
3251
3318
3252
3319
3253
3320
3254
3321
3255
3322
3256
3323
3257
3324
3258
3325
3259
3326
3260
3327
3261
3328
3262
3329
3263
3330
3331
7932
3265
3332
3266
3333
3267
3334
3268
3335
3269
3336
3270
3337
3271
3338
3272
3339
3273
3340
3274
3341
3275
3342
3276
3343
3277
3344
3278
3345
3279
3346
3280
3347
3281
3348
3282
3349
3283
3350
3284
3351
3285
3352
3286
3353
3287
3354
3288
3355
3289
3356
3290
3357
3291
3358
3292
3359
3293
3360
3294
3361
3295
3362
3296
3363
3297
3364
3298
3365
3299
3366
3300
3367
3301
3368
3302
3369
3303
3370
3304
3371
3305
3372
3306
3373
3307
3374
3308
3375
3309
3376
3310
3377
3311
3378
3312
3379
3313
3380
3314
3381
3315
3382
3316
3383
3317
3384
3318
3385
3319
3386
3320
3387
3321
3388
3322
3389
3323
3390
3324
3391
3325
3392
3326
3393
3327
3394
3328
3395
3329
3396
3330
3397
3331
3398
3399
7952
3333
3400
3334
3401
3335
3402
3336
3403
3337
3404
3338
3405
3339
3406
3340
3407
3341
3408
3342
3409
3343
3410
3344
3411
3345
3412
3346
3413
3347
3414
3348
3415
3349
3416
3350
3417
3351
3418
3352
3419
3353
3420
3354
3421
3355
3422
3356
3423
3357
3424
3358
3425
3359
3426
3360
3427
3361
3428
3362
3429
3363
3430
3364
3431
3365
3432
3366
3433
3367
3434
3368
3435
3369
3436
3370
3437
3371
3438
3372
3439
3373
3440
3374
3441
3375
3442
3376
3443
3377
3444
3378
3445
3379
3446
3380
3447
3381
3448
3382
3449
3383
3450
3384
3451
3385
3452
3386
3453
3387
3454
3388
3455
3389
3456
3390
3457
3391
3458
3392
3459
3393
3460
3394
3461
3395
3462
3396
3463
3397
3464
3398
3465
3399
3466
3467
7972
3401
3468
3402
3469
3403
3470
3404
3471
3405
3472
3406
3473
3407
3474
3408
3475
3409
3476
3410
3477
3411
3478
3412
3479
3413
3480
3414
3481
3415
3482
3416
3483
3417
3484
3418
3485
3419
3486
3420
3487
3421
3488
3422
3489
3423
3490
3424
3491
3425
3492
3426
3493
3427
3494
3428
3495
3429
3496
3430
3497
3431
3498
3432
3499
3433
3500
3434
3501
3435
3502
3436
3503
3437
3504
3438
3505
3439
3506
3440
3507
3441
3508
3442
3509
3443
3510
3444
3511
3445
3512
3446
3513
3447
3514
3448
3515
3449
3516
3450
3517
3451
3518
3452
3519
3453
3520
3454
3521
3455
3522
3456
3523
3457
3524
3458
3525
3459
3526
3460
3527
3461
3528
3462
3529
3463
3530
3464
3531
3465
3532
3466
3533
3467
3534
3535
7992
3469
3536
3470
3537
3471
3538
3472
3539
3473
3540
3474
3541
3475
3542
3476
3543
3477
3544
3478
3545
3479
3546
3480
3547
3481
3548
3482
3549
3483
3550
3484
3551
3485
3552
3486
3553
3487
3554
3488
3555
3489
3556
3490
3557
3491
3558
3492
3559
3493
3560
3494
3561
3495
3562
3496
3563
3497
3564
3498
3565
3499
3566
3500
3567
3501
3568
3502
3569
3503
3570
3504
3571
3505
3572
3506
3573
3507
3574
3508
3575
3509
3576
3510
3577
3511
3578
3512
3579
3513
3580
3514
3581
3515
3582
3516
3583
3517
3584
3518
3585
3519
3586
3520
3587
3521
3588
3522
3589
3523
3590
3524
3591
3525
3592
3526
3593
3527
3594
3528
3595
3529
3596
3530
3597
3531
3598
3532
3599
3533
3600
3534
3601
3535
3602
3603
8012
3537
3604
3538
3605
3539
3606
3540
3607
3541
3608
3542
3609
3543
3610
3544
3611
3545
3612
3546
3613
3547
3614
3548
3615
3549
3616
3550
3617
3551
3618
3552
3619
3553
3620
3554
3621
3555
3622
3556
3623
3557
3624
3558
3625
3559
3626
3560
3627
3561
3628
3562
3629
3563
3630
3564
3631
3565
3632
3566
3633
3567
3634
3568
3635
3569
3636
3570
3637
3571
3638
3572
3639
3573
3640
3574
3641
3575
3642
3576
3643
3577
3644
3578
3645
3579
3646
3580
3647
3581
3648
3582
3649
3583
3650
3584
3651
3585
3652
3586
3653
3587
3654
3588
3655
3589
3656
3590
3657
3591
3658
3592
3659
3593
3660
3594
3661
3595
3662
3596
3663
3597
3664
3598
3665
3599
3666
3600
3667
3601
3668
3602
3669
3603
3670
3671
8032
3605
3672
3606
3673
3607
3674
3608
3675
3609
3676
3610
3677
3611
3678
3612
3679
3613
3680
3614
3681
3615
3682
3616
3683
3617
3684
3618
3685
3619
3686
3620
3687
3621
3688
3622
3689
3623
3690
3624
3691
3625
3692
3626
3693
3627
3694
3628
3695
3629
3696
3630
3697
3631
3698
3632
3699
3633
3700
3634
3701
3635
3702
3636
3703
3637
3704
3638
3705
3639
3706
3640
3707
3641
3708
3642
3709
3643
3710
3644
3711
3645
3712
3646
3713
3647
3714
3648
3715
3649
3716
3650
3717
3651
3718
3652
3719
3653
3720
3654
3721
3655
3722
3656
3723
3657
3724
3658
3725
3659
3726
3660
3727
3661
3728
3662
3729
3663
3730
3664
3731
3665
3732
3666
3733
3667
3734
3668
3735
3669
3736
3670
3737
3671
3738
3739
8052
3673
3740
3674
3741
3675
3742
3676
3743
3677
3744
3678
3745
3679
3746
3680
3747
3681
3748
3682
3749
3683
3750
3684
3751
3685
3752
3686
3753
3687
3754
3688
3755
3689
3756
3690
3757
3691
3758
3692
3759
3693
3760
3694
3761
3695
3762
3696
3763
3697
3764
3698
3765
3699
3766
3700
3767
3701
3768
3702
3769
3703
3770
3704
3771
3705
3772
3706
3773
3707
3774
3708
3775
3709
3776
3710
3777
3711
3778
3712
3779
3713
3780
3714
3781
3715
3782
3716
3783
3717
3784
3718
3785
3719
3786
3720
3787
3721
3788
3722
3789
3723
3790
3724
3791
3725
3792
3726
3793
3727
3794
3728
3795
3729
3796
3730
3797
3731
3798
3732
3799
3733
3800
3734
3801
3735
3802
3736
3803
3737
3804
3738
3805
3739
3806
3807
8072
3741
3808
3742
3809
3743
3810
3744
3811
3745
3812
3746
3813
3747
3814
3748
3815
3749
3816
3750
3817
3751
3818
3752
3819
3753
3820
3754
3821
3755
3822
3756
3823
3757
3824
3758
3825
3759
3826
3760
3827
3761
3828
3762
3829
3763
3830
3764
3831
3765
3832
3766
3833
3767
3834
3768
3835
3769
3836
3770
3837
3771
3838
3772
3839
3773
3840
3774
3841
3775
3842
3776
3843
3777
3844
3778
3845
3779
3846
3780
3847
3781
3848
3782
3849
3783
3850
3784
3851
3785
3852
3786
3853
3787
3854
3788
3855
3789
3856
3790
3857
3791
3858
3792
3859
3793
3860
3794
3861
3795
3862
3796
3863
3797
3864
3798
3865
3799
3866
3800
3867
3801
3868
3802
3869
3803
3870
3804
3871
3805
3872
3806
3873
3807
3874
3875
8092
3809
3876
3810
3877
3811
3878
3812
3879
3813
3880
3814
3881
3815
3882
3816
3883
3817
3884
3818
3885
3819
3886
3820
3887
3821
3888
3822
3889
3823
3890
3824
3891
3825
3892
3826
3893
3827
3894
3828
3895
3829
3896
3830
3897
3831
3898
3832
3899
3833
3900
3834
3901
3835
3902
3836
3903
3837
3904
3838
3905
3839
3906
3840
3907
3841
3908
3842
3909
3843
3910
3844
3911
3845
3912
3846
3913
3847
3914
3848
3915
3849
3916
3850
3917
3851
3918
3852
3919
3853
3920
3854
3921
3855
3922
3856
3923
3857
3924
3858
3925
3859
3926
3860
3927
3861
3928
3862
3929
3863
3930
3864
3931
3865
3932
3866
3933
3867
3934
3868
3935
3869
3936
3870
3937
3871
3938
3872
3939
3873
3940
3874
3941
3875
3942
3943
8112
3877
3944
3878
3945
3879
3946
3880
3947
3881
3948
3882
3949
3883
3950
3884
3951
3885
3952
3886
3953
3887
3954
3888
3955
3889
3956
3890
3957
3891
3958
3892
3959
3893
3960
3894
3961
3895
3962
3896
3963
3897
3964
3898
3965
3899
3966
3900
3967
3901
3968
3902
3969
3903
3970
3904
3971
3905
3972
3906
3973
3907
3974
3908
3975
3909
3976
3910
3977
3911
3978
3912
3979
3913
3980
3914
3981
3915
3982
3916
3983
3917
3984
3918
3985
3919
3986
3920
3987
3921
3988
3922
3989
3923
3990
3924
3991
3925
3992
3926
3993
3927
3994
3928
3995
3929
3996
3930
3997
3931
3998
3932
3999
3933
4000
3934
4001
3935
4002
3936
4003
3937
4004
3938
4005
3939
4006
3940
4007
3941
4008
3942
4009
3943
4010
4011
8132
3945
4012
3946
4013
3947
4014
3948
4015
3949
4016
3950
4017
3951
4018
3952
4019
3953
4020
3954
4021
3955
4022
3956
4023
3957
4024
3958
4025
3959
4026
3960
4027
3961
4028
3962
4029
3963
4030
3964
4031
3965
4032
3966
4033
3967
4034
3968
4035
3969
4036
3970
4037
3971
4038
3972
4039
3973
4040
3974
4041
3975
4042
3976
4043
3977
4044
3978
4045
3979
4046
3980
4047
3981
4048
3982
4049
3983
4050
3984
4051
3985
4052
3986
4053
3987
4054
3988
4055
3989
4056
3990
4057
3991
4058
3992
4059
3993
4060
3994
4061
3995
4062
3996
4063
3997
4064
3998
4065
3999
4066
4000
4067
4001
4068
4002
4069
4003
4070
4004
4071
4005
4072
4006
4073
4007
4074
4008
4075
4009
4076
4010
4077
4011
4078
4079
8152
4013
4080
4014
4081
4015
4082
4016
4083
4017
4084
4018
4085
4019
4086
4020
4087
4021
4088
4022
4089
4023
4090
4024
4091
4025
4092
4026
4093
4027
4094
4028
4095
4029
4096
4030
4097
4031
4098
4032
4099
4033
4100
4034
4101
4035
4102
4036
4103
4037
4104
4038
4105
4039
4106
4040
4107
4041
4108
4042
4109
4043
4110
4044
4111
4045
4112
4046
4113
4047
4114
4048
4115
4049
4116
4050
4117
4051
4118
4052
4119
4053
4120
4054
4121
4055
4122
4056
4123
4057
4124
4058
4125
4059
4126
4060
4127
4061
4128
4062
4129
4063
4130
4064
4131
4065
4132
4066
4133
4067
4134
4068
4135
4069
4136
4070
4137
4071
4138
4072
4139
4073
4140
4074
4141
4075
4142
4076
4143
4077
4144
4078
4145
4079
4146
4147
8172
4081
4148
4082
4149
4083
4150
4084
4151
4085
4152
4086
4153
4087
4154
4088
4155
4089
4156
4090
4157
4091
4158
4092
4159
4093
4160
4094
4161
4095
4162
4096
4163
4097
4164
4098
4165
4099
4166
4100
4167
4101
4168
4102
4169
4103
4170
4104
4171
4105
4172
4106
4173
4107
4174
4108
4175
4109
4176
4110
4177
4111
4178
4112
4179
4113
4180
4114
4181
4115
4182
4116
4183
4117
4184
4118
4185
4119
4186
4120
4187
4121
4188
4122
4189
4123
4190
4124
4191
4125
4192
4126
4193
4127
4194
4128
4195
4129
4196
4130
4197
4131
4198
4132
4199
4133
4200
4134
4201
4135
4202
4136
4203
4137
4204
4138
4205
4139
4206
4140
4207
4141
4208
4142
4209
4143
4210
4144
4211
4145
4212
4146
4213
4147
4214
4215
8192
4149
4216
4150
4217
4151
4218
4152
4219
4153
4220
4154
4221
4155
4222
4156
4223
4157
4224
4158
4225
4159
4226
4160
4227
4161
4228
4162
4229
4163
4230
4164
4231
4165
4232
4166
4233
4167
4234
4168
4235
4169
4236
4170
4237
4171
4238
4172
4239
4173
4240
4174
4241
4175
4242
4176
4243
4177
4244
4178
4245
4179
4246
4180
4247
4181
4248
4182
4249
4183
4250
4184
4251
4185
4252
4186
4253
4187
4254
4188
4255
4189
4256
4190
4257
4191
4258
4192
4259
4193
4260
4194
4261
4195
4262
4196
4263
4197
4264
4198
4265
4199
4266
4200
4267
4201
4268
4202
4269
4203
4270
4204
4271
4205
4272
4206
4273
4207
4274
4208
4275
4209
4276
4210
4277
4211
4278
4212
4279
4213
4280
4214
4281
4215
4282
4283
8212
4217
4284
4218
4285
4219
4286
4220
4287
4221
4288
4222
4289
4223
4290
4224
4291
4225
4292
4226
4293
4227
4294
4228
4295
4229
4296
4230
4297
4231
4298
4232
4299
4233
4300
4234
4301
4235
4302
4236
4303
4237
4304
4238
4305
4239
4306
4240
4307
4241
4308
4242
4309
4243
4310
4244
4311
4245
4312
4246
4313
4247
4314
4248
4315
4249
4316
4250
4317
4251
4318
4252
4319
4253
4320
4254
4321
4255
4322
4256
4323
4257
4324
4258
4325
4259
4326
4260
4327
4261
4328
4262
4329
4263
4330
4264
4331
4265
4332
4266
4333
4267
4334
4268
4335
4269
4336
4270
4337
4271
4338
4272
4339
4273
4340
4274
4341
4275
4342
4276
4343
4277
4344
4278
4345
4279
4346
4280
4347
4281
4348
4282
4349
4283
4350
4351
8232
4285
4352
4286
4353
4287
4354
4288
4355
4289
4356
4290
4357
4291
4358
4292
4359
4293
4360
4294
4361
4295
4362
4296
4363
4297
4364
4298
4365
4299
4366
4300
4367
4301
4368
4302
4369
4303
4370
4304
4371
4305
4372
4306
4373
4307
4374
4308
4375
4309
4376
4310
4377
4311
4378
4312
4379
4313
4380
4314
4381
4315
4382
4316
4383
4317
4384
4318
4385
4319
4386
4320
4387
4321
4388
4322
4389
4323
4390
4324
4391
4325
4392
4326
4393
4327
4394
4328
4395
4329
4396
4330
4397
4331
4398
4332
4399
4333
4400
4334
4401
4335
4402
4336
4403
4337
4404
4338
4405
4339
4406
4340
4407
4341
4408
4342
4409
4343
4410
4344
4411
4345
4412
4346
4413
4347
4414
4348
4415
4349
4416
4350
4417
4351
4418
4419
8252
4353
4420
4354
4421
4355
4422
4356
4423
4357
4424
4358
4425
4359
4426
4360
4427
4361
4428
4362
4429
4363
4430
4364
4431
4365
4432
4366
4433
4367
4434
4368
4435
4369
4436
4370
4437
4371
4438
4372
4439
4373
4440
4374
4441
4375
4442
4376
4443
4377
4444
4378
4445
4379
4446
4380
4447
4381
4448
4382
4449
4383
4450
4384
4451
4385
4452
4386
4453
4387
4454
4388
4455
4389
4456
4390
4457
4391
4458
4392
4459
4393
4460
4394
4461
4395
4462
4396
4463
4397
4464
4398
4465
4399
4466
4400
4467
4401
4468
4402
4469
4403
4470
4404
4471
4405
4472
4406
4473
4407
4474
4408
4475
4409
4476
4410
4477
4411
4478
4412
4479
4413
4480
4414
4481
4415
4482
4416
4483
4417
4484
4418
4485
4419
4486
4487
8272
4421
4488
4422
4489
4423
4490
4424
4491
4425
4492
4426
4493
4427
4494
4428
4495
4429
4496
4430
4497
4431
4498
4432
4499
4433
4500
4434
4501
4435
4502
4436
4503
4437
4504
4438
4505
4439
4506
4440
4507
4441
4508
4442
4509
4443
4510
4444
4511
4445
4512
4446
4513
4447
4514
4448
4515
4449
4516
4450
4517
4451
4518
4452
4519
4453
4520
4454
4521
4455
4522
4456
4523
4457
4524
4458
4525
4459
4526
4460
4527
4461
4528
4462
4529
4463
4530
4464
4531
4465
4532
4466
4533
4467
4534
4468
4535
4469
4536
4470
4537
4471
4538
4472
4539
4473
4540
4474
4541
4475
4542
4476
4543
4477
4544
4478
4545
4479
4546
4480
4547
4481
4548
4482
4549
4483
4550
4484
4551
4485
4552
4486
4553
4487
4554
4555
8292
4489
4556
4490
4557
4491
4558
4492
4559
4493
4560
4494
4561
4495
4562
4496
4563
4497
4564
4498
4565
4499
4566
4500
4567
4501
4568
4502
4569
4503
4570
4504
4571
4505
4572
4506
4573
4507
4574
4508
4575
4509
4576
4510
4577
4511
4578
4512
4579
4513
4580
4514
4581
4515
4582
4516
4583
4517
4584
4518
4585
4519
4586
4520
4587
4521
4588
4522
4589
4523
4590
4524
4591
4525
4592
4526
4593
4527
4594
4528
4595
4529
4596
4530
4597
4531
4598
4532
4599
4533
4600
4534
4601
4535
4602
4536
4603
4537
4604
4538
4605
4539
4606
4540
4607
4541
4608
4542
4609
4543
4610
4544
4611
4545
4612
4546
4613
4547
4614
4548
4615
4549
4616
4550
4617
4551
4618
4552
4619
4553
4620
4554
4621
4555
4622
4623
8312
4557
4624
4558
4625
4559
4626
4560
4627
4561
4628
4562
4629
4563
4630
4564
4631
4565
4632
4566
4633
4567
4634
4568
4635
4569
4636
4570
4637
4571
4638
4572
4639
4573
4640
4574
4641
4575
4642
4576
4643
4577
4644
4578
4645
4579
4646
4580
4647
4581
4648
4582
4649
4583
4650
4584
4651
4585
4652
4586
4653
4587
4654
4588
4655
4589
4656
4590
4657
4591
4658
4592
4659
4593
4660
4594
4661
4595
4662
4596
4663
4597
4664
4598
4665
4599
4666
4600
4667
4601
4668
4602
4669
4603
4670
4604
4671
4605
4672
4606
4673
4607
4674
4608
4675
4609
4676
4610
4677
4611
4678
4612
4679
4613
4680
4614
4681
4615
4682
4616
4683
4617
4684
4618
4685
4619
4686
4620
4687
4621
4688
4622
4689
4623
4690
4691
8332
4625
4692
4626
4693
4627
4694
4628
4695
4629
4696
4630
4697
4631
4698
4632
4699
4633
4700
4634
4701
4635
4702
4636
4703
4637
4704
4638
4705
4639
4706
4640
4707
4641
4708
4642
4709
4643
4710
4644
4711
4645
4712
4646
4713
4647
4714
4648
4715
4649
4716
4650
4717
4651
4718
4652
4719
4653
4720
4654
4721
4655
4722
4656
4723
4657
4724
4658
4725
4659
4726
4660
4727
4661
4728
4662
4729
4663
4730
4664
4731
4665
4732
4666
4733
4667
4734
4668
4735
4669
4736
4670
4737
4671
4738
4672
4739
4673
4740
4674
4741
4675
4742
4676
4743
4677
4744
4678
4745
4679
4746
4680
4747
4681
4748
4682
4749
4683
4750
4684
4751
4685
4752
4686
4753
4687
4754
4688
4755
4689
4756
4690
4757
4691
4758
4759
8352
4693
4760
4694
4761
4695
4762
4696
4763
4697
4764
4698
4765
4699
4766
4700
4767
4701
4768
4702
4769
4703
4770
4704
4771
4705
4772
4706
4773
4707
4774
4708
4775
4709
4776
4710
4777
4711
4778
4712
4779
4713
4780
4714
4781
4715
4782
4716
4783
4717
4784
4718
4785
4719
4786
4720
4787
4721
4788
4722
4789
4723
4790
4724
4791
4725
4792
4726
4793
4727
4794
4728
4795
4729
4796
4730
4797
4731
4798
4732
4799
4733
4800
4734
4801
4735
4802
4736
4803
4737
4804
4738
4805
4739
4806
4740
4807
4741
4808
4742
4809
4743
4810
4744
4811
4745
4812
4746
4813
4747
4814
4748
4815
4749
4816
4750
4817
4751
4818
4752
4819
4753
4820
4754
4821
4755
4822
4756
4823
4757
4824
4758
4825
4759
4826
4827
8372
4761
4828
4762
4829
4763
4830
4764
4831
4765
4832
4766
4833
4767
4834
4768
4835
4769
4836
4770
4837
4771
4838
4772
4839
4773
4840
4774
4841
4775
4842
4776
4843
4777
4844
4778
4845
4779
4846
4780
4847
4781
4848
4782
4849
4783
4850
4784
4851
4785
4852
4786
4853
4787
4854
4788
4855
4789
4856
4790
4857
4791
4858
4792
4859
4793
4860
4794
4861
4795
4862
4796
4863
4797
4864
4798
4865
4799
4866
4800
4867
4801
4868
4802
4869
4803
4870
4804
4871
4805
4872
4806
4873
4807
4874
4808
4875
4809
4876
4810
4877
4811
4878
4812
4879
4813
4880
4814
4881
4815
4882
4816
4883
4817
4884
4818
4885
4819
4886
4820
4887
4821
4888
4822
4889
4823
4890
4824
4891
4825
4892
4826
4893
4827
4894
4895
8392
4829
4896
4830
4897
4831
4898
4832
4899
4833
4900
4834
4901
4835
4902
4836
4903
4837
4904
4838
4905
4839
4906
4840
4907
4841
4908
4842
4909
4843
4910
4844
4911
4845
4912
4846
4913
4847
4914
4848
4915
4849
4916
4850
4917
4851
4918
4852
4919
4853
4920
4854
4921
4855
4922
4856
4923
4857
4924
4858
4925
4859
4926
4860
4927
4861
4928
4862
4929
4863
4930
4864
4931
4865
4932
4866
4933
4867
4934
4868
4935
4869
4936
4870
4937
4871
4938
4872
4939
4873
4940
4874
4941
4875
4942
4876
4943
4877
4944
4878
4945
4879
4946
4880
4947
4881
4948
4882
4949
4883
4950
4884
4951
4885
4952
4886
4953
4887
4954
4888
4955
4889
4956
4890
4957
4891
4958
4892
4959
4893
4960
4894
4961
4895
4962
4963
8412
4897
4964
4898
4965
4899
4966
4900
4967
4901
4968
4902
4969
4903
4970
4904
4971
4905
4972
4906
4973
4907
4974
4908
4975
4909
4976
4910
4977
4911
4978
4912
4979
4913
4980
4914
4981
4915
4982
4916
4983
4917
4984
4918
4985
4919
4986
4920
4987
4921
4988
4922
4989
4923
4990
4924
4991
4925
4992
4926
4993
4927
4994
4928
4995
4929
4996
4930
4997
4931
4998
4932
4999
4933
5000
4934
5001
4935
5002
4936
5003
4937
5004
4938
5005
4939
5006
4940
5007
4941
5008
4942
5009
4943
5010
4944
5011
4945
5012
4946
5013
4947
5014
4948
5015
4949
5016
4950
5017
4951
5018
4952
5019
4953
5020
4954
5021
4955
5022
4956
5023
4957
5024
4958
5025
4959
5026
4960
5027
4961
5028
4962
5029
4963
5030
5031
8432
4965
5032
4966
5033
4967
5034
4968
5035
4969
5036
4970
5037
4971
5038
4972
5039
4973
5040
4974
5041
4975
5042
4976
5043
4977
5044
4978
5045
4979
5046
4980
5047
4981
5048
4982
5049
4983
5050
4984
5051
4985
5052
4986
5053
4987
5054
4988
5055
4989
5056
4990
5057
4991
5058
4992
5059
4993
5060
4994
5061
4995
5062
4996
5063
4997
5064
4998
5065
4999
5066
5000
5067
5001
5068
5002
5069
5003
5070
5004
5071
5005
5072
5006
5073
5007
5074
5008
5075
5009
5076
5010
5077
5011
5078
5012
5079
5013
5080
5014
5081
5015
5082
5016
5083
5017
5084
5018
5085
5019
5086
5020
5087
5021
5088
5022
5089
5023
5090
5024
5091
5025
5092
5026
5093
5027
5094
5028
5095
5029
5096
5030
5097
5031
5098
5099
8452
5033
5100
5034
5101
5035
5102
5036
5103
5037
5104
5038
5105
5039
5106
5040
5107
5041
5108
5042
5109
5043
5110
5044
5111
5045
5112
5046
5113
5047
5114
5048
5115
5049
5116
5050
5117
5051
5118
5052
5119
5053
5120
5054
5121
5055
5122
5056
5123
5057
5124
5058
5125
5059
5126
5060
5127
5061
5128
5062
5129
5063
5130
5064
5131
5065
5132
5066
5133
5067
5134
5068
5135
5069
5136
5070
5137
5071
5138
5072
5139
5073
5140
5074
5141
5075
5142
5076
5143
5077
5144
5078
5145
5079
5146
5080
5147
5081
5148
5082
5149
5083
5150
5084
5151
5085
5152
5086
5153
5087
5154
5088
5155
5089
5156
5090
5157
5091
5158
5092
5159
5093
5160
5094
5161
5095
5162
5096
5163
5097
5164
5098
5165
5099
5166
5167
8472
5101
5168
5102
5169
5103
5170
5104
5171
5105
5172
5106
5173
5107
5174
5108
5175
5109
5176
5110
5177
5111
5178
5112
5179
5113
5180
5114
5181
5115
5182
5116
5183
5117
5184
5118
5185
5119
5186
5120
5187
5121
5188
5122
5189
5123
5190
5124
5191
5125
5192
5126
5193
5127
5194
5128
5195
5129
5196
5130
5197
5131
5198
5132
5199
5133
5200
5134
5201
5135
5202
5136
5203
5137
5204
5138
5205
5139
5206
5140
5207
5141
5208
5142
5209
5143
5210
5144
5211
5145
5212
5146
5213
5147
5214
5148
5215
5149
5216
5150
5217
5151
5218
5152
5219
5153
5220
5154
5221
5155
5222
5156
5223
5157
5224
5158
5225
5159
5226
5160
5227
5161
5228
5162
5229
5163
5230
5164
5231
5165
5232
5166
5233
5167
5234
5235
8492
5169
5236
5170
5237
5171
5238
5172
5239
5173
5240
5174
5241
5175
5242
5176
5243
5177
5244
5178
5245
5179
5246
5180
5247
5181
5248
5182
5249
5183
5250
5184
5251
5185
5252
5186
5253
5187
5254
5188
5255
5189
5256
5190
5257
5191
5258
5192
5259
5193
5260
5194
5261
5195
5262
5196
5263
5197
5264
5198
5265
5199
5266
5200
5267
5201
5268
5202
5269
5203
5270
5204
5271
5205
5272
5206
5273
5207
5274
5208
5275
5209
5276
5210
5277
5211
5278
5212
5279
5213
5280
5214
5281
5215
5282
5216
5283
5217
5284
5218
5285
5219
5286
5220
5287
5221
5288
5222
5289
5223
5290
5224
5291
5225
5292
5226
5293
5227
5294
5228
5295
5229
5296
5230
5297
5231
5298
5232
5299
5233
5300
5234
5301
5235
5302
5303
8512
5237
5304
5238
5305
5239
5306
5240
5307
5241
5308
5242
5309
5243
5310
5244
5311
5245
5312
5246
5313
5247
5314
5248
5315
5249
5316
5250
5317
5251
5318
5252
5319
5253
5320
5254
5321
5255
5322
5256
5323
5257
5324
5258
5325
5259
5326
5260
5327
5261
5328
5262
5329
5263
5330
5264
5331
5265
5332
5266
5333
5267
5334
5268
5335
5269
5336
5270
5337
5271
5338
5272
5339
5273
5340
5274
5341
5275
5342
5276
5343
5277
5344
5278
5345
5279
5346
5280
5347
5281
5348
5282
5349
5283
5350
5284
5351
5285
5352
5286
5353
5287
5354
5288
5355
5289
5356
5290
5357
5291
5358
5292
5359
5293
5360
5294
5361
5295
5362
5296
5363
5297
5364
5298
5365
5299
5366
5300
5367
5301
5368
5302
5369
5303
5370
5371
8532
5305
5372
5306
5373
5307
5374
5308
5375
5309
5376
5310
5377
5311
5378
5312
5379
5313
5380
5314
5381
5315
5382
5316
5383
5317
5384
5318
5385
5319
5386
5320
5387
5321
5388
5322
5389
5323
5390
5324
5391
5325
5392
5326
5393
5327
5394
5328
5395
5329
5396
5330
5397
5331
5398
5332
5399
5333
5400
5334
5401
5335
5402
5336
5403
5337
5404
5338
5405
5339
5406
5340
5407
5341
5408
5342
5409
5343
5410
5344
5411
5345
5412
5346
5413
5347
5414
5348
5415
5349
5416
5350
5417
5351
5418
5352
5419
5353
5420
5354
5421
5355
5422
5356
5423
5357
5424
5358
5425
5359
5426
5360
5427
5361
5428
5362
5429
5363
5430
5364
5431
5365
5432
5366
5433
5367
5434
5368
5435
5369
5436
5370
5437
5371
5438
5439
8552
5373
5440
5374
5441
5375
5442
5376
5443
5377
5444
5378
5445
5379
5446
5380
5447
5381
5448
5382
5449
5383
5450
5384
5451
5385
5452
5386
5453
5387
5454
5388
5455
5389
5456
5390
5457
5391
5458
5392
5459
5393
5460
5394
5461
5395
5462
5396
5463
5397
5464
5398
5465
5399
5466
5400
5467
5401
5468
5402
5469
5403
5470
5404
5471
5405
5472
5406
5473
5407
5474
5408
5475
5409
5476
5410
5477
5411
5478
5412
5479
5413
5480
5414
5481
5415
5482
5416
5483
5417
5484
5418
5485
5419
5486
5420
5487
5421
5488
5422
5489
5423
5490
5424
5491
5425
5492
5426
5493
5427
5494
5428
5495
5429
5496
5430
5497
5431
5498
5432
5499
5433
5500
5434
5501
5435
5502
5436
5503
5437
5504
5438
5505
5439
5506
5507
8572
5441
5508
5442
5509
5443
5510
5444
5511
5445
5512
5446
5513
5447
5514
5448
5515
5449
5516
5450
5517
5451
5518
5452
5519
5453
5520
5454
5521
5455
5522
5456
5523
5457
5524
5458
5525
5459
5526
5460
5527
5461
5528
5462
5529
5463
5530
5464
5531
5465
5532
5466
5533
5467
5534
5468
5535
5469
5536
5470
5537
5471
5538
5472
5539
5473
5540
5474
5541
5475
5542
5476
5543
5477
5544
5478
5545
5479
5546
5480
5547
5481
5548
5482
5549
5483
5550
5484
5551
5485
5552
5486
5553
5487
5554
5488
5555
5489
5556
5490
5557
5491
5558
5492
5559
5493
5560
5494
5561
5495
5562
5496
5563
5497
5564
5498
5565
5499
5566
5500
5567
5501
5568
5502
5569
5503
5570
5504
5571
5505
5572
5506
5573
5507
5574
5575
8592
5509
5576
5510
5577
5511
5578
5512
5579
5513
5580
5514
5581
5515
5582
5516
5583
5517
5584
5518
5585
5519
5586
5520
5587
5521
5588
5522
5589
5523
5590
5524
5591
5525
5592
5526
5593
5527
5594
5528
5595
5529
5596
5530
5597
5531
5598
5532
5599
5533
5600
5534
5601
5535
5602
5536
5603
5537
5604
5538
5605
5539
5606
5540
5607
5541
5608
5542
5609
5543
5610
5544
5611
5545
5612
5546
5613
5547
5614
5548
5615
5549
5616
5550
5617
5551
5618
5552
5619
5553
5620
5554
5621
5555
5622
5556
5623
5557
5624
5558
5625
5559
5626
5560
5627
5561
5628
5562
5629
5563
5630
5564
5631
5565
5632
5566
5633
5567
5634
5568
5635
5569
5636
5570
5637
5571
5638
5572
5639
5573
5640
5574
5641
5575
5642
5643
8612
5577
5644
5578
5645
5579
5646
5580
5647
5581
5648
5582
5649
5583
5650
5584
5651
5585
5652
5586
5653
5587
5654
5588
5655
5589
5656
5590
5657
5591
5658
5592
5659
5593
5660
5594
5661
5595
5662
5596
5663
5597
5664
5598
5665
5599
5666
5600
5667
5601
5668
5602
5669
5603
5670
5604
5671
5605
5672
5606
5673
5607
5674
5608
5675
5609
5676
5610
5677
5611
5678
5612
5679
5613
5680
5614
5681
5615
5682
5616
5683
5617
5684
5618
5685
5619
5686
5620
5687
5621
5688
5622
5689
5623
5690
5624
5691
5625
5692
5626
5693
5627
5694
5628
5695
5629
5696
5630
5697
5631
5698
5632
5699
5633
5700
5634
5701
5635
5702
5636
5703
5637
5704
5638
5705
5639
5706
5640
5707
5641
5708
5642
5709
5643
5710
5711
8632
5645
5712
5646
5713
5647
5714
5648
5715
5649
5716
5650
5717
5651
5718
5652
5719
5653
5720
5654
5721
5655
5722
5656
5723
5657
5724
5658
5725
5659
5726
5660
5727
5661
5728
5662
5729
5663
5730
5664
5731
5665
5732
5666
5733
5667
5734
5668
5735
5669
5736
5670
5737
5671
5738
5672
5739
5673
5740
5674
5741
5675
5742
5676
5743
5677
5744
5678
5745
5679
5746
5680
5747
5681
5748
5682
5749
5683
5750
5684
5751
5685
5752
5686
5753
5687
5754
5688
5755
5689
5756
5690
5757
5691
5758
5692
5759
5693
5760
5694
5761
5695
5762
5696
5763
5697
5764
5698
5765
5699
5766
5700
5767
5701
5768
5702
5769
5703
5770
5704
5771
5705
5772
5706
5773
5707
5774
5708
5775
5709
5776
5710
5777
5711
5778
5779
8652
5713
5780
5714
5781
5715
5782
5716
5783
5717
5784
5718
5785
5719
5786
5720
5787
5721
5788
5722
5789
5723
5790
5724
5791
5725
5792
5726
5793
5727
5794
5728
5795
5729
5796
5730
5797
5731
5798
5732
5799
5733
5800
5734
5801
5735
5802
5736
5803
5737
5804
5738
5805
5739
5806
5740
5807
5741
5808
5742
5809
5743
5810
5744
5811
5745
5812
5746
5813
5747
5814
5748
5815
5749
5816
5750
5817
5751
5818
5752
5819
5753
5820
5754
5821
5755
5822
5756
5823
5757
5824
5758
5825
5759
5826
5760
5827
5761
5828
5762
5829
5763
5830
5764
5831
5765
5832
5766
5833
5767
5834
5768
5835
5769
5836
5770
5837
5771
5838
5772
5839
5773
5840
5774
5841
5775
5842
5776
5843
5777
5844
5778
5845
5779
5846
5847
8672
5781
5848
5782
5849
5783
5850
5784
5851
5785
5852
5786
5853
5787
5854
5788
5855
5789
5856
5790
5857
5791
5858
5792
5859
5793
5860
5794
5861
5795
5862
5796
5863
5797
5864
5798
5865
5799
5866
5800
5867
5801
5868
5802
5869
5803
5870
5804
5871
5805
5872
5806
5873
5807
5874
5808
5875
5809
5876
5810
5877
5811
5878
5812
5879
5813
5880
5814
5881
5815
5882
5816
5883
5817
5884
5818
5885
5819
5886
5820
5887
5821
5888
5822
5889
5823
5890
5824
5891
5825
5892
5826
5893
5827
5894
5828
5895
5829
5896
5830
5897
5831
5898
5832
5899
5833
5900
5834
5901
5835
5902
5836
5903
5837
5904
5838
5905
5839
5906
5840
5907
5841
5908
5842
5909
5843
5910
5844
5911
5845
5912
5846
5913
5847
5914
5915
8692
5849
5916
5850
5917
5851
5918
5852
5919
5853
5920
5854
5921
5855
5922
5856
5923
5857
5924
5858
5925
5859
5926
5860
5927
5861
5928
5862
5929
5863
5930
5864
5931
5865
5932
5866
5933
5867
5934
5868
5935
5869
5936
5870
5937
5871
5938
5872
5939
5873
5940
5874
5941
5875
5942
5876
5943
5877
5944
5878
5945
5879
5946
5880
5947
5881
5948
5882
5949
5883
5950
5884
5951
5885
5952
5886
5953
5887
5954
5888
5955
5889
5956
5890
5957
5891
5958
5892
5959
5893
5960
5894
5961
5895
5962
5896
5963
5897
5964
5898
5965
5899
5966
5900
5967
5901
5968
5902
5969
5903
5970
5904
5971
5905
5972
5906
5973
5907
5974
5908
5975
5909
5976
5910
5977
5911
5978
5912
5979
5913
5980
5914
5981
5915
5982
5983
8712
5917
5984
5918
5985
5919
5986
5920
5987
5921
5988
5922
5989
5923
5990
5924
5991
5925
5992
5926
5993
5927
5994
5928
5995
5929
5996
5930
5997
5931
5998
5932
5999
5933
6000
5934
6001
5935
6002
5936
6003
5937
6004
5938
6005
5939
6006
5940
6007
5941
6008
5942
6009
5943
6010
5944
6011
5945
6012
5946
6013
5947
6014
5948
6015
5949
6016
5950
6017
5951
6018
5952
6019
5953
6020
5954
6021
5955
6022
5956
6023
5957
6024
5958
6025
5959
6026
5960
6027
5961
6028
5962
6029
5963
6030
5964
6031
5965
6032
5966
6033
5967
6034
5968
6035
5969
6036
5970
6037
5971
6038
5972
6039
5973
6040
5974
6041
5975
6042
5976
6043
5977
6044
5978
6045
5979
6046
5980
6047
5981
6048
5982
6049
5983
6050
6051
8732
5985
6052
5986
6053
5987
6054
5988
6055
5989
6056
5990
6057
5991
6058
5992
6059
5993
6060
5994
6061
5995
6062
5996
6063
5997
6064
5998
6065
5999
6066
6000
6067
6001
6068
6002
6069
6003
6070
6004
6071
6005
6072
6006
6073
6007
6074
6008
6075
6009
6076
6010
6077
6011
6078
6012
6079
6013
6080
6014
6081
6015
6082
6016
6083
6017
6084
6018
6085
6019
6086
6020
6087
6021
6088
6022
6089
6023
6090
6024
6091
6025
6092
6026
6093
6027
6094
6028
6095
6029
6096
6030
6097
6031
6098
6032
6099
6033
6100
6034
6101
6035
6102
6036
6103
6037
6104
6038
6105
6039
6106
6040
6107
6041
6108
6042
6109
6043
6110
6044
6111
6045
6112
6046
6113
6047
6114
6048
6115
6049
6116
6050
6117
6051
6118
6119
8752
6053
6120
6054
6121
6055
6122
6056
6123
6057
6124
6058
6125
6059
6126
6060
6127
6061
6128
6062
6129
6063
6130
6064
6131
6065
6132
6066
6133
6067
6134
6068
6135
6069
6136
6070
6137
6071
6138
6072
6139
6073
6140
6074
6141
6075
6142
6076
6143
6077
6144
6078
6145
6079
6146
6080
6147
6081
6148
6082
6149
6083
6150
6084
6151
6085
6152
6086
6153
6087
6154
6088
6155
6089
6156
6090
6157
6091
6158
6092
6159
6093
6160
6094
6161
6095
6162
6096
6163
6097
6164
6098
6165
6099
6166
6100
6167
6101
6168
6102
6169
6103
6170
6104
6171
6105
6172
6106
6173
6107
6174
6108
6175
6109
6176
6110
6177
6111
6178
6112
6179
6113
6180
6114
6181
6115
6182
6116
6183
6117
6184
6118
6185
6119
6186
6187
8772
6121
6188
6122
6189
6123
6190
6124
6191
6125
6192
6126
6193
6127
6194
6128
6195
6129
6196
6130
6197
6131
6198
6132
6199
6133
6200
6134
6201
6135
6202
6136
6203
6137
6204
6138
6205
6139
6206
6140
6207
6141
6208
6142
6209
6143
6210
6144
6211
6145
6212
6146
6213
6147
6214
6148
6215
6149
6216
6150
6217
6151
6218
6152
6219
6153
6220
6154
6221
6155
6222
6156
6223
6157
6224
6158
6225
6159
6226
6160
6227
6161
6228
6162
6229
6163
6230
6164
6231
6165
6232
6166
6233
6167
6234
6168
6235
6169
6236
6170
6237
6171
6238
6172
6239
6173
6240
6174
6241
6175
6242
6176
6243
6177
6244
6178
6245
6179
6246
6180
6247
6181
6248
6182
6249
6183
6250
6184
6251
6185
6252
6186
6253
6187
6254
6255
8792
6189
6256
6190
6257
6191
6258
6192
6259
6193
6260
6194
6261
6195
6262
6196
6263
6197
6264
6198
6265
6199
6266
6200
6267
6201
6268
6202
6269
6203
6270
6204
6271
6205
6272
6206
6273
6207
6274
6208
6275
6209
6276
6210
6277
6211
6278
6212
6279
6213
6280
6214
6281
6215
6282
6216
6283
6217
6284
6218
6285
6219
6286
6220
6287
6221
6288
6222
6289
6223
6290
6224
6291
6225
6292
6226
6293
6227
6294
6228
6295
6229
6296
6230
6297
6231
6298
6232
6299
6233
6300
6234
6301
6235
6302
6236
6303
6237
6304
6238
6305
6239
6306
6240
6307
6241
6308
6242
6309
6243
6310
6244
6311
6245
6312
6246
6313
6247
6314
6248
6315
6249
6316
6250
6317
6251
6318
6252
6319
6253
6320
6254
6321
6255
6322
6323
8812
6257
6324
6258
6325
6259
6326
6260
6327
6261
6328
6262
6329
6263
6330
6264
6331
6265
6332
6266
6333
6267
6334
6268
6335
6269
6336
6270
6337
6271
6338
6272
6339
6273
6340
6274
6341
6275
6342
6276
6343
6277
6344
6278
6345
6279
6346
6280
6347
6281
6348
6282
6349
6283
6350
6284
6351
6285
6352
6286
6353
6287
6354
6288
6355
6289
6356
6290
6357
6291
6358
6292
6359
6293
6360
6294
6361
6295
6362
6296
6363
6297
6364
6298
6365
6299
6366
6300
6367
6301
6368
6302
6369
6303
6370
6304
6371
6305
6372
6306
6373
6307
6374
6308
6375
6309
6376
6310
6377
6311
6378
6312
6379
6313
6380
6314
6381
6315
6382
6316
6383
6317
6384
6318
6385
6319
6386
6320
6387
6321
6388
6322
6389
6323
6390
6391
8832
6325
6392
6326
6393
6327
6394
6328
6395
6329
6396
6330
6397
6331
6398
6332
6399
6333
6400
6334
6401
6335
6402
6336
6403
6337
6404
6338
6405
6339
6406
6340
6407
6341
6408
6342
6409
6343
6410
6344
6411
6345
6412
6346
6413
6347
6414
6348
6415
6349
6416
6350
6417
6351
6418
6352
6419
6353
6420
6354
6421
6355
6422
6356
6423
6357
6424
6358
6425
6359
6426
6360
6427
6361
6428
6362
6429
6363
6430
6364
6431
6365
6432
6366
6433
6367
6434
6368
6435
6369
6436
6370
6437
6371
6438
6372
6439
6373
6440
6374
6441
6375
6442
6376
6443
6377
6444
6378
6445
6379
6446
6380
6447
6381
6448
6382
6449
6383
6450
6384
6451
6385
6452
6386
6453
6387
6454
6388
6455
6389
6456
6390
6457
6391
6458
6459
8852
6393
6460
6394
6461
6395
6462
6396
6463
6397
6464
6398
6465
6399
6466
6400
6467
6401
6468
6402
6469
6403
6470
6404
6471
6405
6472
6406
6473
6407
6474
6408
6475
6409
6476
6410
6477
6411
6478
6412
6479
6413
6480
6414
6481
6415
6482
6416
6483
6417
6484
6418
6485
6419
6486
6420
6487
6421
6488
6422
6489
6423
6490
6424
6491
6425
6492
6426
6493
6427
6494
6428
6495
6429
6496
6430
6497
6431
6498
6432
6499
6433
6500
6434
6501
6435
6502
6436
6503
6437
6504
6438
6505
6439
6506
6440
6507
6441
6508
6442
6509
6443
6510
6444
6511
6445
6512
6446
6513
6447
6514
6448
6515
6449
6516
6450
6517
6451
6518
6452
6519
6453
6520
6454
6521
6455
6522
6456
6523
6457
6524
6458
6525
6459
6526
6527
8872
6461
6528
6462
6529
6463
6530
6464
6531
6465
6532
6466
6533
6467
6534
6468
6535
6469
6536
6470
6537
6471
6538
6472
6539
6473
6540
6474
6541
6475
6542
6476
6543
6477
6544
6478
6545
6479
6546
6480
6547
6481
6548
6482
6549
6483
6550
6484
6551
6485
6552
6486
6553
6487
6554
6488
6555
6489
6556
6490
6557
6491
6558
6492
6559
6493
6560
6494
6561
6495
6562
6496
6563
6497
6564
6498
6565
6499
6566
6500
6567
6501
6568
6502
6569
6503
6570
6504
6571
6505
6572
6506
6573
6507
6574
6508
6575
6509
6576
6510
6577
6511
6578
6512
6579
6513
6580
6514
6581
6515
6582
6516
6583
6517
6584
6518
6585
6519
6586
6520
6587
6521
6588
6522
6589
6523
6590
6524
6591
6525
6592
6526
6593
6527
6594
6595
8892
6529
6596
6530
6597
6531
6598
6532
6599
6533
6600
6534
6601
6535
6602
6536
6603
6537
6604
6538
6605
6539
6606
6540
6607
6541
6608
6542
6609
6543
6610
6544
6611
6545
6612
6546
6613
6547
6614
6548
6615
6549
6616
6550
6617
6551
6618
6552
6619
6553
6620
6554
6621
6555
6622
6556
6623
6557
6624
6558
6625
6559
6626
6560
6627
6561
6628
6562
6629
6563
6630
6564
6631
6565
6632
6566
6633
6567
6634
6568
6635
6569
6636
6570
6637
6571
6638
6572
6639
6573
6640
6574
6641
6575
6642
6576
6643
6577
6644
6578
6645
6579
6646
6580
6647
6581
6648
6582
6649
6583
6650
6584
6651
6585
6652
6586
6653
6587
6654
6588
6655
6589
6656
6590
6657
6591
6658
6592
6659
6593
6660
6594
6661
6595
6662
6663
8912
6597
6664
6598
6665
6599
6666
6600
6667
6601
6668
6602
6669
6603
6670
6604
6671
6605
6672
6606
6673
6607
6674
6608
6675
6609
6676
6610
6677
6611
6678
6612
6679
6613
6680
6614
6681
6615
6682
6616
6683
6617
6684
6618
6685
6619
6686
6620
6687
6621
6688
6622
6689
6623
6690
6624
6691
6625
6692
6626
6693
6627
6694
6628
6695
6629
6696
6630
6697
6631
6698
6632
6699
6633
6700
6634
6701
6635
6702
6636
6703
6637
6704
6638
6705
6639
6706
6640
6707
6641
6708
6642
6709
6643
6710
6644
6711
6645
6712
6646
6713
6647
6714
6648
6715
6649
6716
6650
6717
6651
6718
6652
6719
6653
6720
6654
6721
6655
6722
6656
6723
6657
6724
6658
6725
6659
6726
6660
6727
6661
6728
6662
6729
6663
6730
6731
8932
6665
6732
6666
6733
6667
6734
6668
6735
6669
6736
6670
6737
6671
6738
6672
6739
6673
6740
6674
6741
6675
6742
6676
6743
6677
6744
6678
6745
6679
6746
6680
6747
6681
6748
6682
6749
6683
6750
6684
6751
6685
6752
6686
6753
6687
6754
6688
6755
6689
6756
6690
6757
6691
6758
6692
6759
6693
6760
6694
6761
6695
6762
6696
6763
6697
6764
6698
6765
6699
6766
6700
6767
6701
6768
6702
6769
6703
6770
6704
6771
6705
6772
6706
6773
6707
6774
6708
6775
6709
6776
6710
6777
6711
6778
6712
6779
6713
6780
6714
6781
6715
6782
6716
6783
6717
6784
6718
6785
6719
6786
6720
6787
6721
6788
6722
6789
6723
6790
6724
6791
6725
6792
6726
6793
6727
6794
6728
6795
6729
6796
6730
6797
6731
6798
6799
8952
6733
6800
6734
6801
6735
6802
6736
6803
6737
6804
6738
6805
6739
6806
6740
6807
6741
6808
6742
6809
6743
6810
6744
6811
6745
6812
6746
6813
6747
6814
6748
6815
6749
6816
6750
6817
6751
6818
6752
6819
6753
6820
6754
6821
6755
6822
6756
6823
6757
6824
6758
6825
6759
6826
6760
6827
6761
6828
6762
6829
6763
6830
6764
6831
6765
6832
6766
6833
6767
6834
6768
6835
6769
6836
6770
6837
6771
6838
6772
6839
6773
6840
6774
6841
6775
6842
6776
6843
6777
6844
6778
6845
6779
6846
6780
6847
6781
6848
6782
6849
6783
6850
6784
6851
6785
6852
6786
6853
6787
6854
6788
6855
6789
6856
6790
6857
6791
6858
6792
6859
6793
6860
6794
6861
6795
6862
6796
6863
6797
6864
6798
6865
6799
6866
6867
8972
6801
6868
6802
6869
6803
6870
6804
6871
6805
6872
6806
6873
6807
6874
6808
6875
6809
6876
6810
6877
6811
6878
6812
6879
6813
6880
6814
6881
6815
6882
6816
6883
6817
6884
6818
6885
6819
6886
6820
6887
6821
6888
6822
6889
6823
6890
6824
6891
6825
6892
6826
6893
6827
6894
6828
6895
6829
6896
6830
6897
6831
6898
6832
6899
6833
6900
6834
6901
6835
6902
6836
6903
6837
6904
6838
6905
6839
6906
6840
6907
6841
6908
6842
6909
6843
6910
6844
6911
6845
6912
6846
6913
6847
6914
6848
6915
6849
6916
6850
6917
6851
6918
6852
6919
6853
6920
6854
6921
6855
6922
6856
6923
6857
6924
6858
6925
6859
6926
6860
6927
6861
6928
6862
6929
6863
6930
6864
6931
6865
6932
6866
6933
6867
6934
6935
8992
6869
6936
6870
6937
6871
6938
6872
6939
6873
6940
6874
6941
6875
6942
6876
6943
6877
6944
6878
6945
6879
6946
6880
6947
6881
6948
6882
6949
6883
6950
6884
6951
6885
6952
6886
6953
6887
6954
6888
6955
6889
6956
6890
6957
6891
6958
6892
6959
6893
6960
6894
6961
6895
6962
6896
6963
6897
6964
6898
6965
6899
6966
6900
6967
6901
6968
6902
6969
6903
6970
6904
6971
6905
6972
6906
6973
6907
6974
6908
6975
6909
6976
6910
6977
6911
6978
6912
6979
6913
6980
6914
6981
6915
6982
6916
6983
6917
6984
6918
6985
6919
6986
6920
6987
6921
6988
6922
6989
6923
6990
6924
6991
6925
6926
6927
6928
6929
6930
6931
6932
6933
6934
6935
9012
6937
6938
6939
6940
6941
6942
6943
6944
6945
6946
6947
6948
6949
6950
6951
6952
6953
6954
6955
6956
6957
6958
6959
6960
6961
6962
6963
6964
6965
6966
6967
6968
6969
6970
6971
6972
6973
6974
6975
6976
6977
6978
6979
6980
6981
6982
6983
6984
6985
6986
6987
6988
6989
6990
6991
6993
7012
6994
7013
6995
7014
6996
7015
6997
7016
6998
7017
6999
7018
7000
7019
7001
7020
7002
7021
7003
7022
7004
7023
7005
7024
7006
7025
7007
7026
7008
7027
7009
7028
7010
7029
7011
7030
7031
7013
7032
7014
7033
7015
7034
7016
7035
7017
7036
7018
7037
7019
7038
7020
7039
7021
7040
7022
7041
7023
7042
7024
7043
7025
7044
7026
7045
7027
7046
7028
7047
7029
7048
7030
7049
7031
7050
7051
7033
7052
7034
7053
7035
7054
7036
7055
7037
7056
7038
7057
7039
7058
7040
7059
7041
7060
7042
7061
7043
7062
7044
7063
7045
7064
7046
7065
7047
7066
7048
7067
7049
7068
7050
7069
7051
7070
7071
7053
7072
7054
7073
7055
7074
7056
7075
7057
7076
7058
7077
7059
7078
7060
7079
7061
7080
7062
7081
7063
7082
7064
7083
7065
7084
7066
7085
7067
7086
7068
7087
7069
7088
7070
7089
7071
7090
7091
7073
7092
7074
7093
7075
7094
7076
7095
7077
7096
7078
7097
7079
7098
7080
7099
7081
7100
7082
7101
7083
7102
7084
7103
7085
7104
7086
7105
7087
7106
7088
7107
7089
7108
7090
7109
7091
7110
7111
7093
7112
7094
7113
7095
7114
7096
7115
7097
7116
7098
7117
7099
7118
7100
7119
7101
7120
7102
7121
7103
7122
7104
7123
7105
7124
7106
7125
7107
7126
7108
7127
7109
7128
7110
7129
7111
7130
7131
7113
7132
7114
7133
7115
7134
7116
7135
7117
7136
7118
7137
7119
7138
7120
7139
7121
7140
7122
7141
7123
7142
7124
7143
7125
7144
7126
7145
7127
7146
7128
7147
7129
7148
7130
7149
7131
7150
7151
7133
7152
7134
7153
7135
7154
7136
7155
7137
7156
7138
7157
7139
7158
7140
7159
7141
7160
7142
7161
7143
7162
7144
7163
7145
7164
7146
7165
7147
7166
7148
7167
7149
7168
7150
7169
7151
7170
7171
7153
7172
7154
7173
7155
7174
7156
7175
7157
7176
7158
7177
7159
7178
7160
7179
7161
7180
7162
7181
7163
7182
7164
7183
7165
7184
7166
7185
7167
7186
7168
7187
7169
7188
7170
7189
7171
7190
7191
7173
7192
7174
7193
7175
7194
7176
7195
7177
7196
7178
7197
7179
7198
7180
7199
7181
7200
7182
7201
7183
7202
7184
7203
7185
7204
7186
7205
7187
7206
7188
7207
7189
7208
7190
7209
7191
7210
7211
7193
7212
7194
7213
7195
7214
7196
7215
7197
7216
7198
7217
7199
7218
7200
7219
7201
7220
7202
7221
7203
7222
7204
7223
7205
7224
7206
7225
7207
7226
7208
7227
7209
7228
7210
7229
7211
7230
7231
7213
7232
7214
7233
7215
7234
7216
7235
7217
7236
7218
7237
7219
7238
7220
7239
7221
7240
7222
7241
7223
7242
7224
7243
7225
7244
7226
7245
7227
7246
7228
7247
7229
7248
7230
7249
7231
7250
7251
7233
7252
7234
7253
7235
7254
7236
7255
7237
7256
7238
7257
7239
7258
7240
7259
7241
7260
7242
7261
7243
7262
7244
7263
7245
7264
7246
7265
7247
7266
7248
7267
7249
7268
7250
7269
7251
7270
7271
7253
7272
7254
7273
7255
7274
7256
7275
7257
7276
7258
7277
7259
7278
7260
7279
7261
7280
7262
7281
7263
7282
7264
7283
7265
7284
7266
7285
7267
7286
7268
7287
7269
7288
7270
7289
7271
7290
7291
7273
7292
7274
7293
7275
7294
7276
7295
7277
7296
7278
7297
7279
7298
7280
7299
7281
7300
7282
7301
7283
7302
7284
7303
7285
7304
7286
7305
7287
7306
7288
7307
7289
7308
7290
7309
7291
7310
7311
7293
7312
7294
7313
7295
7314
7296
7315
7297
7316
7298
7317
7299
7318
7300
7319
7301
7320
7302
7321
7303
7322
7304
7323
7305
7324
7306
7325
7307
7326
7308
7327
7309
7328
7310
7329
7311
7330
7331
7313
7332
7314
7333
7315
7334
7316
7335
7317
7336
7318
7337
7319
7338
7320
7339
7321
7340
7322
7341
7323
7342
7324
7343
7325
7344
7326
7345
7327
7346
7328
7347
7329
7348
7330
7349
7331
7350
7351
7333
7352
7334
7353
7335
7354
7336
7355
7337
7356
7338
7357
7339
7358
7340
7359
7341
7360
7342
7361
7343
7362
7344
7363
7345
7364
7346
7365
7347
7366
7348
7367
7349
7368
7350
7369
7351
7370
7371
7353
7372
7354
7373
7355
7374
7356
7375
7357
7376
7358
7377
7359
7378
7360
7379
7361
7380
7362
7381
7363
7382
7364
7383
7365
7384
7366
7385
7367
7386
7368
7387
7369
7388
7370
7389
7371
7390
7391
7373
7392
7374
7393
7375
7394
7376
7395
7377
7396
7378
7397
7379
7398
7380
7399
7381
7400
7382
7401
7383
7402
7384
7403
7385
7404
7386
7405
7387
7406
7388
7407
7389
7408
7390
7409
7391
7410
7411
7393
7412
7394
7413
7395
7414
7396
7415
7397
7416
7398
7417
7399
7418
7400
7419
7401
7420
7402
7421
7403
7422
7404
7423
7405
7424
7406
7425
7407
7426
7408
7427
7409
7428
7410
7429
7411
7430
7431
7413
7432
7414
7433
7415
7434
7416
7435
7417
7436
7418
7437
7419
7438
7420
7439
7421
7440
7422
7441
7423
7442
7424
7443
7425
7444
7426
7445
7427
7446
7428
7447
7429
7448
7430
7449
7431
7450
7451
7433
7452
7434
7453
7435
7454
7436
7455
7437
7456
7438
7457
7439
7458
7440
7459
7441
7460
7442
7461
7443
7462
7444
7463
7445
7464
7446
7465
7447
7466
7448
7467
7449
7468
7450
7469
7451
7470
7471
7453
7472
7454
7473
7455
7474
7456
7475
7457
7476
7458
7477
7459
7478
7460
7479
7461
7480
7462
7481
7463
7482
7464
7483
7465
7484
7466
7485
7467
7486
7468
7487
7469
7488
7470
7489
7471
7490
7491
7473
7492
7474
7493
7475
7494
7476
7495
7477
7496
7478
7497
7479
7498
7480
7499
7481
7500
7482
7501
7483
7502
7484
7503
7485
7504
7486
7505
7487
7506
7488
7507
7489
7508
7490
7509
7491
7510
7511
7493
7512
7494
7513
7495
7514
7496
7515
7497
7516
7498
7517
7499
7518
7500
7519
7501
7520
7502
7521
7503
7522
7504
7523
7505
7524
7506
7525
7507
7526
7508
7527
7509
7528
7510
7529
7511
7530
7531
7513
7532
7514
7533
7515
7534
7516
7535
7517
7536
7518
7537
7519
7538
7520
7539
7521
7540
7522
7541
7523
7542
7524
7543
7525
7544
7526
7545
7527
7546
7528
7547
7529
7548
7530
7549
7531
7550
7551
7533
7552
7534
7553
7535
7554
7536
7555
7537
7556
7538
7557
7539
7558
7540
7559
7541
7560
7542
7561
7543
7562
7544
7563
7545
7564
7546
7565
7547
7566
7548
7567
7549
7568
7550
7569
7551
7570
7571
7553
7572
7554
7573
7555
7574
7556
7575
7557
7576
7558
7577
7559
7578
7560
7579
7561
7580
7562
7581
7563
7582
7564
7583
7565
7584
7566
7585
7567
7586
7568
7587
7569
7588
7570
7589
7571
7590
7591
7573
7592
7574
7593
7575
7594
7576
7595
7577
7596
7578
7597
7579
7598
7580
7599
7581
7600
7582
7601
7583
7602
7584
7603
7585
7604
7586
7605
7587
7606
7588
7607
7589
7608
7590
7609
7591
7610
7611
7593
7612
7594
7613
7595
7614
7596
7615
7597
7616
7598
7617
7599
7618
7600
7619
7601
7620
7602
7621
7603
7622
7604
7623
7605
7624
7606
7625
7607
7626
7608
7627
7609
7628
7610
7629
7611
7630
7631
7613
7632
7614
7633
7615
7634
7616
7635
7617
7636
7618
7637
7619
7638
7620
7639
7621
7640
7622
7641
7623
7642
7624
7643
7625
7644
7626
7645
7627
7646
7628
7647
7629
7648
7630
7649
7631
7650
7651
7633
7652
7634
7653
7635
7654
7636
7655
7637
7656
7638
7657
7639
7658
7640
7659
7641
7660
7642
7661
7643
7662
7644
7663
7645
7664
7646
7665
7647
7666
7648
7667
7649
7668
7650
7669
7651
7670
7671
7653
7672
7654
7673
7655
7674
7656
7675
7657
7676
7658
7677
7659
7678
7660
7679
7661
7680
7662
7681
7663
7682
7664
7683
7665
7684
7666
7685
7667
7686
7668
7687
7669
7688
7670
7689
7671
7690
7691
7673
7692
7674
7693
7675
7694
7676
7695
7677
7696
7678
7697
7679
7698
7680
7699
7681
7700
7682
7701
7683
7702
7684
7703
7685
7704
7686
7705
7687
7706
7688
7707
7689
7708
7690
7709
7691
7710
7711
7693
7712
7694
7713
7695
7714
7696
7715
7697
7716
7698
7717
7699
7718
7700
7719
7701
7720
7702
7721
7703
7722
7704
7723
7705
7724
7706
7725
7707
7726
7708
7727
7709
7728
7710
7729
7711
7730
7731
7713
7732
7714
7733
7715
7734
7716
7735
7717
7736
7718
7737
7719
7738
7720
7739
7721
7740
7722
7741
7723
7742
7724
7743
7725
7744
7726
7745
7727
7746
7728
7747
7729
7748
7730
7749
7731
7750
7751
7733
7752
7734
7753
7735
7754
7736
7755
7737
7756
7738
7757
7739
7758
7740
7759
7741
7760
7742
7761
7743
7762
7744
7763
7745
7764
7746
7765
7747
7766
7748
7767
7749
7768
7750
7769
7751
7770
7771
7753
7772
7754
7773
7755
7774
7756
7775
7757
7776
7758
7777
7759
7778
7760
7779
7761
7780
7762
7781
7763
7782
7764
7783
7765
7784
7766
7785
7767
7786
7768
7787
7769
7788
7770
7789
7771
7790
7791
7773
7792
7774
7793
7775
7794
7776
7795
7777
7796
7778
7797
7779
7798
7780
7799
7781
7800
7782
7801
7783
7802
7784
7803
7785
7804
7786
7805
7787
7806
7788
7807
7789
7808
7790
7809
7791
7810
7811
7793
7812
7794
7813
7795
7814
7796
7815
7797
7816
7798
7817
7799
7818
7800
7819
7801
7820
7802
7821
7803
7822
7804
7823
7805
7824
7806
7825
7807
7826
7808
7827
7809
7828
7810
7829
7811
7830
7831
7813
7832
7814
7833
7815
7834
7816
7835
7817
7836
7818
7837
7819
7838
7820
7839
7821
7840
7822
7841
7823
7842
7824
7843
7825
7844
7826
7845
7827
7846
7828
7847
7829
7848
7830
7849
7831
7850
7851
7833
7852
7834
7853
7835
7854
7836
7855
7837
7856
7838
7857
7839
7858
7840
7859
7841
7860
7842
7861
7843
7862
7844
7863
7845
7864
7846
7865
7847
7866
7848
7867
7849
7868
7850
7869
7851
7870
7871
7853
7872
7854
7873
7855
7874
7856
7875
7857
7876
7858
7877
7859
7878
7860
7879
7861
7880
7862
7881
7863
7882
7864
7883
7865
7884
7866
7885
7867
7886
7868
7887
7869
7888
7870
7889
7871
7890
7891
7873
7892
7874
7893
7875
7894
7876
7895
7877
7896
7878
7897
7879
7898
7880
7899
7881
7900
7882
7901
7883
7902
7884
7903
7885
7904
7886
7905
7887
7906
7888
7907
7889
7908
7890
7909
7891
7910
7911
7893
7912
7894
7913
7895
7914
7896
7915
7897
7916
7898
7917
7899
7918
7900
7919
7901
7920
7902
7921
7903
7922
7904
7923
7905
7924
7906
7925
7907
7926
7908
7927
7909
7928
7910
7929
7911
7930
7931
7913
7932
7914
7933
7915
7934
7916
7935
7917
7936
7918
7937
7919
7938
7920
7939
7921
7940
7922
7941
7923
7942
7924
7943
7925
7944
7926
7945
7927
7946
7928
7947
7929
7948
7930
7949
7931
7950
7951
7933
7952
7934
7953
7935
7954
7936
7955
7937
7956
7938
7957
7939
7958
7940
7959
7941
7960
7942
7961
7943
7962
7944
7963
7945
7964
7946
7965
7947
7966
7948
7967
7949
7968
7950
7969
7951
7970
7971
7953
7972
7954
7973
7955
7974
7956
7975
7957
7976
7958
7977
7959
7978
7960
7979
7961
7980
7962
7981
7963
7982
7964
7983
7965
7984
7966
7985
7967
7986
7968
7987
7969
7988
7970
7989
7971
7990
7991
7973
7992
7974
7993
7975
7994
7976
7995
7977
7996
7978
7997
7979
7998
7980
7999
7981
8000
7982
8001
7983
8002
7984
8003
7985
8004
7986
8005
7987
8006
7988
8007
7989
8008
7990
8009
7991
8010
8011
7993
8012
7994
8013
7995
8014
7996
8015
7997
8016
7998
8017
7999
8018
8000
8019
8001
8020
8002
8021
8003
8022
8004
8023
8005
8024
8006
8025
8007
8026
8008
8027
8009
8028
8010
8029
8011
8030
8031
8013
8032
8014
8033
8015
8034
8016
8035
8017
8036
8018
8037
8019
8038
8020
8039
8021
8040
8022
8041
8023
8042
8024
8043
8025
8044
8026
8045
8027
8046
8028
8047
8029
8048
8030
8049
8031
8050
8051
8033
8052
8034
8053
8035
8054
8036
8055
8037
8056
8038
8057
8039
8058
8040
8059
8041
8060
8042
8061
8043
8062
8044
8063
8045
8064
8046
8065
8047
8066
8048
8067
8049
8068
8050
8069
8051
8070
8071
8053
8072
8054
8073
8055
8074
8056
8075
8057
8076
8058
8077
8059
8078
8060
8079
8061
8080
8062
8081
8063
8082
8064
8083
8065
8084
8066
8085
8067
8086
8068
8087
8069
8088
8070
8089
8071
8090
8091
8073
8092
8074
8093
8075
8094
8076
8095
8077
8096
8078
8097
8079
8098
8080
8099
8081
8100
8082
8101
8083
8102
8084
8103
8085
8104
8086
8105
8087
8106
8088
8107
8089
8108
8090
8109
8091
8110
8111
8093
8112
8094
8113
8095
8114
8096
8115
8097
8116
8098
8117
8099
8118
8100
8119
8101
8120
8102
8121
8103
8122
8104
8123
8105
8124
8106
8125
8107
8126
8108
8127
8109
8128
8110
8129
8111
8130
8131
8113
8132
8114
8133
8115
8134
8116
8135
8117
8136
8118
8137
8119
8138
8120
8139
8121
8140
8122
8141
8123
8142
8124
8143
8125
8144
8126
8145
8127
8146
8128
8147
8129
8148
8130
8149
8131
8150
8151
8133
8152
8134
8153
8135
8154
8136
8155
8137
8156
8138
8157
8139
8158
8140
8159
8141
8160
8142
8161
8143
8162
8144
8163
8145
8164
8146
8165
8147
8166
8148
8167
8149
8168
8150
8169
8151
8170
8171
8153
8172
8154
8173
8155
8174
8156
8175
8157
8176
8158
8177
8159
8178
8160
8179
8161
8180
8162
8181
8163
8182
8164
8183
8165
8184
8166
8185
8167
8186
8168
8187
8169
8188
8170
8189
8171
8190
8191
8173
8192
8174
8193
8175
8194
8176
8195
8177
8196
8178
8197
8179
8198
8180
8199
8181
8200
8182
8201
8183
8202
8184
8203
8185
8204
8186
8205
8187
8206
8188
8207
8189
8208
8190
8209
8191
8210
8211
8193
8212
8194
8213
8195
8214
8196
8215
8197
8216
8198
8217
8199
8218
8200
8219
8201
8220
8202
8221
8203
8222
8204
8223
8205
8224
8206
8225
8207
8226
8208
8227
8209
8228
8210
8229
8211
8230
8231
8213
8232
8214
8233
8215
8234
8216
8235
8217
8236
8218
8237
8219
8238
8220
8239
8221
8240
8222
8241
8223
8242
8224
8243
8225
8244
8226
8245
8227
8246
8228
8247
8229
8248
8230
8249
8231
8250
8251
8233
8252
8234
8253
8235
8254
8236
8255
8237
8256
8238
8257
8239
8258
8240
8259
8241
8260
8242
8261
8243
8262
8244
8263
8245
8264
8246
8265
8247
8266
8248
8267
8249
8268
8250
8269
8251
8270
8271
8253
8272
8254
8273
8255
8274
8256
8275
8257
8276
8258
8277
8259
8278
8260
8279
8261
8280
8262
8281
8263
8282
8264
8283
8265
8284
8266
8285
8267
8286
8268
8287
8269
8288
8270
8289
8271
8290
8291
8273
8292
8274
8293
8275
8294
8276
8295
8277
8296
8278
8297
8279
8298
8280
8299
8281
8300
8282
8301
8283
8302
8284
8303
8285
8304
8286
8305
8287
8306
8288
8307
8289
8308
8290
8309
8291
8310
8311
8293
8312
8294
8313
8295
8314
8296
8315
8297
8316
8298
8317
8299
8318
8300
8319
8301
8320
8302
8321
8303
8322
8304
8323
8305
8324
8306
8325
8307
8326
8308
8327
8309
8328
8310
8329
8311
8330
8331
8313
8332
8314
8333
8315
8334
8316
8335
8317
8336
8318
8337
8319
8338
8320
8339
8321
8340
8322
8341
8323
8342
8324
8343
8325
8344
8326
8345
8327
8346
8328
8347
8329
8348
8330
8349
8331
8350
8351
8333
8352
8334
8353
8335
8354
8336
8355
8337
8356
8338
8357
8339
8358
8340
8359
8341
8360
8342
8361
8343
8362
8344
8363
8345
8364
8346
8365
8347
8366
8348
8367
8349
8368
8350
8369
8351
8370
8371
8353
8372
8354
8373
8355
8374
8356
8375
8357
8376
8358
8377
8359
8378
8360
8379
8361
8380
8362
8381
8363
8382
8364
8383
8365
8384
8366
8385
8367
8386
8368
8387
8369
8388
8370
8389
8371
8390
8391
8373
8392
8374
8393
8375
8394
8376
8395
8377
8396
8378
8397
8379
8398
8380
8399
8381
8400
8382
8401
8383
8402
8384
8403
8385
8404
8386
8405
8387
8406
8388
8407
8389
8408
8390
8409
8391
8410
8411
8393
8412
8394
8413
8395
8414
8396
8415
8397
8416
8398
8417
8399
8418
8400
8419
8401
8420
8402
8421
8403
8422
8404
8423
8405
8424
8406
8425
8407
8426
8408
8427
8409
8428
8410
8429
8411
8430
8431
8413
8432
8414
8433
8415
8434
8416
8435
8417
8436
8418
8437
8419
8438
8420
8439
8421
8440
8422
8441
8423
8442
8424
8443
8425
8444
8426
8445
8427
8446
8428
8447
8429
8448
8430
8449
8431
8450
8451
8433
8452
8434
8453
8435
8454
8436
8455
8437
8456
8438
8457
8439
8458
8440
8459
8441
8460
8442
8461
8443
8462
8444
8463
8445
8464
8446
8465
8447
8466
8448
8467
8449
8468
8450
8469
8451
8470
8471
8453
8472
8454
8473
8455
8474
8456
8475
8457
8476
8458
8477
8459
8478
8460
8479
8461
8480
8462
8481
8463
8482
8464
8483
8465
8484
8466
8485
8467
8486
8468
8487
8469
8488
8470
8489
8471
8490
8491
8473
8492
8474
8493
8475
8494
8476
8495
8477
8496
8478
8497
8479
8498
8480
8499
8481
8500
8482
8501
8483
8502
8484
8503
8485
8504
8486
8505
8487
8506
8488
8507
8489
8508
8490
8509
8491
8510
8511
8493
8512
8494
8513
8495
8514
8496
8515
8497
8516
8498
8517
8499
8518
8500
8519
8501
8520
8502
8521
8503
8522
8504
8523
8505
8524
8506
8525
8507
8526
8508
8527
8509
8528
8510
8529
8511
8530
8531
8513
8532
8514
8533
8515
8534
8516
8535
8517
8536
8518
8537
8519
8538
8520
8539
8521
8540
8522
8541
8523
8542
8524
8543
8525
8544
8526
8545
8527
8546
8528
8547
8529
8548
8530
8549
8531
8550
8551
8533
8552
8534
8553
8535
8554
8536
8555
8537
8556
8538
8557
8539
8558
8540
8559
8541
8560
8542
8561
8543
8562
8544
8563
8545
8564
8546
8565
8547
8566
8548
8567
8549
8568
8550
8569
8551
8570
8571
8553
8572
8554
8573
8555
8574
8556
8575
8557
8576
8558
8577
8559
8578
8560
8579
8561
8580
8562
8581
8563
8582
8564
8583
8565
8584
8566
8585
8567
8586
8568
8587
8569
8588
8570
8589
8571
8590
8591
8573
8592
8574
8593
8575
8594
8576
8595
8577
8596
8578
8597
8579
8598
8580
8599
8581
8600
8582
8601
8583
8602
8584
8603
8585
8604
8586
8605
8587
8606
8588
8607
8589
8608
8590
8609
8591
8610
8611
8593
8612
8594
8613
8595
8614
8596
8615
8597
8616
8598
8617
8599
8618
8600
8619
8601
8620
8602
8621
8603
8622
8604
8623
8605
8624
8606
8625
8607
8626
8608
8627
8609
8628
8610
8629
8611
8630
8631
8613
8632
8614
8633
8615
8634
8616
8635
8617
8636
8618
8637
8619
8638
8620
8639
8621
8640
8622
8641
8623
8642
8624
8643
8625
8644
8626
8645
8627
8646
8628
8647
8629
8648
8630
8649
8631
8650
8651
8633
8652
8634
8653
8635
8654
8636
8655
8637
8656
8638
8657
8639
8658
8640
8659
8641
8660
8642
8661
8643
8662
8644
8663
8645
8664
8646
8665
8647
8666
8648
8667
8649
8668
8650
8669
8651
8670
8671
8653
8672
8654
8673
8655
8674
8656
8675
8657
8676
8658
8677
8659
8678
8660
8679
8661
8680
8662
8681
8663
8682
8664
8683
8665
8684
8666
8685
8667
8686
8668
8687
8669
8688
8670
8689
8671
8690
8691
8673
8692
8674
8693
8675
8694
8676
8695
8677
8696
8678
8697
8679
8698
8680
8699
8681
8700
8682
8701
8683
8702
8684
8703
8685
8704
8686
8705
8687
8706
8688
8707
8689
8708
8690
8709
8691
8710
8711
8693
8712
8694
8713
8695
8714
8696
8715
8697
8716
8698
8717
8699
8718
8700
8719
8701
8720
8702
8721
8703
8722
8704
8723
8705
8724
8706
8725
8707
8726
8708
8727
8709
8728
8710
8729
8711
8730
8731
8713
8732
8714
8733
8715
8734
8716
8735
8717
8736
8718
8737
8719
8738
8720
8739
8721
8740
8722
8741
8723
8742
8724
8743
8725
8744
8726
8745
8727
8746
8728
8747
8729
8748
8730
8749
8731
8750
8751
8733
8752
8734
8753
8735
8754
8736
8755
8737
8756
8738
8757
8739
8758
8740
8759
8741
8760
8742
8761
8743
8762
8744
8763
8745
8764
8746
8765
8747
8766
8748
8767
8749
8768
8750
8769
8751
8770
8771
8753
8772
8754
8773
8755
8774
8756
8775
8757
8776
8758
8777
8759
8778
8760
8779
8761
8780
8762
8781
8763
8782
8764
8783
8765
8784
8766
8785
8767
8786
8768
8787
8769
8788
8770
8789
8771
8790
8791
8773
8792
8774
8793
8775
8794
8776
8795
8777
8796
8778
8797
8779
8798
8780
8799
8781
8800
8782
8801
8783
8802
8784
8803
8785
8804
8786
8805
8787
8806
8788
8807
8789
8808
8790
8809
8791
8810
8811
8793
8812
8794
8813
8795
8814
8796
8815
8797
8816
8798
8817
8799
8818
8800
8819
8801
8820
8802
8821
8803
8822
8804
8823
8805
8824
8806
8825
8807
8826
8808
8827
8809
8828
8810
8829
8811
8830
8831
8813
8832
8814
8833
8815
8834
8816
8835
8817
8836
8818
8837
8819
8838
8820
8839
8821
8840
8822
8841
8823
8842
8824
8843
8825
8844
8826
8845
8827
8846
8828
8847
8829
8848
8830
8849
8831
8850
8851
8833
8852
8834
8853
8835
8854
8836
8855
8837
8856
8838
8857
8839
8858
8840
8859
8841
8860
8842
8861
8843
8862
8844
8863
8845
8864
8846
8865
8847
8866
8848
8867
8849
8868
8850
8869
8851
8870
8871
8853
8872
8854
8873
8855
8874
8856
8875
8857
8876
8858
8877
8859
8878
8860
8879
8861
8880
8862
8881
8863
8882
8864
8883
8865
8884
8866
8885
8867
8886
8868
8887
8869
8888
8870
8889
8871
8890
8891
8873
8892
8874
8893
8875
8894
8876
8895
8877
8896
8878
8897
8879
8898
8880
8899
8881
8900
8882
8901
8883
8902
8884
8903
8885
8904
8886
8905
8887
8906
8888
8907
8889
8908
8890
8909
8891
8910
8911
8893
8912
8894
8913
8895
8914
8896
8915
8897
8916
8898
8917
8899
8918
8900
8919
8901
8920
8902
8921
8903
8922
8904
8923
8905
8924
8906
8925
8907
8926
8908
8927
8909
8928
8910
8929
8911
8930
8931
8913
8932
8914
8933
8915
8934
8916
8935
8917
8936
8918
8937
8919
8938
8920
8939
8921
8940
8922
8941
8923
8942
8924
8943
8925
8944
8926
8945
8927
8946
8928
8947
8929
8948
8930
8949
8931
8950
8951
8933
8952
8934
8953
8935
8954
8936
8955
8937
8956
8938
8957
8939
8958
8940
8959
8941
8960
8942
8961
8943
8962
8944
8963
8945
8964
8946
8965
8947
8966
8948
8967
8949
8968
8950
8969
8951
8970
8971
8953
8972
8954
8973
8955
8974
8956
8975
8957
8976
8958
8977
8959
8978
8960
8979
8961
8980
8962
8981
8963
8982
8964
8983
8965
8984
8966
8985
8967
8986
8968
8987
8969
8988
8970
8989
8971
8990
8991
8973
8992
8974
8993
8975
8994
8976
8995
8977
8996
8978
8997
8979
8998
8980
8999
8981
9000
8982
9001
8983
9002
8984
9003
8985
9004
8986
9005
8987
9006
8988
9007
8989
9008
8990
9009
8991
9010
9011
8993
9012
8994
9013
8995
9014
8996
9015
8997
9016
8998
9017
8999
9018
9000
9019
9001
9020
9002
9021
9003
9022
9004
9023
9005
9024
9006
9025
9007
9026
9008
9027
9009
9028
9010
9029
9011
9030
9031
9013
9014
9015
9016
9017
9018
9019
9020
9021
9022
9023
9024
9025
9026
9027
9028
9029
9030
9031
)


// ************************************************************************* //
