/*--------------------------------*- C++ -*----------------------------------*\
| =========                 |                                                 |
| \\      /  F ield         | OpenFOAM: The Open Source CFD Toolbox           |
|  \\    /   O peration     | Version:  2306                                  |
|   \\  /    A nd           | Website:  www.openfoam.com                      |
|    \\/     M anipulation  |                                                 |
\*---------------------------------------------------------------------------*/
FoamFile
{
    version     2.0;
    format      ascii;
    arch        "LSB;label=32;scalar=64";
    class       volScalarField;
    location    "4e-05";
    object      rho;
}
// * * * * * * * * * * * * * * * * * * * * * * * * * * * * * * * * * * * * * //

dimensions      [1 -3 0 0 0 0 0];

internalField   nonuniform List<scalar> 
9032
(
1.42044
1.41937
1.41845
1.41804
1.41807
1.41847
1.4196
1.42369
1.43199
1.44454
1.45966
1.46917
1.47519
1.47861
1.47991
1.47969
1.47915
1.47814
1.47681
1.47524
1.4735
1.47165
1.46973
1.46772
1.46561
1.46343
1.46123
1.45907
1.45695
1.45487
1.45278
1.45063
1.44833
1.44584
1.44318
1.44045
1.43778
1.43519
1.43267
1.43024
1.42786
1.42547
1.42312
1.42083
1.41856
1.41628
1.41397
1.41157
1.40907
1.40665
1.40454
1.40249
1.40043
1.39832
1.39616
1.39389
1.39143
1.38897
1.38688
1.38507
1.38336
1.38175
1.3802
1.37844
1.37649
1.3744
1.3721
1.37011
1.41818
1.41711
1.41656
1.41662
1.41689
1.41749
1.4193
1.42445
1.43461
1.44986
1.46481
1.47312
1.47747
1.47942
1.47959
1.47916
1.47821
1.47706
1.47572
1.47412
1.47237
1.47053
1.46862
1.46661
1.46449
1.46229
1.46008
1.45792
1.45579
1.45366
1.45147
1.44919
1.44678
1.44424
1.44161
1.43895
1.43633
1.43377
1.43128
1.42883
1.42643
1.42407
1.42175
1.41948
1.41723
1.41498
1.4127
1.41037
1.40795
1.40557
1.40339
1.4013
1.39921
1.39709
1.39495
1.39275
1.39045
1.38814
1.38601
1.38407
1.38227
1.38053
1.37884
1.37712
1.37524
1.37328
1.37123
1.36937
1.41321
1.41325
1.41326
1.41344
1.4137
1.41444
1.41677
1.42305
1.43556
1.45242
1.46525
1.47198
1.47491
1.47619
1.47625
1.47608
1.47574
1.47506
1.47393
1.47244
1.47075
1.46895
1.46706
1.46507
1.46299
1.46084
1.45869
1.45657
1.45446
1.4523
1.45006
1.44769
1.44521
1.44265
1.44007
1.4375
1.43497
1.43247
1.43001
1.42754
1.42509
1.42283
1.42059
1.41835
1.41614
1.41393
1.41171
1.40946
1.40713
1.40476
1.40249
1.40035
1.39829
1.39624
1.39419
1.39211
1.38996
1.38777
1.38558
1.38342
1.38139
1.37955
1.3778
1.37617
1.37449
1.37271
1.37083
1.36915
1.41011
1.41024
1.41017
1.41026
1.41071
1.41153
1.41449
1.42286
1.43769
1.45483
1.46557
1.47077
1.47294
1.47408
1.47442
1.47445
1.47421
1.47352
1.47238
1.47088
1.46917
1.46731
1.46536
1.46333
1.46122
1.45906
1.4569
1.45478
1.45266
1.45048
1.44821
1.44583
1.44335
1.44086
1.4384
1.43593
1.43346
1.43102
1.42861
1.42618
1.42374
1.4215
1.41931
1.41714
1.41499
1.41285
1.41071
1.40857
1.40631
1.40398
1.40166
1.39944
1.39735
1.39534
1.39335
1.39136
1.38929
1.38715
1.38498
1.38278
1.38056
1.37839
1.37649
1.37483
1.37333
1.3718
1.37003
1.36848
1.40883
1.40887
1.40883
1.40902
1.40961
1.41093
1.41483
1.42487
1.44229
1.45874
1.46703
1.47074
1.47216
1.47311
1.47364
1.47386
1.47369
1.47296
1.47173
1.47013
1.46831
1.46633
1.46428
1.4622
1.46007
1.45793
1.45579
1.45364
1.45148
1.44926
1.44696
1.44456
1.44208
1.4396
1.43719
1.43476
1.43235
1.42997
1.42759
1.4252
1.4228
1.42049
1.41822
1.41602
1.41393
1.41187
1.4098
1.40771
1.40554
1.40326
1.4009
1.39856
1.3964
1.39441
1.39246
1.39061
1.3887
1.38665
1.38454
1.38233
1.38
1.37756
1.37533
1.37352
1.3719
1.37037
1.36861
1.36713
1.41049
1.41008
1.4098
1.40998
1.41056
1.41205
1.41714
1.42991
1.44889
1.46328
1.46933
1.47183
1.473
1.4738
1.47425
1.47436
1.47406
1.47319
1.47188
1.4702
1.4681
1.46587
1.46367
1.46155
1.45947
1.45738
1.45524
1.45307
1.45087
1.44862
1.44629
1.44387
1.44134
1.43882
1.43641
1.43401
1.43165
1.42931
1.42696
1.4246
1.4222
1.41981
1.41742
1.41514
1.41304
1.41105
1.40909
1.4071
1.40498
1.4027
1.40028
1.3979
1.39564
1.39358
1.39163
1.38979
1.38798
1.38602
1.38399
1.38182
1.3795
1.37698
1.37448
1.37244
1.37067
1.36889
1.36703
1.36545
1.41326
1.41271
1.41253
1.41276
1.41329
1.41501
1.42149
1.43689
1.45654
1.46797
1.47208
1.47399
1.47504
1.4757
1.47607
1.47605
1.47544
1.47423
1.47263
1.47068
1.46849
1.46617
1.46391
1.46179
1.45971
1.45761
1.45546
1.45325
1.45101
1.4487
1.44634
1.44393
1.44146
1.43898
1.43653
1.4341
1.43173
1.42939
1.42706
1.42471
1.42231
1.41988
1.41746
1.41504
1.41276
1.41081
1.4089
1.40692
1.40481
1.40253
1.40013
1.39776
1.39543
1.39317
1.39109
1.38912
1.38716
1.38514
1.38309
1.38099
1.37881
1.37646
1.37398
1.37172
1.36964
1.36766
1.36565
1.36393
1.41655
1.41678
1.41681
1.4169
1.41709
1.41915
1.42766
1.44549
1.46366
1.4725
1.47573
1.47756
1.47859
1.47896
1.47888
1.47832
1.47717
1.47566
1.47392
1.47197
1.4698
1.46739
1.46503
1.4629
1.46089
1.45884
1.45669
1.45442
1.45203
1.4496
1.44721
1.44487
1.44248
1.44002
1.4375
1.43499
1.43252
1.4301
1.42773
1.42537
1.42293
1.4204
1.41783
1.41532
1.41293
1.41081
1.40885
1.40687
1.40474
1.40248
1.40017
1.39788
1.39552
1.39308
1.39071
1.38849
1.38627
1.38406
1.38192
1.37984
1.37785
1.37575
1.37353
1.37118
1.36887
1.36664
1.3645
1.36259
1.41897
1.41926
1.41922
1.41931
1.41948
1.42224
1.43328
1.4532
1.46979
1.47644
1.47923
1.48092
1.48159
1.48158
1.4811
1.48001
1.47855
1.47699
1.4753
1.47345
1.47138
1.46903
1.46657
1.46433
1.46227
1.46019
1.45803
1.45571
1.45321
1.45061
1.44803
1.44563
1.44331
1.44093
1.43843
1.43586
1.4333
1.43079
1.42837
1.42599
1.42357
1.421
1.41833
1.41571
1.41314
1.41071
1.40857
1.40651
1.40436
1.40213
1.3999
1.39763
1.39524
1.39272
1.39016
1.38767
1.38522
1.38287
1.38066
1.37857
1.37665
1.37468
1.37268
1.37046
1.36818
1.36579
1.36354
1.36139
1.41999
1.42014
1.42046
1.42011
1.42023
1.42436
1.43838
1.45992
1.47466
1.47925
1.48169
1.48312
1.48346
1.48324
1.4824
1.48092
1.47916
1.47754
1.47596
1.47429
1.47238
1.47018
1.46774
1.46542
1.46326
1.46106
1.4588
1.45643
1.45392
1.45127
1.44855
1.44608
1.44368
1.44125
1.43875
1.43622
1.43368
1.43114
1.42867
1.42624
1.42376
1.42117
1.41847
1.41571
1.41292
1.41016
1.40783
1.4057
1.40352
1.40135
1.39921
1.39695
1.39454
1.39201
1.38939
1.38677
1.38415
1.38165
1.37932
1.37712
1.37516
1.3732
1.37129
1.36916
1.36701
1.36461
1.36234
1.35996
1.42007
1.42002
1.42106
1.42006
1.42045
1.42622
1.44361
1.46568
1.47791
1.48146
1.48348
1.48431
1.48426
1.48379
1.48269
1.48111
1.47935
1.47772
1.47615
1.47446
1.47266
1.47063
1.46834
1.46598
1.46373
1.46143
1.45906
1.45661
1.45405
1.45136
1.44862
1.44582
1.44317
1.44064
1.43808
1.43554
1.43301
1.43045
1.42796
1.42554
1.4231
1.42058
1.41792
1.41512
1.41223
1.40942
1.40695
1.40473
1.40255
1.40036
1.39814
1.39582
1.39342
1.39092
1.38833
1.38569
1.38299
1.38033
1.37773
1.37529
1.37318
1.37113
1.3692
1.36711
1.36507
1.36279
1.36061
1.35809
1.40857
1.42055
1.42147
1.41884
1.41995
1.42824
1.4493
1.47086
1.47948
1.48256
1.48424
1.48473
1.48443
1.48371
1.48255
1.48106
1.47946
1.47774
1.47605
1.47431
1.47246
1.47045
1.46825
1.46586
1.46329
1.4607
1.45811
1.45555
1.45299
1.45034
1.44757
1.44475
1.44206
1.43941
1.4368
1.43427
1.43177
1.42926
1.42676
1.42431
1.42185
1.41934
1.41674
1.414
1.41114
1.4083
1.40563
1.40316
1.40082
1.39851
1.39619
1.39379
1.39132
1.38881
1.38627
1.38369
1.38106
1.37838
1.37565
1.37304
1.37078
1.36865
1.36663
1.36452
1.36251
1.36035
1.3583
1.3558
1.3044
1.42354
1.41954
1.41693
1.42007
1.43125
1.45605
1.47548
1.48085
1.4832
1.48429
1.48442
1.48405
1.48323
1.48212
1.48085
1.47931
1.47759
1.47581
1.47398
1.47198
1.46992
1.46775
1.46532
1.46266
1.4599
1.45715
1.45442
1.45172
1.44902
1.44624
1.44341
1.44063
1.43789
1.43518
1.43246
1.42975
1.42712
1.42458
1.42205
1.4195
1.41692
1.41428
1.41154
1.40868
1.40583
1.40311
1.40058
1.39817
1.39577
1.39335
1.39087
1.3884
1.38592
1.38346
1.38096
1.37843
1.37579
1.37302
1.37032
1.36789
1.36567
1.36357
1.3615
1.35953
1.35753
1.35565
1.3534
0.915252
1.32725
1.40785
1.41767
1.42106
1.4356
1.46346
1.47832
1.48199
1.48335
1.48378
1.48375
1.48349
1.48283
1.48169
1.4803
1.47884
1.47714
1.47503
1.47274
1.47038
1.46811
1.46589
1.46359
1.46109
1.45837
1.45554
1.45262
1.44969
1.44676
1.44385
1.44095
1.43803
1.4351
1.43215
1.42921
1.42631
1.42355
1.421
1.41853
1.41607
1.41357
1.411
1.40834
1.4056
1.40285
1.40013
1.39753
1.39503
1.39253
1.39004
1.38753
1.38507
1.38264
1.38028
1.37792
1.37556
1.37306
1.37044
1.36784
1.3654
1.36324
1.3611
1.35902
1.35688
1.35502
1.3532
1.35127
0.640934
0.914553
1.29968
1.42028
1.41849
1.44255
1.47114
1.47988
1.48241
1.48291
1.48324
1.48362
1.48345
1.48264
1.4813
1.47961
1.47769
1.47553
1.47311
1.47056
1.46805
1.46566
1.46331
1.46083
1.4581
1.45516
1.45215
1.44913
1.4462
1.44333
1.44045
1.43756
1.43465
1.4317
1.42867
1.42556
1.42247
1.41962
1.41709
1.41468
1.41228
1.40983
1.4073
1.40466
1.40198
1.39934
1.39678
1.39433
1.39191
1.38949
1.38703
1.38455
1.3821
1.3797
1.37739
1.37513
1.37289
1.37057
1.36819
1.36586
1.36348
1.36132
1.35902
1.35683
1.35466
1.35307
1.35128
1.34968
0.620166
0.638295
0.904263
1.31264
1.40789
1.45511
1.47389
1.47906
1.48146
1.48191
1.48284
1.48369
1.48348
1.48203
1.47987
1.47765
1.47549
1.47327
1.47074
1.46789
1.46501
1.46234
1.45975
1.457
1.45399
1.45085
1.4477
1.44461
1.44172
1.43904
1.43642
1.43372
1.43099
1.42819
1.42527
1.42218
1.41904
1.41617
1.41374
1.41148
1.40922
1.40686
1.40435
1.40168
1.399
1.39641
1.39396
1.3916
1.38927
1.38694
1.3845
1.38202
1.37958
1.37729
1.37506
1.37291
1.37082
1.36871
1.36658
1.3644
1.36212
1.35999
1.35771
1.35569
1.35365
1.35203
1.35025
1.34871
0.62007
0.620145
0.638174
0.886419
1.29856
1.46191
1.47222
1.4787
1.48139
1.48176
1.48319
1.48352
1.48239
1.47976
1.47701
1.47473
1.47257
1.47023
1.46751
1.46444
1.46131
1.45838
1.45552
1.45248
1.44943
1.44647
1.44353
1.44057
1.43768
1.4351
1.43273
1.43033
1.42788
1.42535
1.42266
1.41973
1.41663
1.41372
1.41133
1.40922
1.40706
1.40471
1.40216
1.39941
1.39666
1.39408
1.39171
1.38944
1.38723
1.38499
1.38264
1.38028
1.378
1.37583
1.37365
1.37155
1.36953
1.36752
1.36552
1.36344
1.36139
1.35933
1.3572
1.35512
1.35306
1.35137
1.34958
1.34801
0.62007
0.62007
0.620144
0.634409
0.87567
1.34479
1.46198
1.4835
1.48015
1.48042
1.48208
1.48146
1.47923
1.47614
1.47336
1.4712
1.46912
1.46681
1.46422
1.46129
1.45786
1.45444
1.45133
1.44844
1.44584
1.44327
1.44058
1.4377
1.4348
1.43214
1.42976
1.42766
1.42557
1.42335
1.42091
1.4182
1.41522
1.41223
1.40967
1.40751
1.40533
1.40304
1.40057
1.39792
1.39517
1.39259
1.39026
1.38804
1.38592
1.38377
1.38152
1.37926
1.37704
1.37485
1.37264
1.37053
1.36852
1.36658
1.36467
1.36273
1.36087
1.35885
1.35682
1.35468
1.35256
1.35079
1.349
1.34735
0.62007
0.62007
0.62007
0.620122
0.632499
0.905961
1.3776
1.49238
1.47683
1.47916
1.48012
1.47758
1.47513
1.4724
1.46977
1.46769
1.46578
1.46369
1.46114
1.45807
1.45457
1.45141
1.44897
1.44657
1.44409
1.44153
1.43883
1.43601
1.43329
1.43073
1.4282
1.42594
1.42396
1.42192
1.41964
1.41709
1.41426
1.41125
1.40845
1.40612
1.40402
1.40187
1.39951
1.39692
1.39411
1.39145
1.3891
1.38686
1.38477
1.38274
1.38069
1.3786
1.37648
1.3742
1.37181
1.36965
1.36773
1.36593
1.36414
1.36233
1.36052
1.35855
1.35657
1.35449
1.3524
1.35069
1.34886
1.34736
0.62007
0.62007
0.62007
0.62007
0.620111
0.637275
0.965646
1.40536
1.46493
1.48083
1.47596
1.47223
1.4705
1.469
1.46763
1.46592
1.46416
1.462
1.45931
1.45631
1.4533
1.45055
1.448
1.44541
1.44278
1.44012
1.43754
1.43509
1.43279
1.43049
1.42797
1.42521
1.42278
1.42062
1.41841
1.41598
1.41332
1.41045
1.40764
1.40514
1.40292
1.40076
1.39844
1.39593
1.3932
1.39046
1.38804
1.3858
1.38372
1.3818
1.37992
1.37794
1.37589
1.37382
1.37172
1.36965
1.36773
1.3659
1.36409
1.36226
1.36044
1.35851
1.35651
1.35444
1.35232
1.35053
1.3487
1.34719
0.62007
0.62007
0.62007
0.62007
0.62007
0.620142
0.646992
1.0322
1.43121
1.49348
1.47108
1.46995
1.46866
1.46777
1.46662
1.46522
1.46323
1.46074
1.45818
1.45537
1.45267
1.45018
1.44745
1.44469
1.44196
1.43924
1.43682
1.43472
1.43266
1.43051
1.4281
1.4252
1.42214
1.4196
1.41729
1.41494
1.41241
1.40978
1.4071
1.40446
1.40203
1.39966
1.3973
1.39485
1.39235
1.38998
1.38776
1.38566
1.38363
1.38169
1.37985
1.37796
1.37598
1.37395
1.37191
1.36992
1.36798
1.3661
1.36423
1.36238
1.36051
1.35857
1.35656
1.35446
1.35231
1.35036
1.34851
1.347
0.62007
0.62007
0.62007
0.62007
0.62007
0.62007
0.620208
0.668226
1.10411
1.43755
1.4598
1.47025
1.46864
1.46746
1.4667
1.46476
1.46227
1.45978
1.45723
1.45466
1.45223
1.45011
1.44763
1.44488
1.44207
1.43921
1.43651
1.43445
1.43257
1.43049
1.42798
1.42487
1.42151
1.41861
1.4161
1.4138
1.41159
1.40929
1.40683
1.40426
1.40167
1.39899
1.39622
1.39379
1.39168
1.38967
1.38768
1.38572
1.38378
1.38184
1.38
1.37817
1.37624
1.37428
1.37232
1.37036
1.36837
1.36639
1.36444
1.36254
1.36063
1.35867
1.35663
1.35447
1.35231
1.35028
1.34838
1.3469
0.62007
0.62007
0.62007
0.62007
0.62007
0.62007
0.62007
0.620435
0.692261
1.15786
1.46232
1.48155
1.46963
1.46855
1.46725
1.46474
1.46191
1.45957
1.45723
1.45477
1.4524
1.4504
1.44811
1.44542
1.44265
1.43965
1.43655
1.43384
1.43178
1.42972
1.42729
1.42432
1.42085
1.41761
1.41496
1.41257
1.41045
1.40849
1.40636
1.404
1.40145
1.39868
1.39593
1.39356
1.39143
1.38961
1.38791
1.38611
1.38419
1.38223
1.38028
1.37836
1.3764
1.37444
1.3725
1.37054
1.36854
1.36652
1.36451
1.36259
1.36067
1.3587
1.35662
1.35444
1.35231
1.35032
1.34837
1.3469
0.62007
0.62007
0.62007
0.62007
0.62007
0.62007
0.62007
0.620071
0.620788
0.722828
1.2237
1.45192
1.46688
1.46981
1.46744
1.46462
1.4627
1.46068
1.45806
1.45522
1.45269
1.45049
1.44822
1.44562
1.44299
1.44009
1.43674
1.43337
1.43077
1.42861
1.42627
1.42356
1.42036
1.41681
1.41371
1.41122
1.40903
1.40726
1.4057
1.40366
1.40124
1.39845
1.39574
1.39352
1.3915
1.38977
1.3882
1.38642
1.38444
1.38236
1.38037
1.37844
1.37654
1.37456
1.37256
1.37052
1.36846
1.36637
1.36431
1.36241
1.36053
1.35857
1.35649
1.35435
1.35237
1.35044
1.34849
1.34706
0.62007
0.62007
0.62007
0.62007
0.62007
0.62007
0.62007
0.62007
0.620071
0.621515
0.758412
1.25739
1.47215
1.47771
1.46753
1.46586
1.46473
1.46211
1.45884
1.45555
1.45251
1.45009
1.44794
1.44558
1.443
1.4402
1.43687
1.43306
1.4299
1.42756
1.42552
1.42309
1.4201
1.41664
1.4131
1.41028
1.40794
1.40616
1.40503
1.40351
1.40122
1.39862
1.39603
1.39383
1.39183
1.39005
1.38839
1.38653
1.38456
1.38247
1.3804
1.3784
1.37638
1.37431
1.37226
1.37019
1.36806
1.36583
1.36376
1.36194
1.36015
1.35822
1.35619
1.35423
1.35241
1.35055
1.3487
1.34738
0.62007
0.62007
0.62007
0.62007
0.62007
0.62007
0.62007
0.62007
0.62007
0.620072
0.622717
0.791723
1.30468
1.45817
1.46482
1.46828
1.4653
1.46195
1.45906
1.45518
1.45139
1.44853
1.44645
1.44468
1.44258
1.43985
1.43673
1.43302
1.42963
1.42716
1.42514
1.42314
1.4203
1.41704
1.41335
1.41022
1.40782
1.40588
1.40473
1.40365
1.4016
1.39931
1.39678
1.39434
1.39226
1.3903
1.38848
1.38658
1.38459
1.38255
1.38045
1.37829
1.37612
1.37398
1.37185
1.36967
1.36747
1.36524
1.36324
1.36145
1.35965
1.35776
1.3559
1.35407
1.35234
1.35064
1.34896
1.34777
0.62007
0.62007
0.62007
0.62007
0.62007
0.62007
0.62007
0.62007
0.62007
0.62007
0.620075
0.624371
0.829741
1.31037
1.47339
1.475
1.46387
1.46199
1.4588
1.45419
1.45001
1.44696
1.44487
1.44324
1.44164
1.43894
1.43592
1.43236
1.42917
1.42673
1.4249
1.42332
1.42074
1.41779
1.41422
1.41071
1.40824
1.4062
1.40487
1.40396
1.40224
1.40012
1.39768
1.39495
1.39255
1.39047
1.38851
1.38659
1.38463
1.38263
1.38052
1.37828
1.37604
1.37388
1.37171
1.36947
1.36718
1.36498
1.36307
1.36125
1.35938
1.3575
1.35569
1.35392
1.35224
1.35073
1.34924
1.34813
0.62007
0.62007
0.62007
0.62007
0.62007
0.62007
0.62007
0.62007
0.62007
0.62007
0.62007
0.620079
0.627078
0.85109
1.35254
1.46024
1.46113
1.46279
1.45714
1.45364
1.44964
1.4466
1.44408
1.44213
1.44063
1.43801
1.43494
1.43137
1.42832
1.42585
1.42419
1.42298
1.42077
1.41815
1.41496
1.41142
1.40884
1.40673
1.40523
1.40426
1.40266
1.40058
1.39819
1.39538
1.3927
1.3905
1.38848
1.38653
1.3846
1.38265
1.38055
1.37834
1.3761
1.37389
1.37165
1.3694
1.36719
1.36518
1.36331
1.3614
1.3594
1.35748
1.35563
1.35389
1.35227
1.35091
1.34954
1.34843
0.62007
0.62007
0.62007
0.62007
0.62007
0.62007
0.62007
0.62007
0.62007
0.62007
0.62007
0.62007
0.620089
0.6294
0.89831
1.34083
1.46682
1.46735
1.45789
1.45411
1.45017
1.44717
1.44457
1.44253
1.44065
1.43796
1.43482
1.43092
1.42762
1.42498
1.42329
1.42229
1.42045
1.41809
1.41523
1.41188
1.40928
1.40717
1.40552
1.40433
1.40266
1.40054
1.39816
1.39546
1.39279
1.39049
1.38843
1.38644
1.38448
1.38244
1.3803
1.37813
1.37593
1.37372
1.37152
1.3694
1.3674
1.36554
1.36371
1.36176
1.35975
1.35782
1.35594
1.35421
1.35258
1.35122
1.34984
1.34864
0.62007
0.62007
0.62007
0.62007
0.62007
0.62007
0.62007
0.62007
0.62007
0.62007
0.62007
0.62007
0.62007
0.620099
0.635068
0.901455
1.36441
1.45837
1.45578
1.45471
1.45141
1.44834
1.44565
1.44378
1.44157
1.439
1.43564
1.43164
1.42804
1.4251
1.42309
1.42194
1.42028
1.41804
1.41529
1.41224
1.4097
1.40754
1.40572
1.40416
1.40228
1.40009
1.39768
1.39519
1.39285
1.39065
1.38856
1.38648
1.38434
1.38208
1.37985
1.37775
1.37569
1.37355
1.37144
1.36944
1.36755
1.36578
1.36401
1.3622
1.36031
1.35845
1.35656
1.35481
1.35309
1.35154
1.35009
1.34875
0.62007
0.62007
0.62007
0.62007
0.62007
0.62007
0.62007
0.62007
0.62007
0.62007
0.62007
0.62007
0.62007
0.62007
0.620128
0.635363
0.917018
1.36096
1.45988
1.45709
1.44853
1.44528
1.44482
1.44453
1.44275
1.4401
1.43646
1.43263
1.4293
1.42648
1.42434
1.42251
1.42043
1.41807
1.41527
1.41249
1.41016
1.40799
1.406
1.40395
1.40174
1.39934
1.39695
1.39479
1.39278
1.39078
1.3887
1.38658
1.38428
1.38182
1.37952
1.37746
1.37551
1.37347
1.37142
1.36948
1.36763
1.36586
1.36417
1.36247
1.36069
1.35893
1.35714
1.35538
1.35357
1.35186
1.35035
1.34884
0.62007
0.62007
0.62007
0.62007
0.62007
0.62007
0.62007
0.62007
0.62007
0.62007
0.62007
0.62007
0.62007
0.62007
0.62007
0.620125
0.638416
0.923243
1.37013
1.43944
1.44041
1.44165
1.44456
1.44435
1.44259
1.43941
1.43574
1.43248
1.42977
1.42772
1.42578
1.42352
1.42095
1.41795
1.41488
1.41243
1.41026
1.40832
1.40627
1.40401
1.40146
1.39874
1.3964
1.39433
1.3925
1.39075
1.38872
1.38655
1.38418
1.38164
1.37936
1.3773
1.37542
1.37349
1.37146
1.36948
1.36762
1.36589
1.36427
1.36264
1.36091
1.3592
1.35745
1.3557
1.35392
1.35213
1.35057
1.34897
0.62007
0.62007
0.62007
0.62007
0.62007
0.62007
0.62007
0.62007
0.62007
0.62007
0.62007
0.62007
0.62007
0.62007
0.62007
0.62007
0.620148
0.638858
0.92768
1.33514
1.4542
1.45145
1.4449
1.44239
1.43956
1.43608
1.43408
1.43165
1.4295
1.42784
1.42612
1.42396
1.4209
1.41732
1.41437
1.41209
1.41004
1.40838
1.40646
1.40411
1.40137
1.39843
1.39609
1.39399
1.39214
1.39049
1.38856
1.38638
1.38404
1.38158
1.37933
1.37724
1.37534
1.37345
1.37146
1.36954
1.36777
1.36612
1.36454
1.36286
1.36108
1.35928
1.35749
1.35574
1.35404
1.35233
1.35078
1.34914
0.62007
0.62007
0.62007
0.62007
0.62007
0.62007
0.62007
0.62007
0.62007
0.62007
0.62007
0.62007
0.62007
0.62007
0.62007
0.62007
0.62007
0.620152
0.638466
0.891082
1.33648
1.44427
1.44376
1.43993
1.43732
1.43653
1.43365
1.43114
1.42896
1.427
1.42531
1.42369
1.42051
1.41703
1.41409
1.41178
1.40978
1.40836
1.40663
1.4043
1.40155
1.39854
1.39608
1.39393
1.39193
1.39015
1.38832
1.38622
1.38398
1.38164
1.37941
1.37729
1.37527
1.37328
1.37136
1.36959
1.36796
1.36646
1.36492
1.36319
1.36135
1.35942
1.35749
1.3557
1.35403
1.35239
1.35088
1.34924
0.62007
0.62007
0.62007
0.62007
0.62007
0.62007
0.62007
0.62007
0.62007
0.62007
0.62007
0.62007
0.62007
0.62007
0.62007
0.62007
0.62007
0.62007
0.620142
0.634052
0.876434
1.32972
1.44043
1.44451
1.44017
1.43835
1.43708
1.43377
1.42983
1.42744
1.42557
1.4231
1.42052
1.41765
1.41452
1.41197
1.40978
1.40826
1.40664
1.40444
1.40191
1.39908
1.39642
1.39414
1.39199
1.38998
1.38807
1.3861
1.38404
1.38193
1.37973
1.37749
1.37524
1.37314
1.37124
1.36952
1.36798
1.36658
1.36517
1.36353
1.36171
1.35971
1.35768
1.35578
1.35403
1.35235
1.35083
1.34921
0.62007
0.62007
0.62007
0.62007
0.62007
0.62007
0.62007
0.62007
0.62007
0.62007
0.62007
0.62007
0.62007
0.62007
0.62007
0.62007
0.62007
0.62007
0.62007
0.620121
0.632298
0.8683
1.28287
1.42903
1.44636
1.44504
1.44028
1.43455
1.43084
1.42748
1.42457
1.42249
1.42064
1.4184
1.41532
1.41235
1.40982
1.40784
1.4061
1.40413
1.40189
1.39942
1.39688
1.39446
1.39215
1.38996
1.38784
1.38582
1.38397
1.38213
1.38
1.37774
1.37537
1.37312
1.37119
1.36941
1.36782
1.36642
1.36507
1.36362
1.36193
1.36005
1.35807
1.35606
1.35412
1.35233
1.3507
1.34902
0.62007
0.62007
0.62007
0.62007
0.62007
0.62007
0.62007
0.62007
0.62007
0.62007
0.62007
0.62007
0.62007
0.62007
0.62007
0.62007
0.62007
0.62007
0.62007
0.62007
0.620113
0.630247
0.817839
1.23294
1.43834
1.43852
1.43687
1.43155
1.42677
1.42406
1.42246
1.42095
1.41994
1.41858
1.41597
1.41296
1.40985
1.40728
1.40516
1.40322
1.4013
1.39926
1.39713
1.39487
1.39243
1.38991
1.38754
1.3854
1.38352
1.38186
1.37998
1.37785
1.37563
1.37334
1.37125
1.3694
1.36765
1.36607
1.36459
1.36316
1.36173
1.36013
1.35831
1.35639
1.35437
1.35237
1.35063
1.34884
0.62007
0.62007
0.62007
0.62007
0.62007
0.62007
0.62007
0.62007
0.62007
0.62007
0.62007
0.62007
0.62007
0.62007
0.62007
0.62007
0.62007
0.62007
0.62007
0.62007
0.62007
0.620098
0.625926
0.769675
1.22423
1.40922
1.43093
1.42922
1.42448
1.42079
1.4202
1.41977
1.41859
1.41784
1.41576
1.41314
1.41028
1.40726
1.40457
1.40229
1.40037
1.39887
1.39729
1.39526
1.39295
1.39026
1.38752
1.38514
1.38304
1.38125
1.37958
1.37767
1.37567
1.37359
1.3715
1.36954
1.36767
1.36585
1.36412
1.36252
1.36108
1.35974
1.35822
1.35644
1.35454
1.35253
1.35062
1.34878
0.62007
0.62007
0.62007
0.62007
0.62007
0.62007
0.62007
0.62007
0.62007
0.62007
0.62007
0.62007
0.62007
0.62007
0.62007
0.62007
0.62007
0.62007
0.62007
0.62007
0.62007
0.62007
0.620083
0.623392
0.755811
1.15286
1.406
1.4395
1.43356
1.42612
1.42244
1.42007
1.41854
1.41629
1.41425
1.41231
1.4104
1.40789
1.40478
1.40197
1.39976
1.39812
1.39683
1.39534
1.39328
1.39085
1.38813
1.38541
1.38299
1.38088
1.37904
1.37728
1.37544
1.3736
1.37178
1.36991
1.36796
1.36595
1.36399
1.36217
1.3605
1.35907
1.35779
1.35627
1.35452
1.35267
1.35071
1.34885
0.62007
0.62007
0.62007
0.62007
0.62007
0.62007
0.62007
0.62007
0.62007
0.62007
0.62007
0.62007
0.62007
0.62007
0.62007
0.62007
0.62007
0.62007
0.62007
0.62007
0.62007
0.62007
0.62007
0.620077
0.622613
0.715769
1.07434
1.39477
1.4301
1.43166
1.42789
1.42274
1.4183
1.41471
1.41266
1.41126
1.40997
1.4077
1.40497
1.40195
1.39946
1.39743
1.39579
1.39439
1.39275
1.3907
1.3884
1.3859
1.38338
1.38105
1.37892
1.37695
1.3751
1.37335
1.37173
1.37011
1.36826
1.36627
1.36417
1.36218
1.36035
1.35868
1.35726
1.35596
1.3544
1.35267
1.35085
1.349
0.62007
0.62007
0.62007
0.62007
0.62007
0.62007
0.62007
0.62007
0.62007
0.62007
0.62007
0.62007
0.62007
0.62007
0.62007
0.62007
0.62007
0.62007
0.62007
0.62007
0.62007
0.62007
0.62007
0.62007
0.620074
0.621267
0.676863
1.02611
1.33014
1.42431
1.42907
1.4234
1.41656
1.41333
1.4112
1.40949
1.40838
1.40696
1.4049
1.40258
1.39991
1.39733
1.39514
1.39326
1.39154
1.3897
1.38776
1.38574
1.3836
1.38137
1.37913
1.37694
1.37494
1.37308
1.37136
1.36984
1.36826
1.36638
1.36437
1.36232
1.36042
1.35864
1.357
1.35561
1.35423
1.35257
1.35087
1.34907
0.62007
0.62007
0.62007
0.62007
0.62007
0.62007
0.62007
0.62007
0.62007
0.62007
0.62007
0.62007
0.62007
0.62007
0.62007
0.62007
0.62007
0.62007
0.62007
0.62007
0.62007
0.62007
0.62007
0.62007
0.62007
0.620071
0.620542
0.659184
0.918627
1.3051
1.42127
1.41785
1.41799
1.41563
1.41343
1.40979
1.40783
1.40664
1.40554
1.40375
1.40115
1.39825
1.39544
1.39295
1.39068
1.38854
1.38658
1.38479
1.38306
1.38123
1.37928
1.37724
1.37511
1.37309
1.3712
1.36952
1.36801
1.36627
1.36436
1.36237
1.36045
1.35866
1.35695
1.3554
1.35403
1.35245
1.35077
1.34899
0.62007
0.62007
0.62007
0.62007
0.62007
0.62007
0.62007
0.62007
0.62007
0.62007
0.62007
0.62007
0.62007
0.62007
0.62007
0.62007
0.62007
0.62007
0.62007
0.62007
0.62007
0.62007
0.62007
0.62007
0.62007
0.62007
0.620071
0.62032
0.63794
0.839587
1.24411
1.39155
1.42841
1.42255
1.41746
1.41133
1.40799
1.40644
1.40515
1.40317
1.40074
1.39847
1.39611
1.39363
1.39103
1.38837
1.38594
1.38385
1.38216
1.38073
1.37919
1.37738
1.37545
1.37338
1.3714
1.36954
1.36782
1.36603
1.36411
1.36215
1.36029
1.35854
1.35688
1.35534
1.35395
1.35237
1.35066
1.34887
0.62007
0.62007
0.62007
0.62007
0.62007
0.62007
0.62007
0.62007
0.62007
0.62007
0.62007
0.62007
0.62007
0.62007
0.62007
0.62007
0.62007
0.62007
0.62007
0.62007
0.62007
0.62007
0.62007
0.62007
0.62007
0.62007
0.62007
0.62007
0.620137
0.627971
0.776781
1.13895
1.38634
1.421
1.41269
1.40749
1.40481
1.40406
1.40365
1.40155
1.39941
1.39749
1.39587
1.39408
1.39175
1.389
1.38612
1.38369
1.38167
1.38006
1.37874
1.37725
1.37546
1.37353
1.37163
1.36977
1.36786
1.36589
1.36387
1.36185
1.36002
1.35833
1.35675
1.35532
1.35399
1.35239
1.35058
1.34876
0.62007
0.62007
0.62007
0.62007
0.62007
0.62007
0.62007
0.62007
0.62007
0.62007
0.62007
0.62007
0.62007
0.62007
0.62007
0.62007
0.62007
0.62007
0.62007
0.62007
0.62007
0.62007
0.62007
0.62007
0.62007
0.62007
0.62007
0.62007
0.62007
0.620091
0.623452
0.709078
1.0352
1.35329
1.40427
1.40549
1.40708
1.40537
1.40385
1.40125
1.39856
1.39655
1.39495
1.39353
1.39147
1.38905
1.38643
1.38398
1.38186
1.37999
1.37845
1.3769
1.37506
1.3732
1.37146
1.3697
1.36775
1.36574
1.3637
1.36165
1.35981
1.35817
1.35667
1.35534
1.35407
1.35243
1.35056
1.34871
0.62007
0.62007
0.62007
0.62007
0.62007
0.62007
0.62007
0.62007
0.62007
0.62007
0.62007
0.62007
0.62007
0.62007
0.62007
0.62007
0.62007
0.62007
0.62007
0.62007
0.62007
0.62007
0.62007
0.62007
0.62007
0.62007
0.62007
0.62007
0.62007
0.62007
0.620076
0.621155
0.662895
0.934752
1.26424
1.40527
1.41502
1.40987
1.40575
1.40245
1.39946
1.39704
1.39483
1.39288
1.39087
1.38873
1.38655
1.3845
1.38244
1.38047
1.37856
1.37657
1.37454
1.37263
1.37085
1.36914
1.36734
1.36544
1.36353
1.3616
1.35978
1.35817
1.35669
1.3554
1.35412
1.35246
1.35055
1.34871
0.62007
0.62007
0.62007
0.62007
0.62007
0.62007
0.62007
0.62007
0.62007
0.62007
0.62007
0.62007
0.62007
0.62007
0.62007
0.62007
0.62007
0.62007
0.62007
0.62007
0.62007
0.62007
0.62007
0.62007
0.62007
0.62007
0.62007
0.62007
0.62007
0.62007
0.62007
0.620071
0.620368
0.640068
0.807964
1.20049
1.3662
1.39566
1.39986
1.40097
1.39951
1.39766
1.39537
1.39283
1.3903
1.38795
1.38606
1.38434
1.38258
1.3806
1.37857
1.37653
1.37442
1.37233
1.37037
1.36852
1.36675
1.36506
1.3633
1.36152
1.35979
1.35818
1.35667
1.35533
1.35398
1.35232
1.35046
1.34864
0.62007
0.62007
0.62007
0.62007
0.62007
0.62007
0.62007
0.62007
0.62007
0.62007
0.62007
0.62007
0.62007
0.62007
0.62007
0.62007
0.62007
0.62007
0.62007
0.62007
0.62007
0.62007
0.62007
0.62007
0.62007
0.62007
0.62007
0.62007
0.62007
0.62007
0.62007
0.62007
0.62007
0.620151
0.625549
0.738297
1.0573
1.34035
1.40177
1.39996
1.39999
1.39987
1.39544
1.3922
1.38939
1.38719
1.38533
1.38365
1.38209
1.38046
1.37859
1.37665
1.37457
1.37227
1.37006
1.36805
1.36615
1.3645
1.36304
1.36142
1.35973
1.35809
1.35652
1.35513
1.35371
1.35207
1.35028
1.34852
0.62007
0.62007
0.62007
0.62007
0.62007
0.62007
0.62007
0.62007
0.62007
0.62007
0.62007
0.62007
0.62007
0.62007
0.62007
0.62007
0.62007
0.62007
0.62007
0.62007
0.62007
0.62007
0.62007
0.62007
0.62007
0.62007
0.62007
0.62007
0.62007
0.62007
0.62007
0.62007
0.62007
0.62007
0.620082
0.621926
0.672858
0.927766
1.25355
1.37569
1.40815
1.40405
1.3943
1.39039
1.38874
1.3872
1.38534
1.38343
1.3816
1.38007
1.37832
1.37634
1.37429
1.37197
1.36961
1.36757
1.36567
1.36402
1.36271
1.36133
1.35963
1.3579
1.35626
1.35477
1.35332
1.35172
1.35002
1.34834
0.62007
0.62007
0.62007
0.62007
0.62007
0.62007
0.62007
0.62007
0.62007
0.62007
0.62007
0.62007
0.62007
0.62007
0.62007
0.62007
0.62007
0.62007
0.62007
0.62007
0.62007
0.62007
0.62007
0.62007
0.62007
0.62007
0.62007
0.62007
0.62007
0.62007
0.62007
0.62007
0.62007
0.62007
0.62007
0.620072
0.620486
0.637633
0.802939
1.12559
1.36801
1.38579
1.3853
1.38709
1.39035
1.38819
1.38584
1.38346
1.38129
1.37954
1.3778
1.37576
1.37366
1.37137
1.36904
1.36707
1.36522
1.36356
1.36228
1.3611
1.35947
1.35768
1.3559
1.35431
1.35284
1.35134
1.34974
1.34814
0.62007
0.62007
0.62007
0.62007
0.62007
0.62007
0.62007
0.62007
0.62007
0.62007
0.62007
0.62007
0.62007
0.62007
0.62007
0.62007
0.62007
0.62007
0.62007
0.62007
0.62007
0.62007
0.62007
0.62007
0.62007
0.62007
0.62007
0.62007
0.62007
0.62007
0.62007
0.62007
0.62007
0.62007
0.62007
0.62007
0.620071
0.620134
0.625135
0.701819
0.996711
1.27007
1.38474
1.40027
1.39773
1.3897
1.3854
1.38242
1.38045
1.37888
1.37725
1.37519
1.37304
1.37089
1.36873
1.36684
1.36499
1.36326
1.36189
1.36074
1.35915
1.35735
1.35541
1.35374
1.35226
1.35091
1.3495
1.348
0.62007
0.62007
0.62007
0.62007
0.62007
0.62007
0.62007
0.62007
0.62007
0.62007
0.62007
0.62007
0.62007
0.62007
0.62007
0.62007
0.62007
0.62007
0.62007
0.62007
0.62007
0.62007
0.62007
0.62007
0.62007
0.62007
0.62007
0.62007
0.62007
0.62007
0.62007
0.62007
0.62007
0.62007
0.62007
0.62007
0.62007
0.62007
0.620079
0.62102
0.651388
0.839305
1.17272
1.34916
1.37799
1.38007
1.38351
1.38226
1.38029
1.37873
1.37709
1.3754
1.37333
1.37126
1.36907
1.36689
1.36489
1.36298
1.36137
1.36012
1.35861
1.35687
1.35498
1.35328
1.35181
1.3505
1.34927
1.34789
0.62007
0.62007
0.62007
0.62007
0.62007
0.62007
0.62007
0.62007
0.62007
0.62007
0.62007
0.62007
0.62007
0.62007
0.62007
0.62007
0.62007
0.62007
0.62007
0.62007
0.62007
0.62007
0.62007
0.62007
0.62007
0.62007
0.62007
0.62007
0.62007
0.62007
0.62007
0.62007
0.62007
0.62007
0.62007
0.62007
0.62007
0.62007
0.62007
0.620071
0.620242
0.628221
0.723378
1.02358
1.27027
1.3823
1.39366
1.39028
1.38355
1.37936
1.3764
1.3745
1.37269
1.37104
1.36894
1.36659
1.36451
1.36264
1.36101
1.35974
1.35833
1.35665
1.35478
1.35297
1.35146
1.35009
1.34894
1.34761
0.62007
0.62007
0.62007
0.62007
0.62007
0.62007
0.62007
0.62007
0.62007
0.62007
0.62007
0.62007
0.62007
0.62007
0.62007
0.62007
0.62007
0.62007
0.62007
0.62007
0.62007
0.62007
0.62007
0.62007
0.62007
0.62007
0.62007
0.62007
0.62007
0.62007
0.62007
0.62007
0.62007
0.62007
0.62007
0.62007
0.62007
0.62007
0.62007
0.62007
0.62007
0.620089
0.621543
0.660893
0.845815
1.17456
1.33455
1.37465
1.3769
1.376
1.37305
1.37232
1.37129
1.37028
1.36845
1.36624
1.36429
1.36256
1.36101
1.35977
1.35835
1.35667
1.35484
1.3529
1.35126
1.34975
1.34847
1.34705
0.62007
0.62007
0.62007
0.62007
0.62007
0.62007
0.62007
0.62007
0.62007
0.62007
0.62007
0.62007
0.62007
0.62007
0.62007
0.62007
0.62007
0.62007
0.62007
0.62007
0.62007
0.62007
0.62007
0.62007
0.62007
0.62007
0.62007
0.62007
0.62007
0.62007
0.62007
0.62007
0.62007
0.62007
0.62007
0.62007
0.62007
0.62007
0.62007
0.62007
0.62007
0.62007
0.620072
0.620334
0.628722
0.725052
1.00296
1.25639
1.37257
1.38114
1.37515
1.3729
1.37286
1.37037
1.36819
1.36637
1.36429
1.36252
1.36093
1.35961
1.35834
1.35671
1.35488
1.35291
1.3512
1.34963
1.34817
1.34659
0.62007
0.62007
0.62007
0.62007
0.62007
0.62007
0.62007
0.62007
0.62007
0.62007
0.62007
0.62007
0.62007
0.62007
0.62007
0.62007
0.62007
0.62007
0.62007
0.62007
0.62007
0.62007
0.62007
0.62007
0.62007
0.62007
0.62007
0.62007
0.62007
0.62007
0.62007
0.62007
0.62007
0.62007
0.62007
0.62007
0.62007
0.62007
0.62007
0.62007
0.62007
0.62007
0.62007
0.62007
0.62009
0.621575
0.655764
0.817259
1.13879
1.30842
1.369
1.37922
1.37655
1.37087
1.36801
1.36593
1.36368
1.3619
1.36046
1.3591
1.35799
1.35647
1.3546
1.3527
1.35111
1.3497
1.34833
1.34676
0.62007
0.62007
0.62007
0.62007
0.62007
0.62007
0.62007
0.62007
0.62007
0.62007
0.62007
0.62007
0.62007
0.62007
0.62007
0.62007
0.62007
0.62007
0.62007
0.62007
0.62007
0.62007
0.62007
0.62007
0.62007
0.62007
0.62007
0.62007
0.62007
0.62007
0.62007
0.62007
0.62007
0.62007
0.62007
0.62007
0.62007
0.62007
0.62007
0.62007
0.62007
0.62007
0.62007
0.62007
0.62007
0.620072
0.620269
0.626282
0.70456
0.943279
1.21813
1.35462
1.36126
1.36217
1.36395
1.36543
1.36374
1.36201
1.36049
1.35905
1.35818
1.35671
1.35475
1.35264
1.35087
1.34945
1.3483
1.34705
0.62007
0.62007
0.62007
0.62007
0.62007
0.62007
0.62007
0.62007
0.62007
0.62007
0.62007
0.62007
0.62007
0.62007
0.62007
0.62007
0.62007
0.62007
0.62007
0.62007
0.62007
0.62007
0.62007
0.62007
0.62007
0.62007
0.62007
0.62007
0.62007
0.62007
0.62007
0.62007
0.62007
0.62007
0.62007
0.62007
0.62007
0.62007
0.62007
0.62007
0.62007
0.62007
0.62007
0.62007
0.62007
0.62007
0.62007
0.620082
0.621048
0.642645
0.768316
1.06367
1.26615
1.35805
1.37439
1.37292
1.3683
1.36407
1.36044
1.35839
1.35724
1.35624
1.35459
1.35237
1.34989
1.34831
1.34728
1.34679
0.62007
0.62007
0.62007
0.62007
0.62007
0.62007
0.62007
0.62007
0.62007
0.62007
0.62007
0.62007
0.62007
0.62007
0.62007
0.62007
0.62007
0.62007
0.62007
0.62007
0.62007
0.62007
0.62007
0.62007
0.62007
0.62007
0.62007
0.62007
0.62007
0.62007
0.62007
0.62007
0.62007
0.62007
0.62007
0.62007
0.62007
0.62007
0.62007
0.62007
0.62007
0.62007
0.62007
0.62007
0.62007
0.62007
0.62007
0.62007
0.620071
0.620162
0.623285
0.672716
0.85783
1.14553
1.30725
1.35024
1.35952
1.36033
1.35621
1.35354
1.35389
1.355
1.35423
1.35214
1.34901
1.34704
1.34605
1.34609
0.62007
0.62007
0.62007
0.62007
0.62007
0.62007
0.62007
0.62007
0.62007
0.62007
0.62007
0.62007
0.62007
0.62007
0.62007
0.62007
0.62007
0.62007
0.62007
0.62007
0.62007
0.62007
0.62007
0.62007
0.62007
0.62007
0.62007
0.62007
0.62007
0.62007
0.62007
0.62007
0.62007
0.62007
0.62007
0.62007
0.62007
0.62007
0.62007
0.62007
0.62007
0.62007
0.62007
0.62007
0.62007
0.62007
0.62007
0.62007
0.62007
0.62007
0.620075
0.620479
0.630187
0.71094
0.948824
1.18846
1.34345
1.36395
1.35422
1.35208
1.35208
1.3557
1.3551
1.35322
1.34969
1.34718
1.34585
1.34554
0.62007
0.62007
0.62007
0.62007
0.62007
0.62007
0.62007
0.62007
0.62007
0.62007
0.62007
0.62007
0.62007
0.62007
0.62007
0.62007
0.62007
0.62007
0.62007
0.62007
0.62007
0.62007
0.62007
0.62007
0.62007
0.62007
0.62007
0.62007
0.62007
0.62007
0.62007
0.62007
0.62007
0.62007
0.62007
0.62007
0.62007
0.62007
0.62007
0.62007
0.62007
0.62007
0.62007
0.62007
0.62007
0.62007
0.62007
0.62007
0.62007
0.62007
0.62007
0.62007
0.620095
0.621205
0.643489
0.761253
1.01545
1.25376
1.32873
1.35644
1.3609
1.36037
1.35665
1.35339
1.34891
1.34653
1.34539
1.34489
0.62007
0.62007
0.62007
0.62007
0.62007
0.62007
0.62007
0.62007
0.62007
0.62007
0.62007
0.62007
0.62007
0.62007
0.62007
0.62007
0.62007
0.62007
0.62007
0.62007
0.62007
0.62007
0.62007
0.62007
0.62007
0.62007
0.62007
0.62007
0.62007
0.62007
0.62007
0.62007
0.62007
0.62007
0.62007
0.62007
0.62007
0.62007
0.62007
0.62007
0.62007
0.62007
0.62007
0.62007
0.62007
0.62007
0.62007
0.62007
0.62007
0.62007
0.62007
0.62007
0.62007
0.620071
0.620167
0.623088
0.658221
0.82004
1.06388
1.28099
1.33454
1.34778
1.34799
1.3491
1.34672
1.34532
1.34441
1.34429
0.62007
0.62007
0.62007
0.62007
0.62007
0.62007
0.62007
0.62007
0.62007
0.62007
0.62007
0.62007
0.62007
0.62007
0.62007
0.62007
0.62007
0.62007
0.62007
0.62007
0.62007
0.62007
0.62007
0.62007
0.62007
0.62007
0.62007
0.62007
0.62007
0.62007
0.62007
0.62007
0.62007
0.62007
0.62007
0.62007
0.62007
0.62007
0.62007
0.62007
0.62007
0.62007
0.62007
0.62007
0.62007
0.62007
0.62007
0.62007
0.62007
0.62007
0.62007
0.62007
0.62007
0.62007
0.62007
0.620074
0.620308
0.626374
0.679625
0.860299
1.12212
1.27679
1.34888
1.35626
1.35065
1.34732
1.34699
1.34597
0.62007
0.62007
0.62007
0.62007
0.62007
0.62007
0.62007
0.62007
0.62007
0.62007
0.62007
0.62007
0.62007
0.62007
0.62007
0.62007
0.62007
0.62007
0.62007
0.62007
0.62007
0.62007
0.62007
0.62007
0.62007
0.62007
0.62007
0.62007
0.62007
0.62007
0.62007
0.62007
0.62007
0.62007
0.62007
0.62007
0.62007
0.62007
0.62007
0.62007
0.62007
0.62007
0.62007
0.62007
0.62007
0.62007
0.62007
0.62007
0.62007
0.62007
0.62007
0.62007
0.62007
0.62007
0.62007
0.62007
0.62007
0.620082
0.620601
0.629829
0.707355
0.891806
1.16276
1.28411
1.33208
1.34718
1.34834
1.34689
0.62007
0.62007
0.62007
0.62007
0.62007
0.62007
0.62007
0.62007
0.62007
0.62007
0.62007
0.62007
0.62007
0.62007
0.62007
0.62007
0.62007
0.62007
0.62007
0.62007
0.62007
0.62007
0.62007
0.62007
0.62007
0.62007
0.62007
0.62007
0.62007
0.62007
0.62007
0.62007
0.62007
0.62007
0.62007
0.62007
0.62007
0.62007
0.62007
0.62007
0.62007
0.62007
0.62007
0.62007
0.62007
0.62007
0.62007
0.62007
0.62007
0.62007
0.62007
0.62007
0.62007
0.62007
0.62007
0.62007
0.62007
0.62007
0.620071
0.620095
0.621136
0.634452
0.725831
0.930817
1.16733
1.30729
1.325
1.33618
0.62007
0.62007
0.62007
0.62007
0.62007
0.62007
0.62007
0.62007
0.62007
0.62007
0.62007
0.62007
0.62007
0.62007
0.62007
0.62007
0.62007
0.62007
0.62007
0.62007
0.62007
0.62007
0.62007
0.62007
0.62007
0.62007
0.62007
0.62007
0.62007
0.62007
0.62007
0.62007
0.62007
0.62007
0.62007
0.62007
0.62007
0.62007
0.62007
0.62007
0.62007
0.62007
0.62007
0.62007
0.62007
0.62007
0.62007
0.62007
0.62007
0.62007
0.62007
0.62007
0.62007
0.62007
0.62007
0.62007
0.62007
0.62007
0.62007
0.62007
0.620071
0.620115
0.621622
0.641184
0.737139
0.961048
1.15875
1.3053
0.62007
0.62007
0.62007
0.62007
0.62007
0.62007
0.62007
0.62007
0.62007
0.62007
0.62007
0.62007
0.62007
0.62007
0.62007
0.62007
0.62007
0.62007
0.62007
0.62007
0.62007
0.62007
0.62007
0.62007
0.62007
0.62007
0.62007
0.62007
0.62007
0.62007
0.62007
0.62007
0.62007
0.62007
0.62007
0.62007
0.62007
0.62007
0.62007
0.62007
0.62007
0.62007
0.62007
0.62007
0.62007
0.62007
0.62007
0.62007
0.62007
0.62007
0.62007
0.62007
0.62007
0.62007
0.62007
0.62007
0.62007
0.62007
0.62007
0.62007
0.62007
0.62007
0.620072
0.62015
0.622089
0.645389
0.750053
0.94755
0.62007
0.62007
0.62007
0.62007
0.62007
0.62007
0.62007
0.62007
0.62007
0.62007
0.62007
0.62007
0.62007
0.62007
0.62007
0.62007
0.62007
0.62007
0.62007
0.62007
0.62007
0.62007
0.62007
0.62007
0.62007
0.62007
0.62007
0.62007
0.62007
0.62007
0.62007
0.62007
0.62007
0.62007
0.62007
0.62007
0.62007
0.62007
0.62007
0.62007
0.62007
0.62007
0.62007
0.62007
0.62007
0.62007
0.62007
0.62007
0.62007
0.62007
0.62007
0.62007
0.62007
0.62007
0.62007
0.62007
0.62007
0.62007
0.62007
0.62007
0.62007
0.62007
0.62007
0.62007
0.620073
0.620175
0.624926
0.624984
0.62007
0.62007
0.62007
0.62007
0.62007
0.62007
0.62007
0.62007
0.62007
0.62007
0.62007
0.62007
0.62007
0.62007
0.62007
0.62007
0.62007
0.62007
0.62007
0.62007
0.62007
0.62007
0.62007
0.62007
0.62007
0.62007
0.62007
0.62007
0.62007
0.62007
0.62007
0.62007
0.62007
0.62007
0.62007
0.62007
0.62007
0.62007
0.62007
0.62007
0.62007
0.62007
0.62007
0.62007
0.62007
0.62007
0.62007
0.62007
0.62007
0.62007
0.62007
0.62007
0.62007
0.62007
0.62007
0.62007
0.62007
0.62007
0.62007
0.62007
0.62007
0.62007
0.62007
0.62007
0.62007
0.62007
0.620092
0.61981
0.62007
0.62007
0.62007
0.62007
0.62007
0.62007
0.62007
0.62007
0.62007
0.62007
0.62007
0.62007
0.62007
0.62007
0.62007
0.62007
0.62007
0.62007
0.62007
0.62007
0.62007
0.62007
0.62007
0.62007
0.62007
0.62007
0.62007
0.62007
0.62007
0.62007
0.62007
0.62007
0.62007
0.62007
0.62007
0.62007
0.62007
0.62007
0.62007
0.62007
0.62007
0.62007
0.62007
0.62007
0.62007
0.62007
0.62007
0.62007
0.62007
0.62007
0.62007
0.62007
0.62007
0.62007
0.62007
0.62007
0.62007
0.62007
0.62007
0.62007
0.62007
0.62007
0.62007
0.62007
0.62007
0.62007
0.62007
0.62005
0.62007
0.62007
0.62007
0.62007
0.62007
0.62007
0.62007
0.62007
0.62007
0.62007
0.62007
0.62007
0.62007
0.62007
0.62007
0.62007
0.62007
0.62007
0.62007
0.62007
0.62007
0.62007
0.62007
0.62007
0.62007
0.62007
0.62007
0.62007
0.62007
0.62007
0.62007
0.62007
0.62007
0.62007
0.62007
0.62007
0.62007
0.62007
0.62007
0.62007
0.62007
0.62007
0.62007
0.62007
0.62007
0.62007
0.62007
0.62007
0.62007
0.62007
0.62007
0.62007
0.62007
0.62007
0.62007
0.62007
0.62007
0.62007
0.62007
0.62007
0.62007
0.62007
0.62007
0.62007
0.62007
0.62007
0.62007
0.62007
0.62007
0.62007
0.62007
0.62007
0.62007
0.62007
0.62007
0.62007
0.62007
0.62007
0.62007
0.62007
0.62007
0.62007
0.62007
0.62007
0.62007
0.62007
0.62007
0.62007
0.62007
0.62007
0.62007
0.62007
0.62007
0.62007
0.62007
0.62007
0.62007
0.62007
0.62007
0.62007
0.62007
0.62007
0.62007
0.62007
0.62007
0.62007
0.62007
0.62007
0.62007
0.62007
0.62007
0.62007
0.62007
0.62007
0.62007
0.62007
0.62007
0.62007
0.62007
0.62007
0.62007
0.62007
0.62007
0.62007
0.62007
0.62007
0.62007
0.62007
0.62007
0.62007
0.62007
0.62007
0.62007
0.62007
0.62007
0.62007
0.62007
0.62007
0.62007
0.62007
0.62007
0.62007
0.62007
0.62007
0.62007
0.62007
0.62007
0.62007
0.62007
0.62007
0.62007
0.62007
0.62007
0.62007
0.62007
0.62007
0.62007
0.62007
0.62007
0.62007
0.62007
0.62007
0.62007
0.62007
0.62007
0.62007
0.62007
0.62007
0.62007
0.62007
0.62007
0.62007
0.62007
0.62007
0.62007
0.62007
0.62007
0.62007
0.62007
0.62007
0.62007
0.62007
0.62007
0.62007
0.62007
0.62007
0.62007
0.62007
0.62007
0.62007
0.62007
0.62007
0.62007
0.62007
0.62007
0.62007
0.62007
0.62007
0.62007
0.62007
0.62007
0.62007
0.62007
0.62007
0.62007
0.62007
0.62007
0.62007
0.62007
0.62007
0.62007
0.62007
0.62007
0.62007
0.62007
0.62007
0.62007
0.62007
0.62007
0.62007
0.62007
0.62007
0.62007
0.62007
0.62007
0.62007
0.62007
0.62007
0.62007
0.62007
0.62007
0.62007
0.62007
0.62007
0.62007
0.62007
0.62007
0.62007
0.62007
0.62007
0.62007
0.62007
0.62007
0.62007
0.62007
0.62007
0.62007
0.62007
0.62007
0.62007
0.62007
0.62007
0.62007
0.62007
0.62007
0.62007
0.62007
0.62007
0.62007
0.62007
0.62007
0.62007
0.62007
0.62007
0.62007
0.62007
0.62007
0.62007
0.62007
0.62007
0.62007
0.62007
0.62007
0.62007
0.62007
0.62007
0.62007
0.62007
0.62007
0.62007
0.62007
0.62007
0.62007
0.62007
0.62007
0.62007
0.62007
0.62007
0.62007
0.62007
0.62007
0.62007
0.62007
0.62007
0.62007
0.62007
0.62007
0.62007
0.62007
0.62007
0.62007
0.62007
0.62007
0.62007
0.62007
0.62007
0.62007
0.62007
0.62007
0.62007
0.62007
0.62007
0.62007
0.62007
0.62007
0.62007
0.62007
0.62007
0.62007
0.62007
0.62007
0.62007
0.62007
0.62007
0.62007
0.62007
0.62007
0.62007
0.62007
0.62007
0.62007
0.62007
0.62007
0.62007
0.62007
0.62007
0.62007
0.62007
0.62007
0.62007
0.62007
0.62007
0.62007
0.62007
0.62007
0.62007
0.62007
0.62007
0.62007
0.62007
0.62007
0.62007
0.62007
0.62007
0.62007
0.62007
0.62007
0.62007
0.62007
0.62007
0.62007
0.62007
0.62007
0.62007
0.62007
0.62007
0.62007
0.62007
0.62007
0.62007
0.62007
0.62007
0.62007
0.62007
0.62007
0.62007
0.62007
0.62007
0.62007
0.62007
0.62007
0.62007
0.62007
0.62007
0.62007
0.62007
0.62007
0.62007
0.62007
0.62007
0.62007
0.62007
0.62007
0.62007
0.62007
0.62007
0.62007
0.62007
0.62007
0.62007
0.62007
0.62007
0.62007
0.62007
0.62007
0.62007
0.62007
0.62007
0.62007
0.62007
0.62007
0.62007
0.62007
0.62007
0.62007
0.62007
0.62007
0.62007
0.62007
0.62007
0.62007
0.62007
0.62007
0.62007
0.62007
0.62007
0.62007
0.62007
0.62007
0.62007
0.62007
0.62007
0.62007
0.62007
0.62007
0.62007
0.62007
0.62007
0.62007
0.62007
0.62007
0.62007
0.62007
0.62007
0.62007
0.62007
0.62007
0.62007
0.62007
0.62007
0.62007
0.62007
0.62007
0.62007
0.62007
0.62007
0.62007
0.62007
0.62007
0.62007
0.62007
0.62007
0.62007
0.62007
0.62007
0.62007
0.62007
0.62007
0.62007
0.62007
0.62007
0.62007
0.62007
0.62007
0.62007
0.62007
0.62007
0.62007
0.62007
0.62007
0.62007
0.62007
0.62007
0.62007
0.62007
0.62007
0.62007
0.62007
0.62007
0.62007
0.62007
0.62007
0.62007
0.62007
0.62007
0.62007
0.62007
0.62007
0.62007
0.62007
0.62007
0.62007
0.62007
0.62007
0.62007
0.62007
0.62007
0.62007
0.62007
0.62007
0.62007
0.62007
0.62007
0.62007
0.62007
0.62007
0.62007
0.62007
0.62007
0.62007
0.62007
0.62007
0.62007
0.62007
0.62007
0.62007
0.62007
0.62007
0.62007
0.62007
0.62007
0.62007
0.62007
0.62007
0.62007
0.62007
0.62007
0.62007
0.62007
0.62007
0.62007
0.62007
0.62007
0.62007
0.62007
0.62007
0.62007
0.62007
0.62007
0.62007
0.62007
0.62007
0.62007
0.62007
0.62007
0.62007
0.62007
0.62007
0.62007
0.62007
0.62007
0.62007
0.62007
0.62007
0.62007
0.62007
0.62007
0.62007
0.62007
0.62007
0.62007
0.62007
0.62007
0.62007
0.62007
0.62007
0.62007
0.62007
0.62007
0.62007
0.62007
0.62007
0.62007
0.62007
0.62007
0.62007
0.62007
0.62007
0.62007
0.62007
0.62007
0.62007
0.62007
0.62007
0.62007
0.62007
0.62007
0.62007
0.62007
0.62007
0.62007
0.62007
0.62007
0.62007
0.62007
0.62007
0.62007
0.62007
0.62007
0.62007
0.62007
0.62007
0.62007
0.62007
0.62007
0.62007
0.62007
0.62007
0.62007
0.62007
0.62007
0.62007
0.62007
0.62007
0.62007
0.62007
0.62007
0.62007
0.62007
0.62007
0.62007
0.62007
0.62007
0.62007
0.62007
0.62007
0.62007
0.62007
0.62007
0.62007
0.62007
0.62007
0.62007
0.62007
0.62007
0.62007
0.62007
0.62007
0.62007
0.62007
0.62007
0.62007
0.62007
0.62007
0.62007
0.62007
0.62007
0.62007
0.62007
0.62007
0.62007
0.62007
0.62007
0.62007
0.62007
0.62007
0.62007
0.62007
0.62007
0.62007
0.62007
0.62007
0.62007
0.62007
0.62007
0.62007
0.62007
0.62007
0.62007
0.62007
0.62007
0.62007
0.62007
0.62007
0.62007
0.62007
0.62007
0.62007
0.62007
0.62007
0.62007
0.62007
0.62007
0.62007
0.62007
0.62007
0.62007
0.62007
0.62007
0.62007
0.62007
0.62007
0.62007
0.62007
0.62007
0.62007
0.62007
0.62007
0.62007
0.62007
0.62007
0.62007
0.62007
0.62007
0.62007
0.62007
0.62007
0.62007
0.62007
0.62007
0.62007
0.62007
0.62007
0.62007
0.62007
0.62007
0.62007
0.62007
0.62007
0.62007
0.62007
0.62007
0.62007
0.62007
0.62007
0.62007
0.62007
0.62007
0.62007
0.62007
0.62007
0.62007
0.62007
0.62007
0.62007
0.62007
0.62007
0.62007
0.62007
0.62007
0.62007
0.62007
0.62007
0.62007
0.62007
0.62007
0.62007
0.62007
0.62007
0.62007
0.62007
0.62007
0.62007
0.62007
0.62007
0.62007
0.62007
0.62007
0.62007
0.62007
0.62007
0.62007
0.62007
0.62007
0.62007
0.62007
0.62007
0.62007
0.62007
0.62007
0.62007
0.62007
0.62007
0.62007
0.62007
0.62007
0.62007
0.62007
0.62007
0.62007
0.62007
0.62007
0.62007
0.62007
0.62007
0.62007
0.62007
0.62007
0.62007
0.62007
0.62007
0.62007
0.62007
0.62007
0.62007
0.62007
0.62007
0.62007
0.62007
0.62007
0.62007
0.62007
0.62007
0.62007
0.62007
0.62007
0.62007
0.62007
0.62007
0.62007
0.62007
0.62007
0.62007
0.62007
0.62007
0.62007
0.62007
0.62007
0.62007
0.62007
0.62007
0.62007
0.62007
0.62007
0.62007
0.62007
0.62007
0.62007
0.62007
0.62007
0.62007
0.62007
0.62007
0.62007
0.62007
0.62007
0.62007
0.62007
0.62007
0.62007
0.62007
0.62007
0.62007
0.62007
0.62007
0.62007
0.62007
0.62007
0.62007
0.62007
0.62007
0.62007
0.62007
0.62007
0.62007
0.62007
0.62007
0.62007
0.62007
0.62007
0.62007
0.62007
0.62007
0.62007
0.62007
0.62007
0.62007
0.62007
0.62007
0.62007
0.62007
0.62007
0.62007
0.62007
0.62007
0.62007
0.62007
0.62007
0.62007
0.62007
0.62007
0.62007
0.62007
0.62007
0.62007
0.62007
0.62007
0.62007
0.62007
0.62007
0.62007
0.62007
0.62007
0.62007
0.62007
0.62007
0.62007
0.62007
0.62007
0.62007
0.62007
0.62007
0.62007
0.62007
0.62007
0.62007
0.62007
0.62007
0.62007
0.62007
0.62007
0.62007
0.62007
0.62007
0.62007
0.62007
0.62007
0.62007
0.62007
0.62007
0.62007
0.62007
0.62007
0.62007
0.62007
0.62007
0.62007
0.62007
0.62007
0.62007
0.62007
0.62007
0.62007
0.62007
0.62007
0.62007
0.62007
0.62007
0.62007
0.62007
0.62007
0.62007
0.62007
0.62007
0.62007
0.62007
0.62007
0.62007
0.62007
0.62007
0.62007
0.62007
0.62007
0.62007
0.62007
0.62007
0.62007
0.62007
0.62007
0.62007
0.62007
0.62007
0.62007
0.62007
0.62007
0.62007
0.62007
0.62007
0.62007
0.62007
0.62007
0.62007
0.62007
0.62007
0.62007
0.62007
0.62007
0.62007
0.62007
0.62007
0.62007
0.62007
0.62007
0.62007
0.62007
0.62007
0.62007
0.62007
0.62007
0.62007
0.62007
0.62007
0.62007
0.62007
0.62007
0.62007
0.62007
0.62007
0.62007
0.62007
0.62007
0.62007
0.62007
0.62007
0.62007
0.62007
0.62007
0.62007
0.62007
0.62007
0.62007
0.62007
0.62007
0.62007
0.62007
0.62007
0.62007
0.62007
0.62007
0.62007
0.62007
0.62007
0.62007
0.62007
0.62007
0.62007
0.62007
0.62007
0.62007
0.62007
0.62007
0.62007
0.62007
0.62007
0.62007
0.62007
0.62007
0.62007
0.62007
0.62007
0.62007
0.62007
0.62007
0.62007
0.62007
0.62007
0.62007
0.62007
0.62007
0.62007
0.62007
0.62007
0.62007
0.62007
0.62007
0.62007
0.62007
0.62007
0.62007
0.62007
0.62007
0.62007
0.62007
0.62007
0.62007
0.62007
0.62007
0.62007
0.62007
0.62007
0.62007
0.62007
0.62007
0.62007
0.62007
0.62007
0.62007
0.62007
0.62007
0.62007
0.62007
0.62007
0.62007
0.62007
0.62007
0.62007
0.62007
0.62007
0.62007
0.62007
0.62007
0.62007
0.62007
0.62007
0.62007
0.62007
0.62007
0.62007
0.62007
0.62007
0.62007
0.62007
0.62007
0.62007
0.62007
0.62007
0.62007
0.62007
0.62007
0.62007
0.62007
0.62007
0.62007
0.62007
0.62007
0.62007
0.62007
0.62007
0.62007
0.62007
0.62007
0.62007
0.62007
0.62007
0.62007
0.62007
0.62007
0.62007
0.62007
0.62007
0.62007
0.62007
0.62007
0.62007
0.62007
0.62007
0.62007
0.62007
0.62007
0.62007
0.62007
0.62007
0.62007
0.62007
0.62007
0.62007
0.62007
0.62007
0.62007
0.62007
0.62007
0.62007
0.62007
0.62007
0.62007
0.62007
0.62007
0.62007
0.62007
0.62007
0.62007
0.62007
0.62007
0.62007
0.62007
0.62007
0.62007
0.62007
0.62007
0.62007
0.62007
0.62007
0.62007
0.62007
0.62007
0.62007
0.62007
0.62007
0.62007
0.62007
0.62007
0.62007
0.62007
0.62007
0.62007
0.62007
0.62007
0.62007
0.62007
0.62007
0.62007
0.62007
0.62007
0.62007
0.62007
0.62007
0.62007
0.62007
0.62007
0.62007
0.62007
0.62007
0.62007
0.62007
0.62007
0.62007
0.62007
0.62007
0.62007
0.62007
0.62007
0.62007
0.62007
0.62007
0.62007
0.62007
0.62007
0.62007
0.62007
0.62007
0.62007
0.62007
0.62007
0.62007
0.62007
0.62007
0.62007
0.62007
0.62007
0.62007
0.62007
0.62007
0.62007
0.62007
0.62007
0.62007
0.62007
0.62007
0.62007
0.62007
0.62007
0.62007
0.62007
0.62007
0.62007
0.62007
0.62007
0.62007
0.62007
0.62007
0.62007
0.62007
0.62007
0.62007
0.62007
0.62007
0.62007
0.62007
0.62007
0.62007
0.62007
0.62007
0.62007
0.62007
0.62007
0.62007
0.62007
0.62007
0.62007
0.62007
0.62007
0.62007
0.62007
0.62007
0.62007
0.62007
0.62007
0.62007
0.62007
0.62007
0.62007
0.62007
0.62007
0.62007
0.62007
0.62007
0.62007
0.62007
0.62007
0.62007
0.62007
0.62007
0.62007
0.62007
0.62007
0.62007
0.62007
0.62007
0.62007
0.62007
0.62007
0.62007
0.62007
0.62007
0.62007
0.62007
0.62007
0.62007
0.62007
0.62007
0.62007
0.62007
0.62007
0.62007
0.62007
0.62007
0.62007
0.62007
0.62007
0.62007
0.62007
0.62007
0.62007
0.62007
0.62007
0.62007
0.62007
0.62007
0.62007
0.62007
0.62007
0.62007
0.62007
0.62007
0.62007
0.62007
0.62007
0.62007
0.62007
0.62007
0.62007
0.62007
0.62007
0.62007
0.62007
0.62007
0.62007
0.62007
0.62007
0.62007
0.62007
0.62007
0.62007
0.62007
0.62007
0.62007
0.62007
0.62007
0.62007
0.62007
0.62007
0.62007
0.62007
0.62007
0.62007
0.62007
0.62007
0.62007
0.62007
0.62007
0.62007
0.62007
0.62007
0.62007
0.62007
0.62007
0.62007
0.62007
0.62007
0.62007
0.62007
0.62007
0.62007
0.62007
0.62007
0.62007
0.62007
0.62007
0.62007
0.62007
0.62007
0.62007
0.62007
0.62007
0.62007
0.62007
0.62007
0.62007
0.62007
0.62007
0.62007
0.62007
0.62007
0.62007
0.62007
0.62007
0.62007
0.62007
0.62007
0.62007
0.62007
0.62007
0.62007
0.62007
0.62007
0.62007
0.62007
0.62007
0.62007
0.62007
0.62007
0.62007
0.62007
0.62007
0.62007
0.62007
0.62007
0.62007
0.62007
0.62007
0.62007
0.62007
0.62007
0.62007
0.62007
0.62007
0.62007
0.62007
0.62007
0.62007
0.62007
0.62007
0.62007
0.62007
0.62007
0.62007
0.62007
0.62007
0.62007
0.62007
0.62007
0.62007
0.62007
0.62007
0.62007
0.62007
0.62007
0.62007
0.62007
0.62007
0.62007
0.62007
0.62007
0.62007
0.62007
0.62007
0.62007
0.62007
0.62007
0.62007
0.62007
0.62007
0.62007
0.62007
0.62007
0.62007
0.62007
0.62007
0.62007
0.62007
0.62007
0.62007
0.62007
0.62007
0.62007
0.62007
0.62007
0.62007
0.62007
0.62007
0.62007
0.62007
0.62007
0.62007
0.62007
0.62007
0.62007
0.62007
0.62007
0.62007
0.62007
0.62007
0.62007
0.62007
0.62007
0.62007
0.62007
0.62007
0.62007
0.62007
0.62007
0.62007
0.62007
0.62007
0.62007
0.62007
0.62007
0.62007
0.62007
0.62007
0.62007
0.62007
0.62007
0.62007
0.62007
0.62007
0.62007
0.62007
0.62007
0.62007
0.62007
0.62007
0.62007
0.62007
0.62007
0.62007
0.62007
0.62007
0.62007
0.62007
0.62007
0.62007
0.62007
0.62007
0.62007
0.62007
0.62007
0.62007
0.62007
0.62007
0.62007
0.62007
0.62007
0.62007
0.62007
0.62007
0.62007
0.62007
0.62007
0.62007
0.62007
0.62007
0.62007
0.62007
0.62007
0.62007
0.62007
0.62007
0.62007
0.62007
0.62007
0.62007
0.62007
0.62007
0.62007
0.62007
0.62007
0.62007
0.62007
0.62007
0.62007
0.62007
0.62007
0.62007
0.62007
0.62007
0.62007
0.62007
0.62007
0.62007
0.62007
0.62007
0.62007
0.62007
0.62007
0.62007
0.62007
0.62007
0.62007
0.62007
0.62007
0.62007
0.62007
0.62007
0.62007
0.62007
0.62007
0.62007
0.62007
0.62007
0.62007
0.62007
0.62007
0.62007
0.62007
0.62007
0.62007
0.62007
0.62007
0.62007
0.62007
0.62007
0.62007
0.62007
0.62007
0.62007
0.62007
0.62007
0.62007
0.62007
0.62007
0.62007
0.62007
0.62007
0.62007
0.62007
0.62007
0.62007
0.62007
0.62007
0.62007
0.62007
0.62007
0.62007
0.62007
0.62007
0.62007
0.62007
0.62007
0.62007
0.62007
0.62007
0.62007
0.62007
0.62007
0.62007
0.62007
0.62007
0.62007
0.62007
0.62007
0.62007
0.62007
0.62007
0.62007
0.62007
0.62007
0.62007
0.62007
0.62007
0.62007
0.62007
0.62007
0.62007
0.62007
0.62007
0.62007
0.62007
0.62007
0.62007
0.62007
0.62007
0.62007
0.62007
0.62007
0.62007
0.62007
0.62007
0.62007
0.62007
0.62007
0.62007
0.62007
0.62007
0.62007
0.62007
0.62007
0.62007
0.62007
0.62007
0.62007
0.62007
0.62007
0.62007
0.62007
0.62007
0.62007
0.62007
0.62007
0.62007
0.62007
0.62007
0.62007
0.62007
0.62007
0.62007
0.62007
0.62007
0.62007
0.62007
0.62007
0.62007
0.62007
0.62007
0.62007
0.62007
0.62007
0.62007
0.62007
0.62007
0.62007
0.62007
0.62007
0.62007
0.62007
0.62007
0.62007
0.62007
0.62007
0.62007
0.62007
0.62007
0.62007
0.62007
0.62007
0.62007
0.62007
0.62007
0.62007
0.62007
0.62007
0.62007
0.62007
0.62007
0.62007
0.62007
0.62007
0.62007
0.62007
0.62007
0.62007
0.62007
0.62007
0.62007
0.62007
0.62007
0.62007
0.62007
0.62007
0.62007
0.62007
0.62007
0.62007
0.62007
0.62007
0.62007
0.62007
0.62007
0.62007
0.62007
0.62007
0.62007
0.62007
0.62007
0.62007
0.62007
0.62007
0.62007
0.62007
0.62007
0.62007
0.62007
0.62007
0.62007
0.62007
0.62007
0.62007
0.62007
0.62007
0.62007
0.62007
0.62007
0.62007
0.62007
0.62007
0.62007
0.62007
0.62007
0.62007
0.62007
0.62007
0.62007
0.62007
0.62007
0.62007
0.62007
0.62007
0.62007
0.62007
0.62007
0.62007
0.62007
0.62007
0.62007
0.62007
0.62007
0.62007
0.62007
0.62007
0.62007
0.62007
0.62007
0.62007
0.62007
0.62007
0.62007
0.62007
0.62007
0.62007
0.62007
0.62007
0.62007
0.62007
0.62007
0.62007
0.62007
0.62007
0.62007
0.62007
0.62007
0.62007
0.62007
0.62007
0.62007
0.62007
0.62007
0.62007
0.62007
0.62007
0.62007
0.62007
0.62007
0.62007
0.62007
0.62007
0.62007
0.62007
0.62007
0.62007
0.62007
0.62007
0.62007
0.62007
0.62007
0.62007
0.62007
0.62007
0.62007
0.62007
0.62007
0.62007
0.62007
0.62007
0.62007
0.62007
0.62007
0.62007
0.62007
0.62007
0.62007
0.62007
0.62007
0.62007
0.62007
0.62007
0.62007
0.62007
0.62007
0.62007
0.62007
0.62007
0.62007
0.62007
0.62007
0.62007
0.62007
0.62007
0.62007
0.62007
0.62007
0.62007
0.62007
0.62007
0.62007
0.62007
0.62007
0.62007
0.62007
0.62007
0.62007
0.62007
0.62007
0.62007
0.62007
0.62007
0.62007
0.62007
0.62007
0.62007
0.62007
0.62007
0.62007
0.62007
0.62007
0.62007
0.62007
0.62007
0.62007
0.62007
0.62007
0.62007
0.62007
0.62007
0.62007
0.62007
0.62007
0.62007
0.62007
0.62007
0.62007
0.62007
0.62007
0.62007
0.62007
0.62007
0.62007
0.62007
0.62007
0.62007
0.62007
0.62007
0.62007
0.62007
0.62007
0.62007
0.62007
0.62007
0.62007
0.62007
0.62007
0.62007
0.62007
0.62007
0.62007
0.62007
0.62007
0.62007
0.62007
0.62007
0.62007
0.62007
0.62007
0.62007
0.62007
0.62007
0.62007
0.62007
0.62007
0.62007
0.62007
0.62007
0.62007
0.62007
0.62007
0.62007
0.62007
0.62007
0.62007
0.62007
0.62007
0.62007
0.62007
0.62007
0.62007
0.62007
0.62007
0.62007
0.62007
0.62007
0.62007
0.62007
0.62007
0.62007
0.62007
0.62007
0.62007
0.62007
0.62007
0.62007
0.62007
0.62007
0.62007
0.62007
0.62007
0.62007
0.62007
0.62007
0.62007
0.62007
0.62007
0.62007
0.62007
0.62007
0.62007
0.62007
0.62007
0.62007
0.62007
0.62007
0.62007
0.62007
0.62007
0.62007
0.62007
0.62007
0.62007
0.62007
0.62007
0.62007
0.62007
0.62007
0.62007
0.62007
0.62007
0.62007
0.62007
0.62007
0.62007
0.62007
0.62007
0.62007
0.62007
0.62007
0.62007
0.62007
0.62007
0.62007
0.62007
0.62007
0.62007
0.62007
0.62007
0.62007
0.62007
0.62007
0.62007
0.62007
0.62007
0.62007
0.62007
0.62007
0.62007
0.62007
0.62007
0.62007
0.62007
0.62007
0.62007
0.62007
0.62007
0.62007
0.62007
0.62007
0.62007
0.62007
0.62007
0.62007
0.62007
0.62007
0.62007
0.62007
0.62007
0.62007
0.62007
0.62007
0.62007
0.62007
0.62007
0.62007
0.62007
0.62007
0.62007
0.62007
0.62007
0.62007
0.62007
0.62007
0.62007
0.62007
0.62007
0.62007
0.62007
0.62007
0.62007
0.62007
0.62007
0.62007
0.62007
0.62007
0.62007
0.62007
0.62007
0.62007
0.62007
0.62007
0.62007
0.62007
0.62007
0.62007
0.62007
0.62007
0.62007
0.62007
0.62007
0.62007
0.62007
0.62007
0.62007
0.62007
0.62007
0.62007
0.62007
0.62007
0.62007
0.62007
0.62007
0.62007
0.62007
0.62007
0.62007
0.62007
0.62007
0.62007
0.62007
0.62007
0.62007
0.62007
0.62007
0.62007
0.62007
0.62007
0.62007
0.62007
0.62007
0.62007
0.62007
0.62007
0.62007
0.62007
0.62007
0.62007
0.62007
0.62007
0.62007
0.62007
0.62007
0.62007
0.62007
0.62007
0.62007
0.62007
0.62007
0.62007
0.62007
0.62007
0.62007
0.62007
0.62007
0.62007
0.62007
0.62007
0.62007
0.62007
0.62007
0.62007
0.62007
0.62007
0.62007
0.62007
0.62007
0.62007
0.62007
0.62007
0.62007
0.62007
0.62007
0.62007
0.62007
0.62007
0.62007
0.62007
0.62007
0.792788
0.528353
0.488991
0.518473
0.553962
0.566522
0.563936
0.557452
0.556028
0.556616
0.556578
0.555442
0.553852
0.5524
0.550501
0.548885
0.54901
0.550497
0.558337
0.566239
1.02977
0.766846
0.613092
0.565437
0.556262
0.563855
0.564114
0.56106
0.559122
0.55911
0.558213
0.556723
0.555181
0.553623
0.551563
0.549849
0.54986
0.551281
0.559032
0.566759
1.14235
0.866326
0.675523
0.597145
0.563296
0.564121
0.567725
0.566649
0.56568
0.564143
0.562466
0.560523
0.558605
0.55682
0.554632
0.552481
0.552336
0.5536
0.561147
0.568571
1.21255
0.957976
0.769871
0.647767
0.577674
0.570498
0.567793
0.571168
0.572248
0.570486
0.567981
0.565645
0.563055
0.561158
0.558537
0.556098
0.555571
0.556662
0.563962
0.571154
1.25688
1.03536
0.853856
0.692297
0.612125
0.575844
0.570101
0.572399
0.575026
0.574344
0.571892
0.569237
0.566189
0.564359
0.561813
0.559221
0.558435
0.559446
0.566579
0.573942
1.285
1.09838
0.925285
0.753228
0.66407
0.589346
0.574232
0.571291
0.574264
0.575185
0.573676
0.570537
0.567734
0.565844
0.56326
0.560636
0.55988
0.561055
0.567986
0.576101
1.30471
1.14771
0.986303
0.818103
0.710031
0.612927
0.584569
0.569978
0.572856
0.574484
0.573342
0.570597
0.567867
0.566115
0.563703
0.561133
0.560275
0.56148
0.568312
0.577253
1.31743
1.18586
1.03862
0.877817
0.757212
0.654803
0.60317
0.57423
0.572629
0.573123
0.572151
0.570354
0.567936
0.566057
0.563655
0.561172
0.560254
0.561576
0.568245
0.577702
1.32689
1.21599
1.08088
0.93223
0.804955
0.699524
0.625343
0.578545
0.57492
0.571897
0.570168
0.569363
0.567441
0.565316
0.563036
0.560674
0.560076
0.561474
0.56805
0.577867
1.33263
1.2401
1.11595
0.979225
0.850161
0.744186
0.657135
0.592285
0.580981
0.570703
0.569211
0.569039
0.567127
0.564623
0.562348
0.560092
0.559474
0.561033
0.567699
0.5778
1.3364
1.25833
1.14551
1.01961
0.891104
0.787498
0.691576
0.616646
0.588866
0.568176
0.569074
0.569066
0.566625
0.564033
0.56174
0.559462
0.558951
0.560652
0.567328
0.577543
1.33845
1.27262
1.17056
1.0535
0.929956
0.825688
0.72742
0.647593
0.602121
0.569123
0.569765
0.568954
0.565865
0.563817
0.561288
0.558945
0.558557
0.560415
0.567038
0.577331
1.33954
1.28376
1.19161
1.08305
0.964516
0.861347
0.76294
0.679546
0.620264
0.573468
0.573179
0.568592
0.564905
0.563746
0.561065
0.558562
0.55829
0.560225
0.566822
0.577187
1.34013
1.2927
1.20945
1.10888
0.995794
0.8942
0.796787
0.711172
0.642979
0.586079
0.57715
0.566908
0.564179
0.563737
0.560957
0.558292
0.558092
0.560254
0.566726
0.577165
1.34063
1.30002
1.2249
1.13138
1.02458
0.92442
0.828684
0.742224
0.667908
0.605354
0.581654
0.566408
0.564142
0.56366
0.560831
0.558194
0.558159
0.560362
0.566727
0.577325
1.34115
1.30615
1.23856
1.15122
1.05075
0.952677
0.858448
0.772403
0.693631
0.628934
0.58937
0.566752
0.565382
0.563845
0.560882
0.558264
0.558367
0.560463
0.566878
0.57775
1.34166
1.31142
1.25048
1.16924
1.07425
0.979372
0.885815
0.802062
0.718518
0.656224
0.598117
0.574207
0.56644
0.563536
0.561256
0.558747
0.558901
0.560608
0.567184
0.578322
1.34217
1.3161
1.2612
1.1853
1.09584
1.00443
0.911311
0.830276
0.743931
0.681871
0.612852
0.585916
0.567138
0.563615
0.562246
0.55975
0.559359
0.560842
0.56753
0.578862
1.34264
1.3202
1.27076
1.20014
1.11508
1.02816
0.935461
0.856399
0.769635
0.706093
0.633675
0.597205
0.568821
0.564355
0.563063
0.560385
0.559588
0.561223
0.567876
0.579284
1.34303
1.32379
1.27929
1.21391
1.1327
1.05006
0.958702
0.881028
0.794754
0.729642
0.656773
0.611397
0.573486
0.567651
0.563619
0.560444
0.559948
0.561817
0.5682
0.579603
1.34337
1.32696
1.28709
1.22664
1.14932
1.07017
0.981201
0.904092
0.819516
0.752285
0.680438
0.62782
0.582025
0.571843
0.56399
0.560677
0.56062
0.562655
0.56854
0.579889
1.34366
1.32968
1.29418
1.23837
1.16509
1.08885
1.00297
0.925851
0.843838
0.773977
0.704026
0.645708
0.5941
0.576962
0.563959
0.56097
0.561289
0.56342
0.568854
0.580228
1.34393
1.33201
1.30057
1.24914
1.18013
1.10626
1.02404
0.946625
0.867257
0.795335
0.726548
0.664754
0.60901
0.583656
0.564913
0.56127
0.56203
0.563921
0.569142
0.580713
1.34432
1.33407
1.30631
1.2589
1.1944
1.1227
1.0441
0.966902
0.889478
0.816575
0.747918
0.684607
0.62595
0.592066
0.567777
0.562475
0.562928
0.564104
0.56937
0.581342
1.34487
1.33606
1.31161
1.26794
1.20766
1.13842
1.06296
0.986687
0.910615
0.837608
0.768421
0.704637
0.644121
0.603157
0.572715
0.565072
0.563461
0.563975
0.569551
0.581969
1.34556
1.33801
1.31656
1.27636
1.22005
1.15334
1.08078
1.00578
0.93085
0.858313
0.788404
0.724281
0.663249
0.616219
0.57957
0.568779
0.563677
0.564058
0.569901
0.582505
1.34624
1.33984
1.32113
1.2843
1.23155
1.16742
1.09758
1.02417
0.950124
0.878602
0.80817
0.743374
0.682445
0.631211
0.588939
0.572794
0.56411
0.564466
0.570471
0.582976
1.34679
1.34142
1.3252
1.2916
1.24228
1.18068
1.11329
1.04193
0.968626
0.897972
0.827902
0.762148
0.701085
0.647249
0.601049
0.577715
0.564273
0.56489
0.571192
0.583361
1.34714
1.34261
1.32864
1.2982
1.25216
1.19314
1.12818
1.05852
0.986931
0.916257
0.847211
0.780801
0.719565
0.663523
0.614962
0.584808
0.565175
0.566234
0.572164
0.583686
1.34727
1.34343
1.33144
1.30404
1.26127
1.20476
1.14234
1.0742
1.00435
0.934175
0.865655
0.799213
0.738089
0.679659
0.631205
0.592053
0.567617
0.568854
0.573119
0.58387
1.3473
1.34395
1.3337
1.30923
1.26961
1.21574
1.15561
1.08926
1.02076
0.951747
0.88328
0.817492
0.756177
0.696272
0.647574
0.601203
0.574771
0.570898
0.573636
0.584041
1.34734
1.3443
1.33554
1.31381
1.27724
1.22603
1.16825
1.10359
1.03647
0.968694
0.900628
0.8351
0.77408
0.713348
0.663443
0.61302
0.583434
0.571801
0.57458
0.58461
1.34746
1.3446
1.33704
1.31783
1.28419
1.2357
1.18017
1.11734
1.05164
0.984914
0.917868
0.852252
0.791554
0.730482
0.679188
0.627493
0.591535
0.573273
0.576519
0.585634
1.34759
1.34487
1.33825
1.32129
1.29047
1.24471
1.19155
1.13041
1.0664
1.00072
0.934408
0.869565
0.808301
0.747496
0.695039
0.6423
0.601685
0.575957
0.579274
0.5866
1.34764
1.34513
1.33925
1.3243
1.29616
1.25315
1.20228
1.14305
1.08052
1.01627
0.95053
0.886319
0.825025
0.764175
0.710588
0.657649
0.613228
0.581213
0.581532
0.587233
1.34749
1.34527
1.3401
1.32698
1.30141
1.26109
1.21255
1.15517
1.09429
1.03123
0.966425
0.902705
0.841285
0.780701
0.72628
0.672495
0.626075
0.589218
0.583488
0.588351
1.34724
1.34526
1.34083
1.32942
1.30631
1.26869
1.22234
1.16687
1.10761
1.0458
0.981809
0.91884
0.857308
0.796788
0.741905
0.687319
0.639666
0.598422
0.585932
0.590491
1.34699
1.34512
1.34142
1.33163
1.31089
1.27597
1.23182
1.17814
1.12049
1.05991
0.99683
0.934569
0.873104
0.812722
0.757154
0.702371
0.653095
0.610152
0.58945
0.592321
1.34682
1.34493
1.34182
1.33357
1.31516
1.28291
1.24091
1.18902
1.13294
1.0735
1.01146
0.949999
0.888561
0.828431
0.772286
0.717171
0.667223
0.622139
0.596401
0.594011
1.34678
1.34478
1.34202
1.33515
1.31898
1.28946
1.24958
1.19944
1.14492
1.08667
1.02557
0.965079
0.903748
0.843845
0.787174
0.732042
0.681645
0.634729
0.605048
0.596128
1.34679
1.34468
1.34209
1.33637
1.32233
1.2955
1.25773
1.20943
1.15643
1.0993
1.03935
0.979623
0.918581
0.859032
0.801984
0.746645
0.69638
0.648214
0.614794
0.598761
1.34672
1.34459
1.3421
1.33726
1.32518
1.30101
1.2654
1.21887
1.16755
1.11146
1.05256
0.993861
0.932948
0.8739
0.816629
0.761487
0.711099
0.661714
0.625688
0.60284
1.3466
1.34447
1.34211
1.33791
1.32752
1.30592
1.27252
1.22795
1.17814
1.12325
1.0654
1.00749
0.947103
0.888509
0.831033
0.776272
0.726029
0.675703
0.636903
0.607639
1.34639
1.34425
1.3421
1.33842
1.32943
1.31027
1.27918
1.23661
1.1885
1.13457
1.07792
1.02084
0.960749
0.902899
0.845556
0.790741
0.74088
0.689815
0.648788
0.613581
1.34623
1.34399
1.34201
1.33881
1.331
1.31407
1.28537
1.245
1.19849
1.14573
1.09007
1.03384
0.974289
0.916967
0.859779
0.805649
0.755193
0.703744
0.6614
0.620362
1.34618
1.34379
1.3419
1.33912
1.33233
1.31742
1.29107
1.25306
1.20829
1.15657
1.10213
1.04654
0.987503
0.930976
0.874042
0.81994
0.769791
0.71745
0.673911
0.62823
1.34614
1.34365
1.34177
1.33929
1.33345
1.32037
1.29638
1.26076
1.2178
1.16725
1.11391
1.05904
1.00056
0.94473
0.888265
0.834383
0.783542
0.731224
0.687113
0.636638
1.34611
1.34355
1.34163
1.33933
1.33433
1.32301
1.30129
1.2681
1.22693
1.17765
1.12551
1.07122
1.0134
0.958497
0.902342
0.848479
0.797357
0.744536
0.700349
0.646153
1.34607
1.34342
1.3414
1.3392
1.33493
1.32526
1.30579
1.27497
1.23562
1.18767
1.13678
1.08312
1.02611
0.972102
0.916403
0.862329
0.810642
0.757978
0.713701
0.656162
1.34597
1.34331
1.3412
1.339
1.33529
1.32708
1.30979
1.28137
1.24379
1.19728
1.14764
1.09471
1.03868
0.985715
0.930107
0.87598
0.823824
0.771011
0.727094
0.666864
1.34591
1.34327
1.34108
1.33883
1.33547
1.32848
1.31323
1.28721
1.25148
1.20644
1.15811
1.10606
1.05127
0.999097
0.943579
0.889209
0.8368
0.784075
0.74029
0.677925
1.3459
1.34328
1.34104
1.33877
1.3356
1.32956
1.31616
1.29251
1.25868
1.21523
1.16824
1.11729
1.0639
1.01233
0.956433
0.902214
0.849637
0.796901
0.753457
0.689321
1.3458
1.34327
1.34096
1.33875
1.33573
1.3304
1.31867
1.29732
1.26545
1.22375
1.17824
1.12855
1.07657
1.0252
0.968865
0.914729
0.862355
0.809712
0.766461
0.700913
1.34534
1.34298
1.34072
1.33865
1.33584
1.33107
1.32082
1.30169
1.27186
1.23213
1.18829
1.13989
1.08914
1.03763
0.980734
0.927058
0.874893
0.822432
0.77944
0.712627
1.3447
1.34241
1.34029
1.33835
1.33574
1.33153
1.32264
1.30569
1.278
1.24051
1.19852
1.15125
1.10122
1.04942
0.992299
0.939182
0.887379
0.835132
0.79229
0.724368
1.34448
1.34194
1.33981
1.33791
1.33546
1.33174
1.32418
1.30938
1.28405
1.24902
1.20886
1.16231
1.1125
1.06048
1.00362
0.951415
0.899853
0.847813
0.805038
0.73608
1.34481
1.34193
1.33959
1.33755
1.33517
1.33176
1.32535
1.31275
1.2901
1.25773
1.21903
1.17271
1.12281
1.07086
1.01487
0.963768
0.912436
0.860482
0.817607
0.747743
1.34502
1.34209
1.33949
1.33726
1.33491
1.33172
1.32632
1.31595
1.2962
1.26639
1.22862
1.18222
1.1323
1.08081
1.02611
0.976226
0.925026
0.873106
0.830062
0.759411
1.34496
1.34223
1.33935
1.33685
1.33442
1.33165
1.3273
1.31917
1.30224
1.27456
1.2372
1.1908
1.14139
1.09077
1.03745
0.988594
0.937507
0.885649
0.842441
0.771133
1.34492
1.34242
1.33927
1.3364
1.33384
1.33155
1.32843
1.32241
1.30771
1.28156
1.24463
1.19881
1.15051
1.10101
1.04895
1.0007
0.949647
0.898037
0.854816
0.78294
1.3439
1.34151
1.33873
1.33603
1.33378
1.3321
1.33024
1.3255
1.31198
1.28699
1.251
1.20653
1.15984
1.11152
1.0605
1.01249
0.961421
0.910316
0.867221
0.794789
1.34273
1.33995
1.33738
1.3354
1.3343
1.334
1.33303
1.32796
1.31478
1.29104
1.25678
1.21444
1.16955
1.12219
1.07202
1.02406
0.972955
0.92254
0.879588
0.806566
1.34359
1.33961
1.33668
1.33526
1.33537
1.33617
1.33495
1.32887
1.31578
1.29389
1.2621
1.22246
1.1794
1.13274
1.08329
1.0355
0.984452
0.934813
0.891866
0.818197
1.34349
1.34019
1.33949
1.33963
1.33945
1.3378
1.33437
1.32798
1.31581
1.29642
1.26728
1.23037
1.1891
1.14305
1.09429
1.04689
0.996058
0.94714
0.903955
0.829648
1.33298
1.33597
1.34173
1.34512
1.34368
1.33872
1.3318
1.32443
1.31521
1.29931
1.27297
1.23823
1.19844
1.15307
1.10507
1.05825
1.00777
0.959415
0.915856
0.841002
1.33598
1.34365
1.34511
1.34405
1.34074
1.33543
1.32804
1.32231
1.31549
1.3027
1.27896
1.24601
1.20729
1.16266
1.11558
1.06943
1.0194
0.971518
0.927646
0.852393
1.24194
1.35725
1.35445
1.33804
1.3297
1.32747
1.32511
1.3221
1.31654
1.30562
1.28443
1.2537
1.21592
1.17203
1.12601
1.0805
1.0309
0.983412
0.939416
0.863913
0.925566
1.28973
1.32171
1.32059
1.32324
1.32518
1.32507
1.32244
1.31711
1.30769
1.2887
1.2608
1.22432
1.18132
1.1364
1.09133
1.04207
0.995045
0.951213
0.875576
0.672316
1.00956
1.27917
1.33437
1.3324
1.3253
1.32219
1.32109
1.31696
1.30794
1.29227
1.26712
1.23232
1.1905
1.1468
1.10211
1.05319
1.00661
0.96299
0.887228
0.622441
0.719473
1.08476
1.324
1.32883
1.32003
1.31869
1.31885
1.31617
1.30841
1.29486
1.27269
1.23993
1.19966
1.15712
1.11272
1.06426
1.0182
0.974694
0.898732
0.620106
0.627871
0.795364
1.19553
1.29819
1.31427
1.31645
1.31568
1.31299
1.30725
1.29643
1.27776
1.24719
1.20872
1.16726
1.12317
1.0754
1.02994
0.986335
0.910045
0.62007
0.620284
0.644703
0.909998
1.23661
1.32961
1.32398
1.31533
1.31033
1.30543
1.2972
1.28095
1.25337
1.21738
1.17702
1.13327
1.08637
1.04161
0.997944
0.921337
0.62007
0.620073
0.62128
0.683937
1.03383
1.30755
1.31481
1.30966
1.30871
1.30671
1.29804
1.2825
1.25802
1.22534
1.18645
1.14302
1.09683
1.05266
1.00928
0.93273
0.62007
0.62007
0.620095
0.624718
0.770176
1.17678
1.28873
1.31036
1.31353
1.30768
1.29729
1.28352
1.26249
1.23265
1.19505
1.15217
1.10684
1.06311
1.02017
0.944205
0.62007
0.62007
0.62007
0.620205
0.64155
0.915584
1.23712
1.32518
1.31832
1.30668
1.29564
1.28513
1.26767
1.23955
1.20265
1.16058
1.11654
1.07306
1.03035
0.955474
0.62007
0.62007
0.62007
0.620072
0.621294
0.696764
1.0734
1.30935
1.30778
1.30166
1.29616
1.28879
1.27327
1.24605
1.20981
1.16884
1.12645
1.08334
1.0401
0.966414
0.62007
0.62007
0.62007
0.62007
0.620104
0.627673
0.825526
1.21797
1.29425
1.30111
1.29883
1.29243
1.27787
1.25188
1.21697
1.1774
1.1366
1.09412
1.04993
0.977212
0.62007
0.62007
0.62007
0.62007
0.620071
0.620418
0.662693
1.00965
1.28162
1.30394
1.30169
1.29587
1.28152
1.25685
1.22438
1.18652
1.14669
1.10497
1.06011
0.988254
0.62007
0.62007
0.62007
0.62007
0.62007
0.620078
0.623544
0.773761
1.18078
1.28651
1.30115
1.2977
1.28374
1.26114
1.23215
1.19585
1.15618
1.11531
1.07055
0.999631
0.62007
0.62007
0.62007
0.62007
0.62007
0.62007
0.620213
0.648046
0.963434
1.25333
1.30903
1.30014
1.28391
1.26564
1.2404
1.20501
1.165
1.12483
1.08084
1.01108
0.62007
0.62007
0.62007
0.62007
0.62007
0.62007
0.620073
0.622339
0.744508
1.1461
1.30429
1.298
1.28474
1.27113
1.2488
1.21451
1.17449
1.13417
1.09074
1.0223
0.62007
0.62007
0.62007
0.62007
0.62007
0.62007
0.62007
0.62017
0.640875
0.941747
1.26996
1.29482
1.28745
1.27582
1.25605
1.22452
1.18552
1.14423
1.10074
1.03365
0.62007
0.62007
0.62007
0.62007
0.62007
0.62007
0.62007
0.620073
0.621766
0.737844
1.15064
1.2904
1.28228
1.27752
1.26303
1.23518
1.19701
1.15473
1.11136
1.0456
0.62007
0.62007
0.62007
0.62007
0.62007
0.62007
0.62007
0.62007
0.620152
0.640226
0.954854
1.24912
1.27265
1.27797
1.26891
1.24371
1.20738
1.16523
1.123
1.05857
0.62007
0.62007
0.62007
0.62007
0.62007
0.62007
0.62007
0.62007
0.620072
0.621821
0.751866
1.16438
1.27382
1.28392
1.27218
1.24884
1.21628
1.17525
1.13528
1.07219
0.62007
0.62007
0.62007
0.62007
0.62007
0.62007
0.62007
0.62007
0.62007
0.620162
0.646458
0.991942
1.24555
1.28386
1.27521
1.25513
1.22536
1.18445
1.14716
1.08565
0.62007
0.62007
0.62007
0.62007
0.62007
0.62007
0.62007
0.62007
0.62007
0.620073
0.622852
0.793408
1.16347
1.28558
1.28004
1.26346
1.23494
1.19379
1.15955
1.09907
0.62007
0.62007
0.62007
0.62007
0.62007
0.62007
0.62007
0.62007
0.62007
0.62007
0.620266
0.663958
1.00799
1.27914
1.28396
1.26661
1.24113
1.20302
1.17326
1.1129
0.62007
0.62007
0.62007
0.62007
0.62007
0.62007
0.62007
0.62007
0.62007
0.62007
0.620079
0.625484
0.81828
1.2192
1.26984
1.26688
1.24795
1.21316
1.18828
1.12732
0.62007
0.62007
0.62007
0.62007
0.62007
0.62007
0.62007
0.62007
0.62007
0.62007
0.62007
0.620474
0.678387
1.07253
1.24482
1.2677
1.25506
1.22365
1.20325
1.14189
0.62007
0.62007
0.62007
0.62007
0.62007
0.62007
0.62007
0.62007
0.62007
0.62007
0.62007
0.620089
0.628797
0.885305
1.23092
1.26993
1.25718
1.23255
1.21741
1.15609
0.62007
0.62007
0.62007
0.62007
0.62007
0.62007
0.62007
0.62007
0.62007
0.62007
0.62007
0.620071
0.620895
0.724096
1.14391
1.25361
1.25568
1.24345
1.23144
1.16916
0.62007
0.62007
0.62007
0.62007
0.62007
0.62007
0.62007
0.62007
0.62007
0.62007
0.62007
0.62007
0.620129
0.643067
0.986853
1.22511
1.26816
1.25661
1.24259
1.18071
0.62007
0.62007
0.62007
0.62007
0.62007
0.62007
0.62007
0.62007
0.62007
0.62007
0.62007
0.62007
0.620076
0.623211
0.811764
1.18122
1.26629
1.26238
1.25079
1.19122
0.62007
0.62007
0.62007
0.62007
0.62007
0.62007
0.62007
0.62007
0.62007
0.62007
0.62007
0.62007
0.620076
0.620411
0.683261
1.07909
1.2494
1.26231
1.25769
1.2023
0.62007
0.62007
0.62007
0.62007
0.62007
0.62007
0.62007
0.62007
0.62007
0.62007
0.62007
0.620071
0.620076
0.620191
0.632273
0.914435
1.22296
1.27161
1.26552
1.21424
0.62007
0.62007
0.62007
0.62007
0.62007
0.62007
0.62007
0.62007
0.62007
0.62007
0.62007
0.620071
0.620077
0.6202
0.622007
0.74993
1.1409
1.27109
1.27025
1.22625
0.62007
0.62007
0.62007
0.62007
0.62007
0.62007
0.62007
0.62007
0.62007
0.62007
0.62007
0.620071
0.620077
0.620217
0.621423
0.656087
0.988474
1.25646
1.27338
1.23663
0.62007
0.62007
0.62007
0.62007
0.62007
0.62007
0.62007
0.62007
0.62007
0.62007
0.62007
0.620071
0.620077
0.620207
0.621597
0.63108
0.820809
1.18916
1.26999
1.24048
0.62007
0.62007
0.62007
0.62007
0.62007
0.62007
0.62007
0.62007
0.62007
0.62007
0.62007
0.620071
0.620078
0.620189
0.621922
0.630566
0.705337
1.05773
1.26114
1.24201
0.62007
0.62007
0.62007
0.62007
0.62007
0.62007
0.62007
0.62007
0.62007
0.62007
0.62007
0.620071
0.620079
0.620185
0.621956
0.631278
0.66735
0.891303
1.20303
1.23682
0.62007
0.62007
0.62007
0.62007
0.62007
0.62007
0.62007
0.62007
0.62007
0.62007
0.62007
0.620071
0.620079
0.620189
0.621804
0.633545
0.66771
0.766836
1.08233
1.2233
)
;

boundaryField
{
    inlet
    {
        type            calculated;
        value           nonuniform List<scalar> 0();
    }
    outlet
    {
        type            calculated;
        value           nonuniform List<scalar> 
102
(
0.566239
0.566759
0.568571
0.571154
0.573942
0.576101
0.577253
0.577702
0.577867
0.5778
0.577543
0.577331
0.577187
0.577165
0.577325
0.57775
0.578322
0.578862
0.579284
0.579603
0.579889
0.580228
0.580713
0.581342
0.581969
0.582505
0.582976
0.583361
0.583686
0.58387
0.584041
0.58461
0.585634
0.5866
0.587233
0.588351
0.590491
0.592321
0.594011
0.596128
0.598761
0.60284
0.607639
0.613581
0.620362
0.62823
0.636638
0.646153
0.656162
0.666864
0.677925
0.689321
0.700913
0.712627
0.724368
0.73608
0.747743
0.759411
0.771133
0.78294
0.794789
0.806566
0.818197
0.829648
0.841002
0.852393
0.863913
0.875576
0.887228
0.898732
0.910045
0.921337
0.93273
0.944205
0.955474
0.966414
0.977212
0.988254
0.999631
1.01108
1.0223
1.03365
1.0456
1.05857
1.07219
1.08565
1.09907
1.1129
1.12732
1.14189
1.15609
1.16916
1.18071
1.19122
1.2023
1.21424
1.22625
1.23663
1.24048
1.24201
1.23682
1.2233
)
;
    }
    bottom
    {
        type            symmetryPlane;
    }
    top
    {
        type            calculated;
        value           nonuniform List<scalar> 0();
    }
    obstacle
    {
        type            calculated;
        value           nonuniform List<scalar> 
88
(
1.42044
1.41937
1.41845
1.41804
1.41807
1.41847
1.4196
1.42369
1.43199
1.44454
1.45966
1.46917
1.47519
1.47861
1.47991
1.47969
1.47915
1.47814
1.47681
1.47524
1.4735
1.47165
1.46973
1.46772
1.46561
1.46343
1.46123
1.45907
1.45695
1.45487
1.45278
1.45063
1.44833
1.44584
1.44318
1.44045
1.43778
1.43519
1.43267
1.43024
1.42786
1.42547
1.42312
1.42083
1.41856
1.41628
1.41397
1.41157
1.40907
1.40665
1.40454
1.40249
1.40043
1.39832
1.39616
1.39389
1.39143
1.38897
1.38688
1.38507
1.38336
1.38175
1.3802
1.37844
1.37649
1.3744
1.3721
1.37011
0.792788
0.528353
0.488991
0.518473
0.553962
0.566522
0.563936
0.557452
0.556028
0.556616
0.556578
0.555442
0.553852
0.5524
0.550501
0.548885
0.54901
0.550497
0.558337
0.566239
)
;
    }
    defaultFaces
    {
        type            empty;
    }
    procBoundary1to0
    {
        type            processor;
        value           nonuniform List<scalar> 
103
(
1.42113
1.41942
1.4127
1.40891
1.40782
1.41031
1.41422
1.41666
1.41729
1.41831
1.42232
1.32618
0.917493
0.639
0.620149
0.62007
0.62007
0.62007
0.62007
0.62007
0.62007
0.62007
0.62007
0.62007
0.62007
0.62007
0.62007
0.62007
0.62007
0.62007
0.62007
0.62007
0.62007
0.62007
0.62007
0.62007
0.62007
0.62007
0.62007
0.62007
0.62007
0.62007
0.62007
0.62007
0.62007
0.62007
0.62007
0.62007
0.62007
0.62007
0.62007
0.62007
0.62007
0.62007
0.62007
0.62007
0.62007
0.62007
0.62007
0.62007
0.62007
0.62007
0.62007
0.62007
0.62007
0.62007
0.62007
0.62007
0.62007
0.62007
0.62007
0.62007
0.62007
0.62007
0.62007
0.62007
0.62007
0.62007
0.62007
0.62007
0.62007
0.62007
0.62007
0.62007
0.62007
0.62007
0.62007
0.62007
0.62007
0.62007
0.62007
0.62007
0.62007
0.62007
0.62007
0.62007
0.62007
0.62007
0.62007
0.62007
0.62007
0.62007
0.62007
)
;
    }
    procBoundary1to3
    {
        type            processor;
        value           nonuniform List<scalar> 
89
(
0.62007
0.62007
0.62007
0.62007
0.62007
0.62007
0.62007
0.62007
0.62007
0.62007
0.62007
0.62007
0.62007
0.62007
0.62007
0.62007
0.62007
0.62007
0.62007
0.62007
0.62007
0.62007
0.62007
0.62007
0.62007
0.62007
0.62007
0.62007
0.62007
0.62007
0.62007
0.62007
0.62007
0.62007
0.62007
0.62007
0.62007
0.62007
0.62007
0.62007
0.62007
0.62007
0.62007
0.62007
0.62007
0.62007
0.62007
0.62007
0.62007
0.62007
0.62007
0.62007
0.62007
0.62007
0.62007
0.62007
0.62007
0.62007
0.62007
0.62007
0.62007
0.62007
0.62007
0.62007
0.62007
0.62007
0.62007
0.62007
0.62007
0.62007
0.62007
0.62007
0.62007
0.62007
0.62007
0.62007
0.62007
0.62007
0.62007
0.62007
0.620071
0.620079
0.620197
0.621647
0.634209
0.670534
0.72169
0.918435
1.17649
)
;
    }
}


// ************************************************************************* //
