/*--------------------------------*- C++ -*----------------------------------*\
| =========                 |                                                 |
| \\      /  F ield         | OpenFOAM: The Open Source CFD Toolbox           |
|  \\    /   O peration     | Version:  2306                                  |
|   \\  /    A nd           | Website:  www.openfoam.com                      |
|    \\/     M anipulation  |                                                 |
\*---------------------------------------------------------------------------*/
FoamFile
{
    version     2.0;
    format      ascii;
    arch        "LSB;label=32;scalar=64";
    class       volScalarField;
    location    "4e-05";
    object      T;
}
// * * * * * * * * * * * * * * * * * * * * * * * * * * * * * * * * * * * * * //

dimensions      [0 0 0 1 0 0 0];

internalField   nonuniform List<scalar> 
9032
(
269.338
269.335
269.349
269.395
269.457
269.551
269.7
270.069
270.735
271.711
272.834
273.538
274.025
274.342
274.504
274.563
274.555
274.518
274.457
274.378
274.285
274.183
274.073
273.956
273.831
273.699
273.562
273.42
273.276
273.133
272.988
272.838
272.676
272.497
272.305
272.107
271.914
271.729
271.549
271.376
271.205
271.032
270.859
270.688
270.518
270.346
270.172
269.992
269.804
269.62
269.458
269.3
269.14
268.977
268.809
268.632
268.442
268.25
268.086
267.945
267.815
267.695
267.581
267.452
267.305
267.145
266.958
266.809
269.655
269.631
269.65
269.697
269.761
269.846
270.022
270.453
271.245
272.412
273.555
274.186
274.557
274.704
274.767
274.757
274.712
274.65
274.573
274.477
274.369
274.255
274.133
274.001
273.86
273.712
273.561
273.411
273.263
273.114
272.961
272.799
272.627
272.443
272.252
272.058
271.868
271.683
271.505
271.329
271.155
270.982
270.811
270.64
270.47
270.299
270.126
269.948
269.765
269.583
269.417
269.256
269.093
268.926
268.755
268.58
268.398
268.217
268.053
267.906
267.77
267.642
267.514
267.384
267.238
267.085
266.915
266.788
270.427
270.419
270.409
270.41
270.419
270.468
270.636
271.085
272.02
273.298
274.318
274.835
275.104
275.112
275.104
275.078
275.044
274.987
274.897
274.78
274.649
274.509
274.361
274.204
274.039
273.868
273.697
273.534
273.375
273.216
273.05
272.874
272.687
272.495
272.3
272.108
271.919
271.735
271.554
271.372
271.191
271.021
270.851
270.68
270.509
270.336
270.163
269.987
269.806
269.624
269.449
269.283
269.118
268.952
268.784
268.613
268.439
268.267
268.1
267.939
267.788
267.651
267.517
267.389
267.256
267.117
266.957
266.86
271.238
271.181
271.11
271.031
271.02
271.039
271.217
271.795
272.898
274.194
275.008
275.343
275.508
275.51
275.489
275.459
275.408
275.327
275.212
275.073
274.917
274.751
274.581
274.407
274.226
274.041
273.857
273.679
273.506
273.332
273.151
272.961
272.763
272.563
272.365
272.17
271.977
271.789
271.606
271.422
271.236
271.063
270.891
270.716
270.543
270.37
270.197
270.025
269.848
269.666
269.484
269.306
269.136
268.969
268.804
268.64
268.474
268.308
268.143
267.979
267.815
267.652
267.508
267.379
267.262
267.147
266.999
266.927
271.502
271.421
271.333
271.243
271.232
271.275
271.503
272.249
273.571
274.781
275.337
275.546
275.616
275.625
275.615
275.594
275.55
275.458
275.329
275.174
275.008
274.837
274.664
274.487
274.306
274.122
273.938
273.755
273.574
273.393
273.207
273.013
272.81
272.606
272.406
272.205
272.007
271.817
271.631
271.447
271.263
271.086
270.905
270.722
270.546
270.372
270.199
270.028
269.856
269.679
269.496
269.309
269.131
268.961
268.796
268.64
268.485
268.328
268.174
268.019
267.853
267.676
267.513
267.375
267.251
267.139
266.996
266.938
271.291
271.208
271.135
271.076
271.085
271.157
271.493
272.434
273.833
274.89
275.287
275.452
275.528
275.561
275.554
275.537
275.49
275.397
275.27
275.117
274.94
274.758
274.581
274.407
274.232
274.054
273.872
273.688
273.505
273.32
273.13
272.934
272.728
272.52
272.317
272.117
271.922
271.734
271.551
271.37
271.188
271.004
270.816
270.631
270.455
270.285
270.119
269.957
269.791
269.617
269.434
269.252
269.074
268.905
268.744
268.594
268.453
268.311
268.175
268.035
267.882
267.709
267.531
267.383
267.254
267.133
266.986
266.932
270.553
270.528
270.521
270.536
270.575
270.704
271.2
272.354
273.802
274.684
274.988
275.126
275.213
275.272
275.288
275.281
275.226
275.127
275
274.851
274.684
274.508
274.337
274.172
274.006
273.834
273.657
273.476
273.293
273.107
272.916
272.719
272.517
272.311
272.106
271.907
271.716
271.534
271.358
271.183
271.005
270.821
270.634
270.445
270.263
270.102
269.948
269.796
269.639
269.472
269.298
269.129
268.964
268.8
268.649
268.511
268.381
268.257
268.138
268.016
267.888
267.739
267.57
267.415
267.27
267.146
266.992
266.951
269.758
269.813
269.854
269.901
269.943
270.131
270.825
272.231
273.619
274.303
274.557
274.708
274.805
274.857
274.864
274.828
274.747
274.643
274.526
274.399
274.257
274.095
273.931
273.779
273.631
273.476
273.312
273.14
272.961
272.776
272.591
272.407
272.215
272.014
271.81
271.612
271.423
271.245
271.076
270.912
270.746
270.57
270.388
270.205
270.027
269.87
269.727
269.588
269.444
269.294
269.144
269
268.853
268.703
268.56
268.43
268.306
268.19
268.085
267.984
267.882
267.763
267.625
267.471
267.316
267.186
267.03
267.014
269.327
269.38
269.429
269.474
269.514
269.768
270.656
272.196
273.464
273.97
274.2
274.359
274.437
274.459
274.433
274.364
274.269
274.169
274.064
273.95
273.82
273.666
273.499
273.344
273.198
273.052
272.9
272.74
272.567
272.387
272.204
272.028
271.853
271.668
271.474
271.282
271.098
270.926
270.768
270.621
270.475
270.321
270.159
269.995
269.827
269.667
269.531
269.402
269.272
269.144
269.023
268.906
268.785
268.656
268.522
268.395
268.273
268.162
268.064
267.973
267.89
267.796
267.688
267.555
267.415
267.288
267.144
267.149
269.238
269.278
269.346
269.348
269.37
269.702
270.768
272.367
273.457
273.818
274.04
274.19
274.239
274.227
274.172
274.071
273.953
273.851
273.753
273.645
273.517
273.365
273.191
273.026
272.874
272.721
272.566
272.41
272.249
272.081
271.908
271.741
271.574
271.403
271.222
271.041
270.867
270.703
270.553
270.416
270.286
270.155
270.021
269.88
269.73
269.573
269.442
269.318
269.193
269.079
268.978
268.878
268.773
268.66
268.54
268.421
268.304
268.198
268.105
268.023
267.955
267.879
267.795
267.685
267.572
267.463
267.336
267.358
269.269
269.285
269.403
269.347
269.387
269.817
271.106
272.733
273.601
273.882
274.065
274.162
274.171
274.141
274.062
273.948
273.824
273.714
273.609
273.495
273.367
273.22
273.052
272.876
272.709
272.543
272.379
272.217
272.058
271.898
271.738
271.57
271.411
271.258
271.1
270.933
270.766
270.604
270.459
270.329
270.209
270.093
269.976
269.854
269.728
269.596
269.476
269.365
269.253
269.144
269.042
268.942
268.842
268.743
268.644
268.543
268.442
268.347
268.259
268.18
268.12
268.054
267.983
267.894
267.806
267.718
267.601
267.634
268.5
269.522
269.517
269.337
269.421
270.046
271.616
273.207
273.819
274.029
274.16
274.198
274.177
274.125
274.038
273.926
273.811
273.693
273.579
273.458
273.323
273.175
273.012
272.834
272.645
272.461
272.285
272.12
271.966
271.814
271.659
271.512
271.372
271.231
271.092
270.952
270.811
270.671
270.538
270.414
270.296
270.185
270.077
269.968
269.855
269.744
269.637
269.536
269.438
269.339
269.24
269.139
269.041
268.949
268.865
268.785
268.708
268.63
268.547
268.468
268.406
268.345
268.281
268.201
268.122
268.043
267.919
267.948
259.404
269.871
269.523
269.313
269.556
270.394
272.237
273.666
274.044
274.193
274.262
274.254
274.212
274.14
274.054
273.964
273.861
273.75
273.632
273.502
273.357
273.206
273.051
272.884
272.709
272.534
272.366
272.21
272.063
271.925
271.787
271.65
271.518
271.391
271.267
271.149
271.032
270.917
270.805
270.691
270.578
270.466
270.357
270.249
270.141
270.038
269.945
269.862
269.779
269.688
269.59
269.488
269.39
269.301
269.223
269.151
269.081
269.003
268.912
268.821
268.744
268.676
268.61
268.537
268.458
268.378
268.242
268.255
219.983
261.892
268.829
269.506
269.744
270.818
272.863
273.958
274.22
274.305
274.313
274.306
274.279
274.226
274.15
274.066
273.981
273.879
273.744
273.588
273.426
273.276
273.143
273.02
272.893
272.76
272.627
272.495
272.366
272.239
272.115
271.994
271.877
271.764
271.657
271.556
271.454
271.354
271.258
271.156
271.046
270.933
270.818
270.705
270.597
270.495
270.399
270.31
270.222
270.126
270.023
269.918
269.817
269.724
269.639
269.559
269.478
269.385
269.28
269.175
269.08
269.006
268.93
268.85
268.75
268.661
268.521
268.492
182.963
219.78
259.125
269.759
269.593
271.383
273.486
274.144
274.332
274.374
274.402
274.439
274.451
274.418
274.354
274.27
274.172
274.056
273.921
273.774
273.634
273.52
273.431
273.353
273.271
273.178
273.078
272.972
272.864
272.756
272.647
272.538
272.435
272.337
272.239
272.134
272.021
271.911
271.805
271.693
271.57
271.44
271.308
271.177
271.054
270.942
270.839
270.742
270.644
270.542
270.433
270.322
270.214
270.108
270.006
269.903
269.796
269.679
269.557
269.442
269.329
269.235
269.131
269.027
268.912
268.827
268.692
268.628
180.012
182.59
218.736
260.593
268.547
272.349
273.751
274.167
274.363
274.459
274.58
274.709
274.773
274.725
274.637
274.546
274.465
274.383
274.282
274.159
274.049
273.981
273.941
273.905
273.853
273.78
273.683
273.566
273.444
273.331
273.224
273.117
273.014
272.916
272.81
272.686
272.542
272.4
272.273
272.145
272.008
271.864
271.716
271.566
271.424
271.294
271.174
271.061
270.948
270.834
270.714
270.591
270.471
270.357
270.238
270.115
269.987
269.852
269.716
269.586
269.458
269.35
269.23
269.124
269.006
268.908
268.776
268.68
180
180.009
182.57
216.574
258.59
273.01
273.743
274.34
274.677
274.828
275.032
275.207
275.193
275.117
275.038
274.983
274.939
274.89
274.817
274.724
274.642
274.598
274.569
274.529
274.471
274.39
274.274
274.119
273.946
273.789
273.657
273.537
273.427
273.322
273.205
273.061
272.886
272.708
272.554
272.414
272.268
272.116
271.957
271.792
271.631
271.484
271.352
271.226
271.104
270.983
270.857
270.733
270.614
270.495
270.361
270.219
270.072
269.92
269.774
269.631
269.506
269.392
269.276
269.16
269.034
268.929
268.801
268.687
180
180
180.009
182.018
215.003
263.884
273.074
275.498
275.384
275.446
275.695
275.755
275.709
275.652
275.616
275.598
275.578
275.542
275.483
275.399
275.289
275.183
275.095
275.014
274.934
274.822
274.664
274.463
274.239
274.027
273.849
273.712
273.6
273.494
273.376
273.229
273.046
272.843
272.659
272.505
272.356
272.209
272.059
271.901
271.734
271.576
271.434
271.296
271.165
271.038
270.911
270.785
270.664
270.54
270.401
270.247
270.086
269.924
269.769
269.623
269.499
269.376
269.258
269.13
268.996
268.878
268.75
268.614
180
180
180
180.006
181.747
219.464
267.11
277.112
275.945
276.163
276.433
276.337
276.344
276.333
276.301
276.268
276.224
276.156
276.042
275.886
275.707
275.554
275.438
275.312
275.168
275.005
274.808
274.577
274.342
274.118
273.909
273.746
273.626
273.519
273.402
273.26
273.083
272.877
272.676
272.508
272.367
272.232
272.092
271.942
271.775
271.611
271.461
271.313
271.173
271.039
270.91
270.786
270.658
270.512
270.344
270.178
270.02
269.863
269.71
269.566
269.434
269.3
269.172
269.035
268.893
268.77
268.641
268.503
180
180
180
180
180.005
182.45
226.566
270.987
275.322
277.222
276.979
276.884
276.93
276.941
276.919
276.834
276.711
276.549
276.348
276.124
275.908
275.728
275.567
275.39
275.198
274.995
274.782
274.563
274.35
274.141
273.931
273.731
273.581
273.465
273.353
273.221
273.062
272.875
272.682
272.509
272.358
272.221
272.083
271.937
271.772
271.598
271.437
271.277
271.122
270.977
270.836
270.693
270.546
270.392
270.23
270.064
269.903
269.745
269.588
269.438
269.298
269.158
269.02
268.877
268.728
268.599
268.477
268.339
180
180
180
180
180
180.009
183.93
235.203
273.729
279.001
277.434
277.403
277.388
277.349
277.231
277.075
276.873
276.639
276.409
276.162
275.927
275.723
275.52
275.317
275.108
274.888
274.68
274.49
274.299
274.105
273.906
273.698
273.506
273.374
273.267
273.156
273.022
272.863
272.687
272.507
272.344
272.191
272.046
271.893
271.73
271.565
271.399
271.23
271.054
270.879
270.712
270.546
270.381
270.22
270.06
269.902
269.741
269.583
269.424
269.273
269.128
268.987
268.844
268.697
268.547
268.411
268.294
268.16
180
180
180
180
180
180
180.017
187.163
243.048
274.475
276.687
277.66
277.561
277.446
277.297
277.053
276.799
276.553
276.302
276.05
275.813
275.606
275.388
275.169
274.95
274.728
274.516
274.349
274.193
274.026
273.839
273.629
273.426
273.278
273.17
273.076
272.977
272.85
272.692
272.513
272.327
272.136
271.942
271.776
271.631
271.48
271.314
271.13
270.931
270.722
270.525
270.34
270.165
270.004
269.853
269.704
269.554
269.401
269.249
269.102
268.96
268.82
268.678
268.529
268.383
268.243
268.126
267.991
180
180
180
180
180
180
180
180.047
190.802
248.262
276.249
278.43
277.526
277.318
277.158
276.897
276.616
276.368
276.11
275.843
275.597
275.398
275.196
274.994
274.8
274.591
274.374
274.187
274.048
273.912
273.755
273.572
273.371
273.206
273.093
272.995
272.904
272.799
272.654
272.47
272.26
272.032
271.812
271.632
271.473
271.324
271.164
270.971
270.748
270.514
270.285
270.079
269.897
269.743
269.609
269.483
269.354
269.218
269.076
268.938
268.802
268.666
268.526
268.381
268.242
268.107
267.98
267.835
180
180
180
180
180
180
180
180
180.095
195.356
254.603
275.418
276.911
277.046
276.871
276.626
276.415
276.178
275.892
275.603
275.362
275.17
275
274.831
274.678
274.514
274.315
274.108
273.953
273.824
273.682
273.522
273.343
273.158
273.014
272.903
272.79
272.675
272.543
272.346
272.109
271.852
271.615
271.427
271.256
271.099
270.935
270.733
270.497
270.244
270.009
269.804
269.637
269.499
269.383
269.274
269.161
269.034
268.9
268.772
268.645
268.514
268.38
268.244
268.119
267.985
267.848
267.684
180
180
180
180
180
180
180
180
180
180.194
200.448
257.112
276.627
277.445
276.611
276.414
276.274
276.006
275.698
275.406
275.159
274.986
274.859
274.735
274.612
274.482
274.315
274.095
273.906
273.759
273.629
273.477
273.308
273.126
272.94
272.789
272.637
272.485
272.344
272.15
271.891
271.624
271.378
271.177
270.997
270.828
270.656
270.45
270.217
269.973
269.745
269.553
269.399
269.276
269.175
269.08
268.974
268.846
268.715
268.594
268.474
268.348
268.221
268.102
267.987
267.851
267.707
267.522
180
180
180
180
180
180
180
180
180
180
180.36
205.056
261.454
275.872
276.143
276.285
276.051
275.789
275.572
275.277
275.001
274.812
274.7
274.633
274.559
274.449
274.307
274.1
273.883
273.71
273.562
273.423
273.25
273.069
272.853
272.651
272.464
272.264
272.088
271.9
271.638
271.378
271.127
270.904
270.721
270.546
270.37
270.171
269.954
269.734
269.527
269.347
269.205
269.098
269.004
268.909
268.8
268.669
268.537
268.413
268.287
268.162
268.046
267.935
267.821
267.686
267.538
267.335
180
180
180
180
180
180
180
180
180
180
180.001
180.595
210.103
262.041
276.666
276.658
275.778
275.696
275.503
275.201
274.908
274.691
274.569
274.515
274.48
274.373
274.23
274.018
273.793
273.597
273.438
273.31
273.131
272.951
272.728
272.476
272.258
272.026
271.812
271.618
271.368
271.12
270.882
270.651
270.457
270.286
270.113
269.929
269.734
269.541
269.358
269.197
269.069
268.971
268.879
268.775
268.649
268.506
268.367
268.229
268.089
267.96
267.845
267.732
267.615
267.483
267.333
267.115
180
180
180
180
180
180
180
180
180
180
180
180.001
180.976
212.788
266.079
275.483
275.52
275.72
275.353
275.159
274.868
274.631
274.466
274.392
274.363
274.248
274.075
273.833
273.595
273.373
273.202
273.08
272.909
272.737
272.528
272.266
272.031
271.786
271.549
271.346
271.109
270.875
270.656
270.433
270.231
270.063
269.896
269.724
269.549
269.38
269.22
269.08
268.964
268.863
268.76
268.641
268.501
268.353
268.199
268.036
267.876
267.737
267.616
267.501
267.382
267.252
267.1
266.875
180
180
180
180
180
180
180
180
180
180
180
180
180.002
181.307
218.842
264.888
275.897
276.082
275.41
275.142
274.824
274.594
274.429
274.343
274.27
274.118
273.893
273.581
273.298
273.057
272.885
272.778
272.629
272.469
272.277
272.03
271.797
271.557
271.318
271.105
270.874
270.649
270.445
270.242
270.052
269.885
269.723
269.556
269.387
269.224
269.075
268.948
268.839
268.733
268.619
268.491
268.344
268.183
268.011
267.831
267.66
267.514
267.385
267.267
267.143
267.009
266.853
266.626
180
180
180
180
180
180
180
180
180
180
180
180
180
180.003
182.137
219.277
266.872
275.335
275.102
275.029
274.81
274.6
274.426
274.333
274.207
274.015
273.721
273.365
273.052
272.796
272.611
272.496
272.362
272.211
272.032
271.812
271.596
271.367
271.129
270.899
270.662
270.442
270.247
270.072
269.913
269.757
269.596
269.425
269.246
269.069
268.917
268.796
268.691
268.58
268.456
268.313
268.151
267.974
267.789
267.608
267.439
267.294
267.159
267.036
266.904
266.759
266.603
266.381
180
180
180
180
180
180
180
180
180
180
180
180
180
180
180.007
182.195
221.158
267.126
275.151
275
274.461
274.224
274.231
274.238
274.128
273.893
273.544
273.202
272.918
272.672
272.471
272.301
272.137
271.983
271.809
271.621
271.432
271.216
270.981
270.73
270.484
270.259
270.072
269.922
269.787
269.646
269.485
269.309
269.116
268.921
268.758
268.631
268.523
268.405
268.269
268.113
267.934
267.741
267.548
267.366
267.197
267.054
266.924
266.801
266.666
266.518
266.367
266.151
180
180
180
180
180
180
180
180
180
180
180
180
180
180
180
180.007
182.63
221.927
267.312
273.153
273.607
273.783
274.072
274.053
273.883
273.577
273.255
272.997
272.776
272.577
272.368
272.152
271.955
271.764
271.579
271.422
271.251
271.063
270.843
270.598
270.346
270.108
269.925
269.776
269.651
269.525
269.364
269.18
268.976
268.767
268.596
268.458
268.342
268.22
268.071
267.899
267.709
267.51
267.316
267.132
266.962
266.817
266.687
266.565
266.436
266.289
266.146
265.94
180
180
180
180
180
180
180
180
180
180
180
180
180
180
180
180
180.01
182.707
222.795
263.586
274.447
274.346
273.956
273.662
273.339
273.037
272.923
272.775
272.611
272.421
272.193
271.965
271.736
271.517
271.346
271.196
271.035
270.879
270.687
270.46
270.21
269.965
269.782
269.63
269.499
269.377
269.221
269.031
268.821
268.609
268.429
268.28
268.154
268.024
267.871
267.697
267.511
267.318
267.125
266.935
266.756
266.6
266.461
266.335
266.212
266.076
265.942
265.744
180
180
180
180
180
180
180
180
180
180
180
180
180
180
180
180
180
180.01
182.685
217.738
264.194
273.566
273.528
273.18
272.958
272.94
272.782
272.632
272.422
272.165
271.926
271.744
271.52
271.314
271.126
270.957
270.792
270.663
270.506
270.301
270.068
269.826
269.637
269.48
269.336
269.203
269.051
268.865
268.658
268.449
268.265
268.107
267.965
267.824
267.672
267.51
267.336
267.157
266.971
266.778
266.592
266.419
266.264
266.129
266.004
265.873
265.744
265.551
180
180
180
180
180
180
180
180
180
180
180
180
180
180
180
180
180
180
180.009
181.985
216.102
263.953
272.612
273.381
273.078
272.996
272.952
272.73
272.33
272.014
271.773
271.561
271.394
271.206
270.967
270.749
270.557
270.424
270.291
270.115
269.913
269.693
269.495
269.329
269.171
269.017
268.855
268.676
268.484
268.294
268.113
267.944
267.782
267.629
267.479
267.324
267.163
267.001
266.83
266.646
266.459
266.276
266.105
265.954
265.816
265.676
265.545
265.356
180
180
180
180
180
180
180
180
180
180
180
180
180
180
180
180
180
180
180
180.006
181.732
215.558
258.842
271.739
273.509
273.438
273.102
272.62
272.232
271.876
271.6
271.441
271.309
271.125
270.849
270.575
270.35
270.183
270.043
269.89
269.716
269.529
269.345
269.17
268.994
268.817
268.634
268.45
268.28
268.121
267.951
267.781
267.609
267.443
267.29
267.136
266.981
266.828
266.673
266.509
266.333
266.153
265.977
265.807
265.645
265.489
265.346
265.157
180
180
180
180
180
180
180
180
180
180
180
180
180
180
180
180
180
180
180
180
180.005
181.464
209.007
253.694
272.878
272.913
272.714
272.184
271.76
271.513
271.389
271.272
271.171
271.018
270.754
270.466
270.196
269.982
269.806
269.641
269.489
269.338
269.181
269.01
268.815
268.599
268.39
268.2
268.037
267.903
267.76
267.604
267.441
267.268
267.104
266.949
266.792
266.637
266.481
266.327
266.174
266.013
265.843
265.67
265.493
265.315
265.163
264.969
180
180
180
180
180
180
180
180
180
180
180
180
180
180
180
180
180
180
180
180
180
180.003
180.826
201.98
253.622
270.383
272.02
271.856
271.468
271.195
271.138
271.087
270.965
270.846
270.621
270.373
270.119
269.861
269.63
269.431
269.266
269.146
269.021
268.854
268.654
268.416
268.174
267.967
267.795
267.658
267.536
267.397
267.249
267.09
266.925
266.767
266.609
266.447
266.284
266.122
265.969
265.827
265.675
265.506
265.332
265.151
264.987
264.798
180
180
180
180
180
180
180
180
180
180
180
180
180
180
180
180
180
180
180
180
180
180
180.001
180.454
200.262
246.349
269.498
272.507
272.058
271.443
271.15
270.942
270.8
270.592
270.397
270.212
270.026
269.798
269.529
269.286
269.088
268.937
268.818
268.682
268.496
268.275
268.031
267.797
267.602
267.442
267.307
267.175
267.034
266.889
266.745
266.597
266.439
266.271
266.097
265.924
265.756
265.602
265.463
265.311
265.148
264.981
264.818
264.636
180
180
180
180
180
180
180
180
180
180
180
180
180
180
180
180
180
180
180
180
180
180
180
180.001
180.35
194.536
237.815
268.529
271.553
271.619
271.308
270.909
270.581
270.309
270.128
269.991
269.86
269.656
269.413
269.145
268.918
268.731
268.579
268.445
268.29
268.099
267.89
267.676
267.468
267.283
267.118
266.962
266.813
266.671
266.541
266.414
266.269
266.105
265.923
265.738
265.558
265.385
265.232
265.095
264.946
264.792
264.647
264.476
180
180
180
180
180
180
180
180
180
180
180
180
180
180
180
180
180
180
180
180
180
180
180
180
180
180.163
188.565
233.018
262.587
270.585
271.119
270.715
270.208
269.956
269.775
269.63
269.553
269.436
269.243
269.022
268.784
268.564
268.372
268.202
268.04
267.866
267.691
267.516
267.337
267.153
266.964
266.78
266.611
266.457
266.32
266.202
266.077
265.923
265.749
265.559
265.371
265.187
265.015
264.868
264.734
264.589
264.461
264.299
180
180
180
180
180
180
180
180
180
180
180
180
180
180
180
180
180
180
180
180
180
180
180
180
180
180
180.063
185.829
220.852
260.038
270.232
270.026
270.045
269.872
269.726
269.468
269.342
269.24
269.122
268.946
268.718
268.474
268.235
268.017
267.81
267.618
267.448
267.296
267.152
266.993
266.818
266.633
266.445
266.273
266.121
265.988
265.869
265.725
265.559
265.375
265.185
264.999
264.818
264.657
264.522
264.384
264.261
264.104
180
180
180
180
180
180
180
180
180
180
180
180
180
180
180
180
180
180
180
180
180
180
180
180
180
180
180
180.032
182.585
211.251
254.835
267.652
270.668
270.25
269.929
269.513
269.221
269.074
268.938
268.751
268.536
268.339
268.133
267.905
267.668
267.439
267.239
267.072
266.934
266.805
266.657
266.482
266.3
266.118
265.952
265.803
265.668
265.521
265.357
265.178
264.996
264.813
264.633
264.467
264.326
264.185
264.059
263.901
180
180
180
180
180
180
180
180
180
180
180
180
180
180
180
180
180
180
180
180
180
180
180
180
180
180
180
180
180.008
181.11
203.284
244.332
266.859
270.004
269.443
269.09
268.855
268.726
268.636
268.439
268.262
268.103
267.954
267.781
267.564
267.32
267.081
266.892
266.733
266.595
266.465
266.31
266.132
265.952
265.79
265.64
265.488
265.332
265.166
264.989
264.814
264.638
264.463
264.298
264.153
264
263.861
263.698
180
180
180
180
180
180
180
180
180
180
180
180
180
180
180
180
180
180
180
180
180
180
180
180
180
180
180
180
180
180.002
180.472
193.62
233.328
263.851
268.419
268.785
268.823
268.643
268.471
268.23
268.007
267.849
267.714
267.578
267.378
267.153
266.93
266.738
266.576
266.425
266.281
266.119
265.93
265.749
265.594
265.451
265.303
265.151
264.991
264.819
264.65
264.481
264.31
264.147
263.995
263.828
263.673
263.502
180
180
180
180
180
180
180
180
180
180
180
180
180
180
180
180
180
180
180
180
180
180
180
180
180
180
180
180
180
180
180.001
180.148
186.372
222.64
256.001
268.358
269.184
268.808
268.477
268.18
267.932
267.726
267.536
267.351
267.151
266.95
266.764
266.606
266.452
266.298
266.129
265.932
265.723
265.531
265.368
265.23
265.099
264.963
264.821
264.666
264.504
264.34
264.17
264.004
263.841
263.661
263.494
263.319
180
180
180
180
180
180
180
180
180
180
180
180
180
180
180
180
180
180
180
180
180
180
180
180
180
180
180
180
180
180
180
180
180.039
182.908
207.209
250.017
264.811
267.55
267.89
267.972
267.831
267.651
267.415
267.166
266.931
266.72
266.561
266.43
266.301
266.149
265.971
265.769
265.553
265.346
265.168
265.017
264.888
264.77
264.645
264.506
264.355
264.193
264.019
263.847
263.673
263.488
263.32
263.146
180
180
180
180
180
180
180
180
180
180
180
180
180
180
180
180
180
180
180
180
180
180
180
180
180
180
180
180
180
180
180
180
180
180.01
180.763
197.865
235.554
262.793
267.618
267.685
267.68
267.653
267.273
266.972
266.705
266.503
266.348
266.223
266.111
265.981
265.811
265.617
265.407
265.189
264.992
264.826
264.681
264.562
264.457
264.332
264.185
264.022
263.846
263.671
263.496
263.316
263.154
262.986
180
180
180
180
180
180
180
180
180
180
180
180
180
180
180
180
180
180
180
180
180
180
180
180
180
180
180
180
180
180
180
180
180
180
180.001
180.257
187.987
221.641
254.683
265.262
268.102
267.807
267.069
266.686
266.518
266.356
266.201
266.06
265.921
265.789
265.626
265.434
265.234
265.02
264.813
264.64
264.487
264.359
264.259
264.148
264
263.83
263.651
263.478
263.311
263.144
262.994
262.834
180
180
180
180
180
180
180
180
180
180
180
180
180
180
180
180
180
180
180
180
180
180
180
180
180
180
180
180
180
180
180
180
180
180
180
180
180.055
182.555
206.801
242.342
264.553
266.178
266.131
266.259
266.496
266.309
266.114
265.917
265.736
265.581
265.421
265.232
265.035
264.827
264.622
264.451
264.294
264.157
264.052
263.951
263.805
263.631
263.448
263.278
263.125
262.977
262.839
262.681
180
180
180
180
180
180
180
180
180
180
180
180
180
180
180
180
180
180
180
180
180
180
180
180
180
180
180
180
180
180
180
180
180
180
180
180
180
180.008
180.712
192.426
229.059
255.69
265.717
267.167
266.965
266.324
265.94
265.666
265.49
265.354
265.214
265.032
264.835
264.638
264.444
264.277
264.117
263.969
263.85
263.745
263.6
263.43
263.244
263.08
262.935
262.806
262.681
262.527
180
180
180
180
180
180
180
180
180
180
180
180
180
180
180
180
180
180
180
180
180
180
180
180
180
180
180
180
180
180
180
180
180
180
180
180
180
180
180.001
180.129
184.63
211.107
246.73
262.857
265.203
265.439
265.641
265.506
265.318
265.185
265.05
264.9
264.712
264.521
264.323
264.13
263.953
263.785
263.641
263.523
263.386
263.23
263.059
262.9
262.76
262.631
262.517
262.369
180
180
180
180
180
180
180
180
180
180
180
180
180
180
180
180
180
180
180
180
180
180
180
180
180
180
180
180
180
180
180
180
180
180
180
180
180
180
180
180
180.022
181.151
195.626
231.751
255.512
265.542
266.262
265.979
265.423
265.079
264.847
264.68
264.514
264.365
264.178
263.968
263.774
263.595
263.439
263.319
263.196
263.058
262.902
262.739
262.59
262.449
262.335
262.19
180
180
180
180
180
180
180
180
180
180
180
180
180
180
180
180
180
180
180
180
180
180
180
180
180
180
180
180
180
180
180
180
180
180
180
180
180
180
180
180
180
180.002
180.202
186.098
211.775
246.945
261.389
264.442
264.767
264.671
264.419
264.32
264.238
264.153
264.006
263.81
263.613
263.426
263.267
263.152
263.04
262.917
262.77
262.593
262.422
262.26
262.133
261.986
180
180
180
180
180
180
180
180
180
180
180
180
180
180
180
180
180
180
180
180
180
180
180
180
180
180
180
180
180
180
180
180
180
180
180
180
180
180
180
180
180
180
180
180.035
181.225
195.848
229.739
254.076
264.419
264.803
264.277
264.166
264.205
264.034
263.876
263.696
263.466
263.259
263.094
262.984
262.897
262.785
262.637
262.446
262.256
262.08
261.939
261.79
180
180
180
180
180
180
180
180
180
180
180
180
180
180
180
180
180
180
180
180
180
180
180
180
180
180
180
180
180
180
180
180
180
180
180
180
180
180
180
180
180
180
180
180
180.002
180.207
185.355
208.23
243.37
258.705
263.406
264.551
264.391
264.017
263.754
263.518
263.257
263.043
262.902
262.804
262.738
262.632
262.471
262.273
262.083
261.917
261.789
261.652
180
180
180
180
180
180
180
180
180
180
180
180
180
180
180
180
180
180
180
180
180
180
180
180
180
180
180
180
180
180
180
180
180
180
180
180
180
180
180
180
180
180
180
180
180
180
180.026
180.872
192.84
223.148
250.33
262.342
262.908
263.181
263.284
263.324
263.124
262.92
262.785
262.688
262.634
262.52
262.336
262.108
261.899
261.741
261.644
261.538
180
180
180
180
180
180
180
180
180
180
180
180
180
180
180
180
180
180
180
180
180
180
180
180
180
180
180
180
180
180
180
180
180
180
180
180
180
180
180
180
180
180
180
180
180
180
180
180.001
180.133
183.316
201.896
235.621
254.43
262.663
263.927
263.771
263.329
262.964
262.686
262.538
262.445
262.348
262.168
261.921
261.669
261.519
261.44
261.388
180
180
180
180
180
180
180
180
180
180
180
180
180
180
180
180
180
180
180
180
180
180
180
180
180
180
180
180
180
180
180
180
180
180
180
180
180
180
180
180
180
180
180
180
180
180
180
180
180
180.012
180.447
187.936
213.197
243.419
258.323
261.72
262.47
262.542
262.257
262.043
262.047
262.089
261.975
261.743
261.461
261.305
261.23
261.209
180
180
180
180
180
180
180
180
180
180
180
180
180
180
180
180
180
180
180
180
180
180
180
180
180
180
180
180
180
180
180
180
180
180
180
180
180
180
180
180
180
180
180
180
180
180
180
180
180
180
180.001
180.055
181.444
193.719
223.466
247.368
261.092
262.613
261.899
261.776
261.763
261.983
261.894
261.704
261.409
261.208
261.094
261.029
180
180
180
180
180
180
180
180
180
180
180
180
180
180
180
180
180
180
180
180
180
180
180
180
180
180
180
180
180
180
180
180
180
180
180
180
180
180
180
180
180
180
180
180
180
180
180
180
180
180
180
180
180.003
180.155
183.438
200.74
230.602
253.086
259.492
262.032
262.299
262.234
261.896
261.609
261.267
261.061
260.932
260.834
180
180
180
180
180
180
180
180
180
180
180
180
180
180
180
180
180
180
180
180
180
180
180
180
180
180
180
180
180
180
180
180
180
180
180
180
180
180
180
180
180
180
180
180
180
180
180
180
180
180
180
180
180
180
180.012
180.417
185.702
208.539
235.16
255.337
259.967
260.942
261.118
261.185
261
260.847
260.73
260.665
180
180
180
180
180
180
180
180
180
180
180
180
180
180
180
180
180
180
180
180
180
180
180
180
180
180
180
180
180
180
180
180
180
180
180
180
180
180
180
180
180
180
180
180
180
180
180
180
180
180
180
180
180
180
180
180
180.031
180.89
188.962
213.203
240.823
254.666
261.163
261.576
261.126
260.832
260.793
260.688
180
180
180
180
180
180
180
180
180
180
180
180
180
180
180
180
180
180
180
180
180
180
180
180
180
180
180
180
180
180
180
180
180
180
180
180
180
180
180
180
180
180
180
180
180
180
180
180
180
180
180
180
180
180
180
180
180
180.001
180.071
181.388
193.212
216.864
244.602
255.349
259.383
260.72
260.808
260.66
180
180
180
180
180
180
180
180
180
180
180
180
180
180
180
180
180
180
180
180
180
180
180
180
180
180
180
180
180
180
180
180
180
180
180
180
180
180
180
180
180
180
180
180
180
180
180
180
180
180
180
180
180
180
180
180
180
180
180
180.003
180.146
182.071
195.795
221.435
244.815
257.315
258.71
259.633
180
180
180
180
180
180
180
180
180
180
180
180
180
180
180
180
180
180
180
180
180
180
180
180
180
180
180
180
180
180
180
180
180
180
180
180
180
180
180
180
180
180
180
180
180
180
180
180
180
180
180
180
180
180
180
180
180
180
180
180
180
180.006
180.213
183.104
197.377
224.508
243.816
257.097
180
180
180
180
180
180
180
180
180
180
180
180
180
180
180
180
180
180
180
180
180
180
180
180
180
180
180
180
180
180
180
180
180
180
180
180
180
180
180
180
180
180
180
180
180
180
180
180
180
180
180
180
180
180
180
180
180
180
180
180
180
180
180
180.01
180.277
183.747
199.015
222.845
180
180
180
180
180
180
180
180
180
180
180
180
180
180
180
180
180
180
180
180
180
180
180
180
180
180
180
180
180
180
180
180
180
180
180
180
180
180
180
180
180
180
180
180
180
180
180
180
180
180
180
180
180
180
180
180
180
180
180
180
180
180
180
180
180
180.014
180.517
180.992
180
180
180
180
180
180
180
180
180
180
180
180
180
180
180
180
180
180
180
180
180
180
180
180
180
180
180
180
180
180
180
180
180
180
180
180
180
180
180
180
180
180
180
180
180
180
180
180
180
180
180
180
180
180
180
180
180
180
180
180
180
180
180
180
180
180
180.002
179.946
180
180
180
180
180
180
180
180
180
180
180
180
180
180
180
180
180
180
180
180
180
180
180
180
180
180
180
180
180
180
180
180
180
180
180
180
180
180
180
180
180
180
180
180
180
180
180
180
180
180
180
180
180
180
180
180
180
180
180
180
180
180
180
180
180
180
180
179.997
180
180
180
180
180
180
180
180
180
180
180
180
180
180
180
180
180
180
180
180
180
180
180
180
180
180
180
180
180
180
180
180
180
180
180
180
180
180
180
180
180
180
180
180
180
180
180
180
180
180
180
180
180
180
180
180
180
180
180
180
180
180
180
180
180
180
180
180
180
180
180
180
180
180
180
180
180
180
180
180
180
180
180
180
180
180
180
180
180
180
180
180
180
180
180
180
180
180
180
180
180
180
180
180
180
180
180
180
180
180
180
180
180
180
180
180
180
180
180
180
180
180
180
180
180
180
180
180
180
180
180
180
180
180
180
180
180
180
180
180
180
180
180
180
180
180
180
180
180
180
180
180
180
180
180
180
180
180
180
180
180
180
180
180
180
180
180
180
180
180
180
180
180
180
180
180
180
180
180
180
180
180
180
180
180
180
180
180
180
180
180
180
180
180
180
180
180
180
180
180
180
180
180
180
180
180
180
180
180
180
180
180
180
180
180
180
180
180
180
180
180
180
180
180
180
180
180
180
180
180
180
180
180
180
180
180
180
180
180
180
180
180
180
180
180
180
180
180
180
180
180
180
180
180
180
180
180
180
180
180
180
180
180
180
180
180
180
180
180
180
180
180
180
180
180
180
180
180
180
180
180
180
180
180
180
180
180
180
180
180
180
180
180
180
180
180
180
180
180
180
180
180
180
180
180
180
180
180
180
180
180
180
180
180
180
180
180
180
180
180
180
180
180
180
180
180
180
180
180
180
180
180
180
180
180
180
180
180
180
180
180
180
180
180
180
180
180
180
180
180
180
180
180
180
180
180
180
180
180
180
180
180
180
180
180
180
180
180
180
180
180
180
180
180
180
180
180
180
180
180
180
180
180
180
180
180
180
180
180
180
180
180
180
180
180
180
180
180
180
180
180
180
180
180
180
180
180
180
180
180
180
180
180
180
180
180
180
180
180
180
180
180
180
180
180
180
180
180
180
180
180
180
180
180
180
180
180
180
180
180
180
180
180
180
180
180
180
180
180
180
180
180
180
180
180
180
180
180
180
180
180
180
180
180
180
180
180
180
180
180
180
180
180
180
180
180
180
180
180
180
180
180
180
180
180
180
180
180
180
180
180
180
180
180
180
180
180
180
180
180
180
180
180
180
180
180
180
180
180
180
180
180
180
180
180
180
180
180
180
180
180
180
180
180
180
180
180
180
180
180
180
180
180
180
180
180
180
180
180
180
180
180
180
180
180
180
180
180
180
180
180
180
180
180
180
180
180
180
180
180
180
180
180
180
180
180
180
180
180
180
180
180
180
180
180
180
180
180
180
180
180
180
180
180
180
180
180
180
180
180
180
180
180
180
180
180
180
180
180
180
180
180
180
180
180
180
180
180
180
180
180
180
180
180
180
180
180
180
180
180
180
180
180
180
180
180
180
180
180
180
180
180
180
180
180
180
180
180
180
180
180
180
180
180
180
180
180
180
180
180
180
180
180
180
180
180
180
180
180
180
180
180
180
180
180
180
180
180
180
180
180
180
180
180
180
180
180
180
180
180
180
180
180
180
180
180
180
180
180
180
180
180
180
180
180
180
180
180
180
180
180
180
180
180
180
180
180
180
180
180
180
180
180
180
180
180
180
180
180
180
180
180
180
180
180
180
180
180
180
180
180
180
180
180
180
180
180
180
180
180
180
180
180
180
180
180
180
180
180
180
180
180
180
180
180
180
180
180
180
180
180
180
180
180
180
180
180
180
180
180
180
180
180
180
180
180
180
180
180
180
180
180
180
180
180
180
180
180
180
180
180
180
180
180
180
180
180
180
180
180
180
180
180
180
180
180
180
180
180
180
180
180
180
180
180
180
180
180
180
180
180
180
180
180
180
180
180
180
180
180
180
180
180
180
180
180
180
180
180
180
180
180
180
180
180
180
180
180
180
180
180
180
180
180
180
180
180
180
180
180
180
180
180
180
180
180
180
180
180
180
180
180
180
180
180
180
180
180
180
180
180
180
180
180
180
180
180
180
180
180
180
180
180
180
180
180
180
180
180
180
180
180
180
180
180
180
180
180
180
180
180
180
180
180
180
180
180
180
180
180
180
180
180
180
180
180
180
180
180
180
180
180
180
180
180
180
180
180
180
180
180
180
180
180
180
180
180
180
180
180
180
180
180
180
180
180
180
180
180
180
180
180
180
180
180
180
180
180
180
180
180
180
180
180
180
180
180
180
180
180
180
180
180
180
180
180
180
180
180
180
180
180
180
180
180
180
180
180
180
180
180
180
180
180
180
180
180
180
180
180
180
180
180
180
180
180
180
180
180
180
180
180
180
180
180
180
180
180
180
180
180
180
180
180
180
180
180
180
180
180
180
180
180
180
180
180
180
180
180
180
180
180
180
180
180
180
180
180
180
180
180
180
180
180
180
180
180
180
180
180
180
180
180
180
180
180
180
180
180
180
180
180
180
180
180
180
180
180
180
180
180
180
180
180
180
180
180
180
180
180
180
180
180
180
180
180
180
180
180
180
180
180
180
180
180
180
180
180
180
180
180
180
180
180
180
180
180
180
180
180
180
180
180
180
180
180
180
180
180
180
180
180
180
180
180
180
180
180
180
180
180
180
180
180
180
180
180
180
180
180
180
180
180
180
180
180
180
180
180
180
180
180
180
180
180
180
180
180
180
180
180
180
180
180
180
180
180
180
180
180
180
180
180
180
180
180
180
180
180
180
180
180
180
180
180
180
180
180
180
180
180
180
180
180
180
180
180
180
180
180
180
180
180
180
180
180
180
180
180
180
180
180
180
180
180
180
180
180
180
180
180
180
180
180
180
180
180
180
180
180
180
180
180
180
180
180
180
180
180
180
180
180
180
180
180
180
180
180
180
180
180
180
180
180
180
180
180
180
180
180
180
180
180
180
180
180
180
180
180
180
180
180
180
180
180
180
180
180
180
180
180
180
180
180
180
180
180
180
180
180
180
180
180
180
180
180
180
180
180
180
180
180
180
180
180
180
180
180
180
180
180
180
180
180
180
180
180
180
180
180
180
180
180
180
180
180
180
180
180
180
180
180
180
180
180
180
180
180
180
180
180
180
180
180
180
180
180
180
180
180
180
180
180
180
180
180
180
180
180
180
180
180
180
180
180
180
180
180
180
180
180
180
180
180
180
180
180
180
180
180
180
180
180
180
180
180
180
180
180
180
180
180
180
180
180
180
180
180
180
180
180
180
180
180
180
180
180
180
180
180
180
180
180
180
180
180
180
180
180
180
180
180
180
180
180
180
180
180
180
180
180
180
180
180
180
180
180
180
180
180
180
180
180
180
180
180
180
180
180
180
180
180
180
180
180
180
180
180
180
180
180
180
180
180
180
180
180
180
180
180
180
180
180
180
180
180
180
180
180
180
180
180
180
180
180
180
180
180
180
180
180
180
180
180
180
180
180
180
180
180
180
180
180
180
180
180
180
180
180
180
180
180
180
180
180
180
180
180
180
180
180
180
180
180
180
180
180
180
180
180
180
180
180
180
180
180
180
180
180
180
180
180
180
180
180
180
180
180
180
180
180
180
180
180
180
180
180
180
180
180
180
180
180
180
180
180
180
180
180
180
180
180
180
180
180
180
180
180
180
180
180
180
180
180
180
180
180
180
180
180
180
180
180
180
180
180
180
180
180
180
180
180
180
180
180
180
180
180
180
180
180
180
180
180
180
180
180
180
180
180
180
180
180
180
180
180
180
180
180
180
180
180
180
180
180
180
180
180
180
180
180
180
180
180
180
180
180
180
180
180
180
180
180
180
180
180
180
180
180
180
180
180
180
180
180
180
180
180
180
180
180
180
180
180
180
180
180
180
180
180
180
180
180
180
180
180
180
180
180
180
180
180
180
180
180
180
180
180
180
180
180
180
180
180
180
180
180
180
180
180
180
180
180
180
180
180
180
180
180
180
180
180
180
180
180
180
180
180
180
180
180
180
180
180
180
180
180
180
180
180
180
180
180
180
180
180
180
180
180
180
180
180
180
180
180
180
180
180
180
180
180
180
180
180
180
180
180
180
180
180
180
180
180
180
180
180
180
180
180
180
180
180
180
180
180
180
180
180
180
180
180
180
180
180
180
180
180
180
180
180
180
180
180
180
180
180
180
180
180
180
180
180
180
180
180
180
180
180
180
180
180
180
180
180
180
180
180
180
180
180
180
180
180
180
180
180
180
180
180
180
180
180
180
180
180
180
180
180
180
180
180
180
180
180
180
180
180
180
180
180
180
180
180
180
180
180
180
180
180
180
180
180
180
180
180
180
180
180
180
180
180
180
180
180
180
180
180
180
180
180
180
180
180
180
180
180
180
180
180
180
180
180
180
180
180
180
180
180
180
180
180
180
180
180
180
180
180
180
180
180
180
180
180
180
180
180
180
180
180
180
180
180
180
180
180
180
180
180
180
180
180
180
180
180
180
180
180
180
180
180
180
180
180
180
180
180
180
180
180
180
180
180
180
180
180
180
180
180
180
180
180
180
180
180
180
180
180
180
180
180
180
180
180
180
180
180
180
180
180
180
180
180
180
180
180
180
180
180
180
180
180
180
180
180
180
180
180
180
180
180
180
180
180
180
180
180
180
180
180
180
180
180
180
180
180
180
180
180
180
180
180
180
180
180
180
180
180
180
180
180
180
180
180
180
180
180
180
180
180
180
180
180
180
180
180
180
180
180
180
180
180
180
180
180
180
180
180
180
180
180
180
180
180
180
180
180
180
180
180
180
180
180
180
180
180
180
180
180
180
180
180
180
180
180
180
180
180
180
180
180
180
180
180
180
180
180
180
180
180
180
180
180
180
180
180
180
180
180
180
180
180
180
180
180
180
180
180
180
180
180
180
180
180
180
180
180
180
180
180
180
180
180
180
180
180
180
180
180
180
180
180
180
180
180
180
180
180
180
180
180
180
180
180
180
180
180
180
180
180
180
180
180
180
180
180
180
180
180
180
180
180
180
180
180
180
180
180
180
180
180
180
180
180
180
180
180
180
180
180
180
180
180
180
180
180
180
180
180
180
180
180
180
217.775
191.447
188.047
192.602
197.827
198.06
197.423
196.272
195.705
195.313
194.865
194.368
194.088
193.928
193.61
193.387
193.443
193.82
195.089
197.391
239.459
216.158
200.225
195.505
194.844
195.46
195.615
195.307
194.959
194.669
194.221
193.807
193.627
193.511
193.242
193.091
193.156
193.567
194.862
197.199
248.432
223.943
204.435
195.301
191.541
191.831
192.771
193.189
193.199
193.006
192.699
192.434
192.379
192.359
192.237
192.208
192.34
192.835
194.19
196.624
254.211
231.911
213.123
199.317
190.493
190.304
190.402
191.113
191.488
191.331
191.084
190.908
190.855
190.909
190.877
190.948
191.176
191.749
193.145
195.67
257.996
238.904
221.327
204.021
194.073
189.502
189.451
189.78
190.217
190.301
190.104
189.918
189.762
189.812
189.825
189.926
190.201
190.801
192.187
194.707
260.457
244.618
228.423
210.624
200.366
190.968
189.285
189.04
189.457
189.83
189.758
189.549
189.352
189.339
189.308
189.396
189.671
190.275
191.603
194.034
262.224
249.081
234.44
217.549
205.848
194.258
190.559
188.739
189.208
189.648
189.645
189.487
189.257
189.235
189.196
189.275
189.525
190.096
191.374
193.685
263.432
252.537
239.52
223.838
211.287
199.507
193.218
189.306
189.392
189.627
189.657
189.57
189.366
189.295
189.24
189.312
189.531
190.091
191.332
193.562
264.411
255.306
243.59
229.487
216.661
204.839
196.207
190.083
189.914
189.707
189.677
189.7
189.573
189.431
189.364
189.42
189.622
190.16
191.374
193.553
265.166
257.596
246.978
234.302
221.648
210.087
200.222
192.184
190.896
189.818
189.825
189.972
189.853
189.69
189.607
189.642
189.795
190.305
191.489
193.576
265.846
259.445
249.878
238.429
226.103
215.115
204.481
195.502
192.105
189.713
189.956
190.275
190.093
189.958
189.858
189.876
190.015
190.503
191.648
193.606
266.462
261.019
252.402
241.917
230.283
219.527
208.874
199.506
193.992
190.016
190.279
190.498
190.264
190.205
190.046
190.055
190.187
190.67
191.781
193.63
267.02
262.362
254.593
244.986
233.991
223.601
213.173
203.574
196.489
190.817
191.035
190.643
190.356
190.385
190.163
190.162
190.282
190.765
191.848
193.627
267.48
263.497
256.492
247.682
237.331
227.309
217.198
207.547
199.556
192.551
191.762
190.61
190.439
190.511
190.212
190.205
190.318
190.82
191.865
193.604
267.816
264.421
258.128
250.017
240.365
230.666
220.915
211.368
202.827
195.17
192.455
190.619
190.56
190.593
190.232
190.224
190.352
190.835
191.857
193.565
268.032
265.143
259.527
252.031
243.065
233.732
224.3
214.991
206.102
198.318
193.525
190.773
190.794
190.674
190.258
190.247
190.379
190.817
191.84
193.517
268.164
265.704
260.689
253.794
245.424
236.543
227.332
218.452
209.174
201.832
194.707
191.865
190.965
190.65
190.334
190.301
190.416
190.777
191.803
193.445
268.218
266.14
261.673
255.301
247.513
239.094
230.069
221.646
212.211
205.039
196.64
193.41
191.053
190.66
190.504
190.363
190.426
190.723
191.729
193.329
268.189
266.463
262.495
256.628
249.305
241.421
232.573
224.512
215.185
207.985
199.3
194.855
191.264
190.727
190.585
190.357
190.391
190.657
191.616
193.171
268.102
266.68
263.167
257.796
250.874
243.483
234.892
227.122
218
210.764
202.158
196.648
191.864
191.108
190.559
190.276
190.318
190.591
191.475
192.986
267.973
266.805
263.71
258.802
252.276
245.288
237.043
229.473
220.679
213.348
204.997
198.68
192.939
191.582
190.529
190.193
190.248
190.529
191.318
192.793
267.828
266.851
264.131
259.647
253.521
246.872
239.027
231.592
223.213
215.731
207.732
200.832
194.406
192.144
190.482
190.103
190.161
190.435
191.148
192.616
267.676
266.841
264.447
260.349
254.629
248.258
240.851
233.515
225.549
217.983
210.249
203.061
196.172
192.894
190.531
190.014
190.089
190.305
190.978
192.47
267.52
266.795
264.681
260.92
255.615
249.49
242.5
235.3
227.665
220.132
212.549
205.317
198.15
193.86
190.786
190.034
190.036
190.144
190.812
192.353
267.354
266.713
264.844
261.393
256.471
250.612
243.978
236.967
229.591
222.178
214.68
207.532
200.25
195.167
191.295
190.219
189.913
189.945
190.65
192.247
267.169
266.598
264.947
261.782
257.222
251.632
245.324
238.519
231.369
224.131
216.698
209.65
202.436
196.704
192.037
190.539
189.754
189.775
190.528
192.143
266.958
266.454
265.002
262.113
257.882
252.566
246.562
239.981
233.02
226.003
218.658
211.667
204.595
198.455
193.091
190.886
189.624
189.659
190.461
192.044
266.727
266.289
265.02
262.398
258.481
253.431
247.703
241.38
234.586
227.765
220.594
213.621
206.654
200.297
194.477
191.333
189.5
189.584
190.432
191.937
266.487
266.112
265.016
262.652
259.03
254.244
248.784
242.681
236.139
229.417
222.473
215.543
208.662
202.129
196.054
192.057
189.486
189.628
190.419
191.816
266.251
265.934
265
262.885
259.546
255.007
249.818
243.915
237.617
231.035
224.253
217.415
210.637
203.897
197.885
192.8
189.633
189.813
190.388
191.665
266.028
265.763
264.975
263.1
260.029
255.738
250.789
245.103
239.003
232.615
225.933
219.241
212.52
205.672
199.691
193.772
190.411
189.935
190.3
191.507
265.823
265.598
264.942
263.295
260.479
256.427
251.712
246.224
240.317
234.118
227.558
220.956
214.333
207.452
201.408
195.064
191.425
189.913
190.271
191.412
265.634
265.437
264.892
263.459
260.889
257.072
252.57
247.283
241.56
235.52
229.132
222.576
216.046
209.192
203.083
196.685
192.355
189.987
190.387
191.374
265.449
265.274
264.817
263.578
261.245
257.662
253.373
248.262
242.735
236.842
230.586
224.162
217.634
210.884
204.75
198.351
193.515
190.223
190.613
191.315
265.262
265.109
264.719
263.651
261.543
258.196
254.109
249.182
243.819
238.097
231.95
225.641
219.183
212.516
206.369
200.085
194.822
190.818
190.719
191.209
265.065
264.936
264.603
263.682
261.788
258.671
254.787
250.034
244.842
239.259
233.25
227.045
220.656
214.12
207.999
201.751
196.273
191.797
190.7
191.167
264.873
264.76
264.478
263.681
261.985
259.096
255.408
250.833
245.802
240.358
234.471
228.4
222.092
215.673
209.616
203.396
197.813
192.817
190.819
191.256
264.691
264.583
264.347
263.665
262.146
259.479
255.987
251.582
246.711
241.402
235.643
229.704
223.5
217.209
211.185
205.044
199.319
194.069
191.146
191.313
264.522
264.412
264.208
263.627
262.277
259.826
256.525
252.296
247.581
242.398
236.779
230.978
224.873
218.716
212.726
206.634
200.879
195.335
191.932
191.335
264.363
264.249
264.062
263.566
262.372
260.136
257.025
252.969
248.415
243.363
237.872
232.222
226.217
220.181
214.22
208.198
202.434
196.69
192.85
191.465
264.199
264.087
263.909
263.484
262.436
260.406
257.481
253.606
249.211
244.287
238.942
233.418
227.52
221.604
215.676
209.695
203.989
198.149
193.89
191.683
264.016
263.916
263.748
263.38
262.466
260.637
257.896
254.194
249.971
245.172
239.962
234.582
228.767
222.97
217.082
211.183
205.511
199.597
195.078
192.08
263.817
263.728
263.576
263.257
262.463
260.829
258.268
254.746
250.678
246.019
240.945
235.681
229.977
224.285
218.431
212.632
207.034
201.089
196.299
192.563
263.606
263.523
263.394
263.121
262.437
260.987
258.607
255.258
251.354
246.812
241.887
236.743
231.121
225.552
219.765
214.019
208.526
202.586
197.591
193.186
263.398
263.311
263.202
262.973
262.386
261.107
258.911
255.744
251.991
247.581
242.784
237.758
232.238
226.766
221.044
215.433
209.943
204.045
198.953
193.911
263.204
263.106
263.01
262.82
262.317
261.194
259.18
256.203
252.607
248.313
243.66
238.732
233.308
227.955
222.31
216.765
211.377
205.465
200.287
194.763
263.022
262.912
262.82
262.659
262.233
261.253
259.419
256.634
253.197
249.026
244.502
239.677
234.35
229.106
223.559
218.1
212.704
206.873
201.685
195.674
262.859
262.733
262.636
262.493
262.134
261.288
259.628
257.038
253.757
249.715
245.323
240.585
235.363
230.248
224.783
219.387
214.023
208.211
203.067
196.708
262.706
262.563
262.454
262.318
262.017
261.293
259.809
257.412
254.286
250.371
246.109
241.459
236.355
231.365
225.996
220.638
215.27
209.544
204.444
197.788
262.552
262.397
262.278
262.141
261.883
261.275
259.96
257.755
254.778
250.994
246.858
242.301
237.326
232.474
227.166
221.855
216.491
210.812
205.808
198.936
262.396
262.233
262.104
261.964
261.735
261.225
260.072
258.061
255.237
251.582
247.571
243.116
238.292
233.552
228.302
223.017
217.675
212.066
207.133
200.111
262.243
262.074
261.934
261.791
261.579
261.147
260.145
258.325
255.657
252.142
248.257
243.92
239.255
234.608
229.369
224.144
218.831
213.28
208.439
201.311
262.081
261.916
261.763
261.621
261.423
261.049
260.18
258.545
256.04
252.679
248.933
244.726
240.217
235.62
230.384
225.211
219.961
214.479
209.714
202.517
261.89
261.739
261.582
261.447
261.264
260.937
260.179
258.72
256.386
253.201
249.612
245.537
241.163
236.584
231.338
226.249
221.063
215.657
210.973
203.723
261.694
261.551
261.396
261.262
261.095
260.81
260.159
258.866
256.706
253.719
250.303
246.346
242.061
237.484
232.256
227.259
222.151
216.822
212.206
204.917
261.534
261.373
261.211
261.076
260.918
260.668
260.116
258.989
257.02
254.246
250.999
247.126
242.883
238.312
233.145
228.272
223.23
217.975
213.415
206.093
261.416
261.22
261.041
260.899
260.748
260.519
260.05
259.092
257.338
254.787
251.676
247.843
243.615
239.075
234.022
229.289
224.311
219.117
214.593
207.249
261.288
261.077
260.88
260.73
260.583
260.367
259.971
259.184
257.661
255.324
252.3
248.481
244.273
239.797
234.894
230.309
225.383
220.244
215.746
208.392
261.138
260.935
260.723
260.554
260.4
260.212
259.894
259.283
257.984
255.822
252.841
249.04
244.896
240.518
235.772
231.312
226.437
221.352
216.881
209.528
260.991
260.809
260.582
260.378
260.203
260.043
259.829
259.39
258.272
256.231
253.289
249.551
245.521
241.263
236.66
232.285
227.449
222.435
218.004
210.662
260.761
260.603
260.412
260.214
260.038
259.927
259.826
259.485
258.454
256.506
253.647
250.036
246.161
242.028
237.549
233.222
228.42
223.5
219.122
211.789
260.54
260.343
260.164
260.015
259.93
259.951
259.892
259.509
258.486
256.648
253.946
250.529
246.826
242.802
238.431
234.134
229.362
224.551
220.226
212.899
260.493
260.182
259.964
259.857
259.884
259.976
259.88
259.441
258.44
256.73
254.216
251.026
247.494
243.557
239.281
235.027
230.296
225.599
221.314
213.984
260.395
260.143
260.082
260.101
260.082
259.961
259.73
259.259
258.336
256.814
254.5
251.527
248.15
244.286
240.099
235.907
231.232
226.643
222.373
215.04
259.457
259.716
260.133
260.377
260.265
259.908
259.39
258.834
258.14
256.914
254.833
252.038
248.786
244.991
240.892
236.776
232.169
227.672
223.405
216.077
259.589
260.258
260.355
260.235
259.945
259.537
258.965
258.519
258.001
257.029
255.176
252.543
249.388
245.666
241.663
237.625
233.093
228.676
224.417
217.107
251.99
261.585
261.262
259.914
259.157
258.909
258.698
258.408
257.96
257.107
255.459
253.023
249.966
246.324
242.429
238.465
234.003
229.654
225.42
218.141
221.507
258.044
259.038
258.977
259.161
259.084
258.886
258.503
257.997
257.197
255.666
253.441
250.509
246.967
243.188
239.282
234.882
230.604
226.42
219.179
187.458
231.102
257.015
260.541
260.21
259.463
258.951
258.663
258.142
257.281
255.906
253.831
251.015
247.585
243.933
240.087
235.752
231.542
227.414
220.208
180.303
193.896
238.583
260.407
260.326
259.326
258.984
258.846
258.396
257.497
256.194
254.262
251.532
248.204
244.66
240.865
236.606
232.472
228.393
221.212
180.004
181.008
203.809
248.955
258.069
259.088
259.018
258.848
258.42
257.69
256.535
254.777
252.114
248.861
245.386
241.626
237.458
233.404
229.358
222.185
180
180.025
183.217
218.045
251.993
260.161
259.663
258.95
258.416
257.818
256.897
255.281
252.749
249.59
246.139
242.383
238.299
234.325
230.313
223.14
180
180
180.144
188.505
231.523
258.044
258.884
258.506
258.338
258.05
257.2
255.698
253.378
250.391
246.966
243.176
239.131
235.203
231.243
224.087
180
180
180.003
180.574
199.77
245.561
256.582
258.093
258.54
258.057
257.178
255.948
253.993
251.23
247.838
244.018
239.996
236.071
232.153
225.031
180
180
180
180.016
182.723
217.712
251.248
259.003
258.531
257.801
257.005
256.134
254.592
252.045
248.705
244.9
240.927
236.965
233.042
225.955
180
180
180
180
180.144
189.932
235.157
257.437
257.531
257.188
256.844
256.338
255.088
252.744
249.531
245.827
241.959
237.967
233.956
226.868
180
180
180
180
180.004
180.93
206.453
248.7
256.076
256.915
256.835
256.409
255.302
253.205
250.251
246.756
243.047
239.079
234.943
227.801
180
180
180
180
180
180.04
185.38
228.266
254.582
256.951
256.777
256.38
255.314
253.438
250.837
247.632
244.097
240.221
236.013
228.793
180
180
180
180
180
180.001
180.413
199.781
245.066
255.289
256.518
256.289
255.272
253.578
251.33
248.386
244.995
241.279
237.114
229.838
180
180
180
180
180
180
180.016
183.468
222.777
251.853
256.957
256.282
255.086
253.714
251.783
248.992
245.691
242.164
238.156
230.875
180
180
180
180
180
180
180
180.266
195.698
241.615
256.456
255.974
254.936
253.92
252.211
249.526
246.298
242.902
239.069
231.829
180
180
180
180
180
180
180
180.011
182.52
220.294
253.305
255.53
254.994
254.119
252.56
250.045
246.925
243.593
239.887
232.683
180
180
180
180
180
180
180
180
180.197
194.845
242.413
255.292
254.632
254.137
252.897
250.608
247.553
244.267
240.668
233.453
180
180
180
180
180
180
180
180
180.009
182.438
221.965
251.984
253.963
253.993
253.191
251.061
248.143
244.956
241.468
234.167
180
180
180
180
180
180
180
180
180
180.203
196.481
244.046
253.997
254.253
253.254
251.314
248.732
245.667
242.262
234.805
180
180
180
180
180
180
180
180
180
180.011
183.157
226.558
251.181
254.104
253.359
251.758
249.482
246.381
242.954
235.317
180
180
180
180
180
180
180
180
180
180
180.322
201.767
242.59
253.916
253.601
252.488
250.409
247.133
243.608
235.761
180
180
180
180
180
180
180
180
180
180
180.023
185.276
226.919
252.632
254.11
252.929
251.061
247.795
244.275
236.224
180
180
180
180
180
180
180
180
180
180
180.001
180.629
204.559
246.729
253.21
253.135
251.651
248.381
244.952
236.754
180
180
180
180
180
180
180
180
180
180
180
180.046
187.024
233.795
251.997
253.26
252.032
248.792
245.532
237.341
180
180
180
180
180
180
180
180
180
180
180
180.002
181.017
212.958
251.046
253.331
251.936
248.936
245.959
237.93
180
180
180
180
180
180
180
180
180
180
180
180
180.095
192.509
243.559
252.273
251.532
249.144
246.302
238.469
180
180
180
180
180
180
180
180
180
180
180
180
180.007
182.664
226.954
251.224
251.631
249.392
246.383
239.008
180
180
180
180
180
180
180
180
180
180
180
180
180.001
180.36
203.916
247.52
250.906
249.041
246.318
239.582
180
180
180
180
180
180
180
180
180
180
180
180
180.001
180.039
187.414
237.227
249.576
248.101
246.291
240.298
180
180
180
180
180
180
180
180
180
180
180
180
180.001
180.014
181.396
217.133
247.721
247.673
246.418
241.159
180
180
180
180
180
180
180
180
180
180
180
180
180.001
180.015
180.223
195.584
239.892
247.342
246.411
241.927
180
180
180
180
180
180
180
180
180
180
180
180
180.001
180.017
180.156
184.134
223.506
246.316
245.963
242.575
180
180
180
180
180
180
180
180
180
180
180
180
180.001
180.016
180.177
181.255
203.158
240.208
245.246
242.715
180
180
180
180
180
180
180
180
180
180
180
180
180.001
180.014
180.214
181.207
189.513
227.402
244.403
242.718
180
180
180
180
180
180
180
180
180
180
180
180
180.001
180.013
180.218
181.292
185.307
209.568
239.424
242.257
180
180
180
180
180
180
180
180
180
180
180
180
180.001
180.014
180.2
181.547
185.422
196.066
228.539
241.279
)
;

boundaryField
{
    inlet
    {
        type            fixedValue;
        value           nonuniform List<scalar> 0();
    }
    outlet
    {
        type            zeroGradient;
    }
    bottom
    {
        type            symmetryPlane;
    }
    top
    {
        type            zeroGradient;
    }
    obstacle
    {
        type            zeroGradient;
    }
    defaultFaces
    {
        type            empty;
    }
    procBoundary1to0
    {
        type            processor;
        value           nonuniform List<scalar> 
103
(
269.3
269.683
270.412
271.258
271.549
271.325
270.603
269.723
269.182
269.074
269.446
261.758
220.096
182.691
180.01
180
180
180
180
180
180
180
180
180
180
180
180
180
180
180
180
180
180
180
180
180
180
180
180
180
180
180
180
180
180
180
180
180
180
180
180
180
180
180
180
180
180
180
180
180
180
180
180
180
180
180
180
180
180
180
180
180
180
180
180
180
180
180
180
180
180
180
180
180
180
180
180
180
180
180
180
180
180
180
180
180
180
180
180
180
180
180
180
)
;
    }
    procBoundary1to3
    {
        type            processor;
        value           nonuniform List<scalar> 
89
(
180
180
180
180
180
180
180
180
180
180
180
180
180
180
180
180
180
180
180
180
180
180
180
180
180
180
180
180
180
180
180
180
180
180
180
180
180
180
180
180
180
180
180
180
180
180
180
180
180
180
180
180
180
180
180
180
180
180
180
180
180
180
180
180
180
180
180
180
180
180
180
180
180
180
180
180
180
180
180
180
180
180.001
180.015
180.182
181.62
185.8
191.353
212.058
237.997
)
;
    }
}


// ************************************************************************* //
