/*--------------------------------*- C++ -*----------------------------------*\
| =========                 |                                                 |
| \\      /  F ield         | OpenFOAM: The Open Source CFD Toolbox           |
|  \\    /   O peration     | Version:  2306                                  |
|   \\  /    A nd           | Website:  www.openfoam.com                      |
|    \\/     M anipulation  |                                                 |
\*---------------------------------------------------------------------------*/
FoamFile
{
    version     2.0;
    format      ascii;
    arch        "LSB;label=32;scalar=64";
    class       volScalarField;
    location    "1e-05";
    object      p;
}
// * * * * * * * * * * * * * * * * * * * * * * * * * * * * * * * * * * * * * //

dimensions      [1 -1 -2 0 0 0 0];

internalField   nonuniform List<scalar> 
8941
(
32000
32000
32000
32000
32000
32000
32000
32000
32000
32000
32000
32000
32000
32000
32000
32000
32000
32000
32000
32000
32000
32000
32000
32000
32000
32000
32000
32000
32000
32000
32000
32000
32000
32000
32000
32000
32000
32000
32000
32000
32000
32000
32000
32000
32000
32000.1
32000.2
32000.9
32003.9
32015.6
32061.9
32240.6
32884.6
34794
38351
41254.4
41968.1
41992.8
41976.3
41936
41914.8
41915.5
41926.5
41957.5
42009.1
42069.9
42123.6
42161.5
42185.3
42201.1
42213.4
42224.7
42235.5
42245.1
42253.2
42257.6
42257.3
42255.7
42242.6
59409.6
32000
32000
32000
32000
32000
32000
32000
32000
32000
32000
32000
32000
32000
32000
32000
32000
32000
32000
32000
32000
32000
32000
32000
32000
32000
32000
32000
32000
32000
32000
32000
32000
32000
32000
32000
32000
32000
32000
32000
32000
32000
32000
32000
32000
32000
32000.1
32000.2
32000.9
32003.9
32015.6
32061.9
32240.6
32884.6
34794
38351
41254.4
41968.1
41992.8
41976.3
41936
41914.8
41915.5
41926.5
41957.5
42009.1
42069.9
42123.6
42161.5
42185.3
42201.1
42213.4
42224.7
42235.6
42245.1
42253.3
42257.6
42257.3
42255.7
42242.6
47790.5
32000
32000
32000
32000
32000
32000
32000
32000
32000
32000
32000
32000
32000
32000
32000
32000
32000
32000
32000
32000
32000
32000
32000
32000
32000
32000
32000
32000
32000
32000
32000
32000
32000
32000
32000
32000
32000
32000
32000
32000
32000
32000
32000
32000
32000
32000.1
32000.2
32000.9
32003.9
32015.6
32061.9
32240.6
32884.6
34794
38351
41254.4
41968.1
41992.8
41976.3
41936
41914.8
41915.5
41926.5
41957.5
42009.1
42069.9
42123.6
42161.5
42185.3
42201.1
42213.4
42224.7
42235.6
42245.1
42253.3
42257.6
42257.4
42255.8
42242.6
43635.8
32000
32000
32000
32000
32000
32000
32000
32000
32000
32000
32000
32000
32000
32000
32000
32000
32000
32000
32000
32000
32000
32000
32000
32000
32000
32000
32000
32000
32000
32000
32000
32000
32000
32000
32000
32000
32000
32000
32000
32000
32000
32000
32000
32000
32000
32000.1
32000.2
32000.9
32003.9
32015.6
32061.9
32240.6
32884.6
34794
38351
41254.4
41968.1
41992.8
41976.3
41936
41914.8
41915.5
41926.5
41957.5
42009.1
42069.9
42123.6
42161.5
42185.3
42201.1
42213.4
42224.7
42235.6
42245
42253.3
42257.6
42257.4
42255.8
42242.8
42532.7
32000
32000
32000
32000
32000
32000
32000
32000
32000
32000
32000
32000
32000
32000
32000
32000
32000
32000
32000
32000
32000
32000
32000
32000
32000
32000
32000
32000
32000
32000
32000
32000
32000
32000
32000
32000
32000
32000
32000
32000
32000
32000
32000
32000
32000
32000.1
32000.2
32000.9
32003.9
32015.6
32061.9
32240.6
32884.6
34794
38351
41254.4
41968.1
41992.8
41976.3
41936
41914.8
41915.5
41926.5
41957.5
42009.1
42069.9
42123.6
42161.5
42185.3
42201.1
42213.4
42224.7
42235.6
42245
42253.3
42257.6
42257.5
42255.8
42243.6
42298.7
32000
32000
32000
32000
32000
32000
32000
32000
32000
32000
32000
32000
32000
32000
32000
32000
32000
32000
32000
32000
32000
32000
32000
32000
32000
32000
32000
32000
32000
32000
32000
32000
32000
32000
32000
32000
32000
32000
32000
32000
32000
32000
32000
32000
32000
32000.1
32000.2
32000.9
32003.9
32015.6
32061.9
32240.6
32884.6
34794
38351
41254.4
41968.1
41992.8
41976.3
41936
41914.8
41915.5
41926.5
41957.5
42009.1
42069.9
42123.6
42161.5
42185.3
42201.1
42213.4
42224.7
42235.5
42245.1
42253.3
42257.6
42257.5
42255.7
42246
42246.2
32000
32000
32000
32000
32000
32000
32000
32000
32000
32000
32000
32000
32000
32000
32000
32000
32000
32000
32000
32000
32000
32000
32000
32000
32000
32000
32000
32000
32000
32000
32000
32000
32000
32000
32000
32000
32000
32000
32000
32000
32000
32000
32000
32000
32000
32000.1
32000.2
32000.9
32003.9
32015.6
32061.9
32240.6
32884.6
34794
38351
41254.4
41968.1
41992.8
41976.3
41936
41914.8
41915.5
41926.5
41957.5
42009.1
42069.9
42123.6
42161.5
42185.3
42201.1
42213.4
42224.7
42235.5
42245.1
42253.3
42257.6
42257.4
42255.7
42248.2
42237.6
32000
32000
32000
32000
32000
32000
32000
32000
32000
32000
32000
32000
32000
32000
32000
32000
32000
32000
32000
32000
32000
32000
32000
32000
32000
32000
32000
32000
32000
32000
32000
32000
32000
32000
32000
32000
32000
32000
32000
32000
32000
32000
32000
32000
32000
32000.1
32000.2
32000.9
32003.9
32015.6
32061.9
32240.6
32884.6
34794
38351
41254.4
41968.1
41992.8
41976.3
41936
41914.8
41915.5
41926.5
41957.5
42009.1
42069.9
42123.6
42161.5
42185.3
42201.1
42213.4
42224.7
42235.5
42245.1
42253.2
42257.6
42257.4
42255.6
42248.9
42236.3
32000
32000
32000
32000
32000
32000
32000
32000
32000
32000
32000
32000
32000
32000
32000
32000
32000
32000
32000
32000
32000
32000
32000
32000
32000
32000
32000
32000
32000
32000
32000
32000
32000
32000
32000
32000
32000
32000
32000
32000
32000
32000
32000
32000
32000
32000.1
32000.2
32000.9
32003.9
32015.6
32061.9
32240.6
32884.6
34794
38351
41254.4
41968.1
41992.8
41976.3
41936
41914.8
41915.5
41926.5
41957.5
42009.1
42069.9
42123.6
42161.5
42185.3
42201.1
42213.4
42224.7
42235.5
42245.1
42253.2
42257.6
42257.4
42255.5
42249.4
42236.1
32000
32000
32000
32000
32000
32000
32000
32000
32000
32000
32000
32000
32000
32000
32000
32000
32000
32000
32000
32000
32000
32000
32000
32000
32000
32000
32000
32000
32000
32000
32000
32000
32000
32000
32000
32000
32000
32000
32000
32000
32000
32000
32000
32000
32000
32000.1
32000.2
32000.9
32003.9
32015.6
32061.9
32240.6
32884.6
34794
38351
41254.4
41968.1
41992.8
41976.3
41936
41914.8
41915.5
41926.5
41957.5
42009.1
42069.9
42123.6
42161.5
42185.3
42201.1
42213.4
42224.7
42235.5
42245.1
42253.2
42257.6
42257.4
42255.4
42249.4
42236.6
32000
32000
32000
32000
32000
32000
32000
32000
32000
32000
32000
32000
32000
32000
32000
32000
32000
32000
32000
32000
32000
32000
32000
32000
32000
32000
32000
32000
32000
32000
32000
32000
32000
32000
32000
32000
32000
32000
32000
32000
32000
32000
32000
32000
32000
32000.1
32000.2
32000.9
32003.9
32015.6
32061.9
32240.6
32884.6
34794
38351
41254.4
41968.1
41992.8
41976.3
41936
41914.8
41915.5
41926.5
41957.5
42009.1
42069.9
42123.6
42161.5
42185.3
42201.1
42213.4
42224.7
42235.5
42245.1
42253.2
42257.6
42257.5
42255.4
42249.3
42236.9
32000
32000
32000
32000
32000
32000
32000
32000
32000
32000
32000
32000
32000
32000
32000
32000
32000
32000
32000
32000
32000
32000
32000
32000
32000
32000
32000
32000
32000
32000
32000
32000
32000
32000
32000
32000
32000
32000
32000
32000
32000
32000
32000
32000
32000
32000.1
32000.2
32000.9
32003.9
32015.6
32061.9
32240.6
32884.6
34794
38351
41254.4
41968.1
41992.8
41976.3
41936
41914.8
41915.5
41926.5
41957.5
42009.1
42069.9
42123.6
42161.5
42185.3
42201.1
42213.4
42224.7
42235.5
42245.1
42253.3
42257.6
42257.5
42255.4
42249.2
42236.8
32000
32000
32000
32000
32000
32000
32000
32000
32000
32000
32000
32000
32000
32000
32000
32000
32000
32000
32000
32000
32000
32000
32000
32000
32000
32000
32000
32000
32000
32000
32000
32000
32000
32000
32000
32000
32000
32000
32000
32000
32000
32000
32000
32000
32000
32000.1
32000.2
32000.9
32003.9
32015.6
32061.9
32240.6
32884.6
34794
38351
41254.4
41968.1
41992.8
41976.3
41936
41914.8
41915.5
41926.5
41957.5
42009.1
42069.9
42123.6
42161.5
42185.3
42201.1
42213.4
42224.7
42235.5
42245.1
42253.3
42257.6
42257.5
42255.5
42249.2
42236.6
32000
32000
32000
32000
32000
32000
32000
32000
32000
32000
32000
32000
32000
32000
32000
32000
32000
32000
32000
32000
32000
32000
32000
32000
32000
32000
32000
32000
32000
32000
32000
32000
32000
32000
32000
32000
32000
32000
32000
32000
32000
32000
32000
32000
32000
32000.1
32000.2
32000.9
32003.9
32015.6
32061.9
32240.6
32884.6
34794
38351
41254.4
41968.1
41992.8
41976.3
41936
41914.8
41915.5
41926.5
41957.5
42009.1
42069.9
42123.6
42161.5
42185.3
42201.1
42213.4
42224.7
42235.5
42245.1
42253.3
42257.6
42257.5
42255.5
42249.3
42236.6
32000
32000
32000
32000
32000
32000
32000
32000
32000
32000
32000
32000
32000
32000
32000
32000
32000
32000
32000
32000
32000
32000
32000
32000
32000
32000
32000
32000
32000
32000
32000
32000
32000
32000
32000
32000
32000
32000
32000
32000
32000
32000
32000
32000
32000
32000.1
32000.2
32000.9
32003.9
32015.6
32061.9
32240.6
32884.6
34794
38351
41254.4
41968.1
41992.8
41976.3
41936
41914.8
41915.5
41926.5
41957.5
42009.1
42069.9
42123.6
42161.5
42185.3
42201.1
42213.4
42224.7
42235.5
42245.1
42253.3
42257.6
42257.5
42255.5
42249.3
42236.6
32000
32000
32000
32000
32000
32000
32000
32000
32000
32000
32000
32000
32000
32000
32000
32000
32000
32000
32000
32000
32000
32000
32000
32000
32000
32000
32000
32000
32000
32000
32000
32000
32000
32000
32000
32000
32000
32000
32000
32000
32000
32000
32000
32000
32000
32000.1
32000.2
32000.9
32003.9
32015.6
32061.9
32240.6
32884.6
34794
38351
41254.4
41968.1
41992.8
41976.3
41936
41914.8
41915.5
41926.5
41957.5
42009.1
42069.9
42123.6
42161.5
42185.3
42201.1
42213.4
42224.7
42235.5
42245.1
42253.3
42257.6
42257.5
42255.5
42249.3
42236.6
32000
32000
32000
32000
32000
32000
32000
32000
32000
32000
32000
32000
32000
32000
32000
32000
32000
32000
32000
32000
32000
32000
32000
32000
32000
32000
32000
32000
32000
32000
32000
32000
32000
32000
32000
32000
32000
32000
32000
32000
32000
32000
32000
32000
32000
32000.1
32000.2
32000.9
32003.9
32015.6
32061.9
32240.6
32884.6
34794
38351
41254.4
41968.1
41992.8
41976.3
41936
41914.8
41915.5
41926.5
41957.5
42009.1
42069.9
42123.6
42161.5
42185.3
42201.1
42213.4
42224.7
42235.5
42245.1
42253.3
42257.6
42257.5
42255.5
42249.3
42236.6
32000
32000
32000
32000
32000
32000
32000
32000
32000
32000
32000
32000
32000
32000
32000
32000
32000
32000
32000
32000
32000
32000
32000
32000
32000
32000
32000
32000
32000
32000
32000
32000
32000
32000
32000
32000
32000
32000
32000
32000
32000
32000
32000
32000
32000
32000.1
32000.2
32000.9
32003.9
32015.6
32061.9
32240.6
32884.6
34794
38351
41254.4
41968.1
41992.8
41976.3
41936
41914.8
41915.5
41926.5
41957.5
42009.1
42069.9
42123.6
42161.5
42185.3
42201.1
42213.4
42224.7
42235.5
42245.1
42253.3
42257.6
42257.5
42255.5
42249.3
42236.6
32000
32000
32000
32000
32000
32000
32000
32000
32000
32000
32000
32000
32000
32000
32000
32000
32000
32000
32000
32000
32000
32000
32000
32000
32000
32000
32000
32000
32000
32000
32000
32000
32000
32000
32000
32000
32000
32000
32000
32000
32000
32000
32000
32000
32000
32000.1
32000.2
32000.9
32003.9
32015.6
32061.9
32240.6
32884.6
34794
38351
41254.4
41968.1
41992.8
41976.3
41936
41914.8
41915.5
41926.5
41957.5
42009.1
42069.9
42123.6
42161.5
42185.3
42201.1
42213.4
42224.7
42235.5
42245.1
42253.3
42257.6
42257.5
42255.5
42249.3
42236.6
32000
32000
32000
32000
32000
32000
32000
32000
32000
32000
32000
32000
32000
32000
32000
32000
32000
32000
32000
32000
32000
32000
32000
32000
32000
32000
32000
32000
32000
32000
32000
32000
32000
32000
32000
32000
32000
32000
32000
32000
32000
32000
32000
32000
32000
32000.1
32000.2
32000.9
32003.9
32015.6
32061.9
32240.6
32884.6
34794
38351
41254.4
41968.1
41992.8
41976.3
41936
41914.8
41915.5
41926.5
41957.5
42009.1
42069.9
42123.6
42161.5
42185.3
42201.1
42213.4
42224.7
42235.5
42245.1
42253.3
42257.6
42257.5
42255.5
42249.3
42236.6
32000
32000
32000
32000
32000
32000
32000
32000
32000
32000
32000
32000
32000
32000
32000
32000
32000
32000
32000
32000
32000
32000
32000
32000
32000
32000
32000
32000
32000
32000
32000
32000
32000
32000
32000
32000
32000
32000
32000
32000
32000
32000
32000
32000
32000
32000.1
32000.2
32000.9
32003.9
32015.6
32061.9
32240.6
32884.6
34794
38351
41254.4
41968.1
41992.8
41976.3
41936
41914.8
41915.5
41926.5
41957.5
42009.1
42069.9
42123.6
42161.5
42185.3
42201.1
42213.4
42224.7
42235.5
42245.1
42253.3
42257.6
42257.5
42255.5
42249.3
42236.6
32000
32000
32000
32000
32000
32000
32000
32000
32000
32000
32000
32000
32000
32000
32000
32000
32000
32000
32000
32000
32000
32000
32000
32000
32000
32000
32000
32000
32000
32000
32000
32000
32000
32000
32000
32000
32000
32000
32000
32000
32000
32000
32000
32000
32000
32000.1
32000.2
32000.9
32003.9
32015.6
32061.9
32240.6
32884.6
34794
38351
41254.4
41968.1
41992.8
41976.3
41936
41914.8
41915.5
41926.5
41957.5
42009.1
42069.9
42123.6
42161.5
42185.3
42201.1
42213.4
42224.7
42235.5
42245.1
42253.3
42257.6
42257.5
42255.5
42249.3
42236.6
32000
32000
32000
32000
32000
32000
32000
32000
32000
32000
32000
32000
32000
32000
32000
32000
32000
32000
32000
32000
32000
32000
32000
32000
32000
32000
32000
32000
32000
32000
32000
32000
32000
32000
32000
32000
32000
32000
32000
32000
32000
32000
32000
32000
32000
32000.1
32000.2
32000.9
32003.9
32015.6
32061.9
32240.6
32884.6
34794
38351
41254.4
41968.1
41992.8
41976.3
41936
41914.8
41915.5
41926.5
41957.5
42009.1
42069.9
42123.6
42161.5
42185.3
42201.1
42213.4
42224.7
42235.5
42245.1
42253.3
42257.6
42257.5
42255.5
42249.3
42236.6
32000
32000
32000
32000
32000
32000
32000
32000
32000
32000
32000
32000
32000
32000
32000
32000
32000
32000
32000
32000
32000
32000
32000
32000
32000
32000
32000
32000
32000
32000
32000
32000
32000
32000
32000
32000
32000
32000
32000
32000
32000
32000
32000
32000
32000
32000.1
32000.2
32000.9
32003.9
32015.6
32061.9
32240.6
32884.6
34794
38351
41254.4
41968.1
41992.8
41976.3
41936
41914.8
41915.5
41926.5
41957.5
42009.1
42069.9
42123.6
42161.5
42185.3
42201.1
42213.4
42224.7
42235.5
42245.1
42253.3
42257.6
42257.5
42255.5
42249.3
42236.6
32000
32000
32000
32000
32000
32000
32000
32000
32000
32000
32000
32000
32000
32000
32000
32000
32000
32000
32000
32000
32000
32000
32000
32000
32000
32000
32000
32000
32000
32000
32000
32000
32000
32000
32000
32000
32000
32000
32000
32000
32000
32000
32000
32000
32000
32000.1
32000.2
32000.9
32003.9
32015.6
32061.9
32240.6
32884.6
34794
38351
41254.4
41968.1
41992.8
41976.3
41936
41914.8
41915.5
41926.5
41957.5
42009.1
42069.9
42123.6
42161.5
42185.3
42201.1
42213.4
42224.7
42235.5
42245.1
42253.3
42257.6
42257.5
42255.5
42249.3
42236.6
32000
32000
32000
32000
32000
32000
32000
32000
32000
32000
32000
32000
32000
32000
32000
32000
32000
32000
32000
32000
32000
32000
32000
32000
32000
32000
32000
32000
32000
32000
32000
32000
32000
32000
32000
32000
32000
32000
32000
32000
32000
32000
32000
32000
32000
32000.1
32000.2
32000.9
32003.9
32015.6
32061.9
32240.6
32884.6
34794
38351
41254.4
41968.1
41992.8
41976.3
41936
41914.8
41915.5
41926.5
41957.5
42009.1
42069.9
42123.6
42161.5
42185.3
42201.1
42213.4
42224.7
42235.5
42245.1
42253.3
42257.6
42257.5
42255.5
42249.3
42236.6
32000
32000
32000
32000
32000
32000
32000
32000
32000
32000
32000
32000
32000
32000
32000
32000
32000
32000
32000
32000
32000
32000
32000
32000
32000
32000
32000
32000
32000
32000
32000
32000
32000
32000
32000
32000
32000
32000
32000
32000
32000
32000
32000
32000
32000
32000.1
32000.2
32000.9
32003.9
32015.6
32061.9
32240.6
32884.6
34794
38351
41254.4
41968.1
41992.8
41976.3
41936
41914.8
41915.5
41926.5
41957.5
42009.1
42069.9
42123.6
42161.5
42185.3
42201.1
42213.4
42224.7
42235.5
42245.1
42253.3
42257.6
42257.5
42255.5
42249.3
42236.6
32000
32000
32000
32000
32000
32000
32000
32000
32000
32000
32000
32000
32000
32000
32000
32000
32000
32000
32000
32000
32000
32000
32000
32000
32000
32000
32000
32000
32000
32000
32000
32000
32000
32000
32000
32000
32000
32000
32000
32000
32000
32000
32000
32000
32000
32000.1
32000.2
32000.9
32003.9
32015.6
32061.9
32240.6
32884.6
34794
38351
41254.4
41968.1
41992.8
41976.3
41936
41914.8
41915.5
41926.5
41957.5
42009.1
42069.9
42123.6
42161.5
42185.3
42201.1
42213.4
42224.7
42235.5
42245.1
42253.3
42257.6
42257.5
42255.5
42249.3
42236.6
32000
32000
32000
32000
32000
32000
32000
32000
32000
32000
32000
32000
32000
32000
32000
32000
32000
32000
32000
32000
32000
32000
32000
32000
32000
32000
32000
32000
32000
32000
32000
32000
32000
32000
32000
32000
32000
32000
32000
32000
32000
32000
32000
32000
32000
32000.1
32000.2
32000.9
32003.9
32015.6
32061.9
32240.6
32884.6
34794
38351
41254.4
41968.1
41992.8
41976.3
41936
41914.8
41915.5
41926.5
41957.5
42009.1
42069.9
42123.6
42161.5
42185.3
42201.1
42213.4
42224.7
42235.5
42245.1
42253.3
42257.6
42257.5
42255.5
42249.3
42236.6
32000
32000
32000
32000
32000
32000
32000
32000
32000
32000
32000
32000
32000
32000
32000
32000
32000
32000
32000
32000
32000
32000
32000
32000
32000
32000
32000
32000
32000
32000
32000
32000
32000
32000
32000
32000
32000
32000
32000
32000
32000
32000
32000
32000
32000
32000.1
32000.2
32000.9
32003.9
32015.6
32061.9
32240.6
32884.6
34794
38351
41254.4
41968.1
41992.8
41976.3
41936
41914.8
41915.5
41926.5
41957.5
42009.1
42069.9
42123.6
42161.5
42185.3
42201.1
42213.4
42224.7
42235.5
42245.1
42253.3
42257.6
42257.5
42255.5
42249.3
42236.6
32000
32000
32000
32000
32000
32000
32000
32000
32000
32000
32000
32000
32000
32000
32000
32000
32000
32000
32000
32000
32000
32000
32000
32000
32000
32000
32000
32000
32000
32000
32000
32000
32000
32000
32000
32000
32000
32000
32000
32000
32000
32000
32000
32000
32000
32000.1
32000.2
32000.9
32003.9
32015.6
32061.9
32240.6
32884.6
34794
38351
41254.4
41968.1
41992.8
41976.3
41936
41914.8
41915.5
41926.5
41957.5
42009.1
42069.9
42123.6
42161.5
42185.3
42201.1
42213.4
42224.7
42235.5
42245.1
42253.3
42257.6
42257.5
42255.5
42249.3
42236.6
32000
32000
32000
32000
32000
32000
32000
32000
32000
32000
32000
32000
32000
32000
32000
32000
32000
32000
32000
32000
32000
32000
32000
32000
32000
32000
32000
32000
32000
32000
32000
32000
32000
32000
32000
32000
32000
32000
32000
32000
32000
32000
32000
32000
32000
32000.1
32000.2
32000.9
32003.9
32015.6
32061.9
32240.6
32884.6
34794
38351
41254.4
41968.1
41992.8
41976.3
41936
41914.8
41915.5
41926.5
41957.5
42009.1
42069.9
42123.6
42161.5
42185.3
42201.1
42213.4
42224.7
42235.5
42245.1
42253.3
42257.6
42257.5
42255.5
42249.3
42236.6
32000
32000
32000
32000
32000
32000
32000
32000
32000
32000
32000
32000
32000
32000
32000
32000
32000
32000
32000
32000
32000
32000
32000
32000
32000
32000
32000
32000
32000
32000
32000
32000
32000
32000
32000
32000
32000
32000
32000
32000
32000
32000
32000
32000
32000
32000.1
32000.2
32000.9
32003.9
32015.6
32061.9
32240.6
32884.6
34794
38351
41254.4
41968.1
41992.8
41976.3
41936
41914.8
41915.5
41926.5
41957.5
42009.1
42069.9
42123.6
42161.5
42185.3
42201.1
42213.4
42224.7
42235.5
42245.1
42253.3
42257.6
42257.5
42255.5
42249.3
42236.6
32000
32000
32000
32000
32000
32000
32000
32000
32000
32000
32000
32000
32000
32000
32000
32000
32000
32000
32000
32000
32000
32000
32000
32000
32000
32000
32000
32000
32000
32000
32000
32000
32000
32000
32000
32000
32000
32000
32000
32000
32000
32000
32000
32000
32000
32000.1
32000.2
32000.9
32003.9
32015.6
32061.9
32240.6
32884.6
34794
38351
41254.4
41968.1
41992.8
41976.3
41936
41914.8
41915.5
41926.5
41957.5
42009.1
42069.9
42123.6
42161.5
42185.3
42201.1
42213.4
42224.7
42235.5
42245.1
42253.3
42257.6
42257.5
42255.5
42249.3
42236.6
32000
32000
32000
32000
32000
32000
32000
32000
32000
32000
32000
32000
32000
32000
32000
32000
32000
32000
32000
32000
32000
32000
32000
32000
32000
32000
32000
32000
32000
32000
32000
32000
32000
32000
32000
32000
32000
32000
32000
32000
32000
32000
32000
32000
32000
32000.1
32000.2
32000.9
32003.9
32015.6
32061.9
32240.6
32884.6
34794
38351
41254.4
41968.1
41992.8
41976.3
41936
41914.8
41915.5
41926.5
41957.5
42009.1
42069.9
42123.6
42161.5
42185.3
42201.1
42213.4
42224.7
42235.5
42245.1
42253.3
42257.6
42257.5
42255.5
42249.3
42236.6
32000
32000
32000
32000
32000
32000
32000
32000
32000
32000
32000
32000
32000
32000
32000
32000
32000
32000
32000
32000
32000
32000
32000
32000
32000
32000
32000
32000
32000
32000
32000
32000
32000
32000
32000
32000
32000
32000
32000
32000
32000
32000
32000
32000
32000
32000.1
32000.2
32000.9
32003.9
32015.6
32061.9
32240.6
32884.6
34794
38351
41254.4
41968.1
41992.8
41976.3
41936
41914.8
41915.5
41926.5
41957.5
42009.1
42069.9
42123.6
42161.5
42185.3
42201.1
42213.4
42224.7
42235.5
42245.1
42253.3
42257.6
42257.5
42255.5
42249.3
42236.6
32000
32000
32000
32000
32000
32000
32000
32000
32000
32000
32000
32000
32000
32000
32000
32000
32000
32000
32000
32000
32000
32000
32000
32000
32000
32000
32000
32000
32000
32000
32000
32000
32000
32000
32000
32000
32000
32000
32000
32000
32000
32000
32000
32000
32000
32000.1
32000.2
32000.9
32003.9
32015.6
32061.9
32240.6
32884.6
34794
38351
41254.4
41968.1
41992.8
41976.3
41936
41914.8
41915.5
41926.5
41957.5
42009.1
42069.9
42123.6
42161.5
42185.3
42201.1
42213.4
42224.7
42235.5
42245.1
42253.3
42257.6
42257.5
42255.5
42249.3
42236.6
32000
32000
32000
32000
32000
32000
32000
32000
32000
32000
32000
32000
32000
32000
32000
32000
32000
32000
32000
32000
32000
32000
32000
32000
32000
32000
32000
32000
32000
32000
32000
32000
32000
32000
32000
32000
32000
32000
32000
32000
32000
32000
32000
32000
32000
32000.1
32000.2
32000.9
32003.9
32015.6
32061.9
32240.6
32884.6
34794
38351
41254.4
41968.1
41992.8
41976.3
41936
41914.8
41915.5
41926.5
41957.5
42009.1
42069.9
42123.6
42161.5
42185.3
42201.1
42213.4
42224.7
42235.5
42245.1
42253.3
42257.6
42257.5
42255.5
42249.3
42236.6
32000
32000
32000
32000
32000
32000
32000
32000
32000
32000
32000
32000
32000
32000
32000
32000
32000
32000
32000
32000
32000
32000
32000
32000
32000
32000
32000
32000
32000
32000
32000
32000
32000
32000
32000
32000
32000
32000
32000
32000
32000
32000
32000
32000
32000
32000.1
32000.2
32000.9
32003.9
32015.6
32061.9
32240.6
32884.6
34794
38351
41254.4
41968.1
41992.8
41976.3
41936
41914.8
41915.5
41926.5
41957.5
42009.1
42069.9
42123.6
42161.5
42185.3
42201.1
42213.4
42224.7
42235.5
42245.1
42253.3
42257.6
42257.5
42255.5
42249.3
42236.6
32000
32000
32000
32000
32000
32000
32000
32000
32000
32000
32000
32000
32000
32000
32000
32000
32000
32000
32000
32000
32000
32000
32000
32000
32000
32000
32000
32000
32000
32000
32000
32000
32000
32000
32000
32000
32000
32000
32000
32000
32000
32000
32000
32000
32000
32000.1
32000.2
32000.9
32003.9
32015.6
32061.9
32240.6
32884.6
34794
38351
41254.4
41968.1
41992.8
41976.3
41936
41914.8
41915.5
41926.5
41957.5
42009.1
42069.9
42123.6
42161.5
42185.3
42201.1
42213.4
42224.7
42235.5
42245.1
42253.3
42257.6
42257.5
42255.5
42249.3
42236.6
32000
32000
32000
32000
32000
32000
32000
32000
32000
32000
32000
32000
32000
32000
32000
32000
32000
32000
32000
32000
32000
32000
32000
32000
32000
32000
32000
32000
32000
32000
32000
32000
32000
32000
32000
32000
32000
32000
32000
32000
32000
32000
32000
32000
32000
32000.1
32000.2
32000.9
32003.9
32015.6
32061.9
32240.6
32884.6
34794
38351
41254.4
41968.1
41992.8
41976.3
41936
41914.8
41915.5
41926.5
41957.5
42009.1
42069.9
42123.6
42161.5
42185.3
42201.1
42213.4
42224.7
42235.5
42245.1
42253.3
42257.6
42257.5
42255.5
42249.3
42236.6
32000
32000
32000
32000
32000
32000
32000
32000
32000
32000
32000
32000
32000
32000
32000
32000
32000
32000
32000
32000
32000
32000
32000
32000
32000
32000
32000
32000
32000
32000
32000
32000
32000
32000
32000
32000
32000
32000
32000
32000
32000
32000
32000
32000
32000
32000.1
32000.2
32000.9
32003.9
32015.6
32061.9
32240.6
32884.6
34794
38351
41254.4
41968.1
41992.8
41976.3
41936
41914.8
41915.5
41926.5
41957.5
42009.1
42069.9
42123.6
42161.5
42185.3
42201.1
42213.4
42224.7
42235.5
42245.1
42253.3
42257.6
42257.5
42255.5
42249.3
42236.6
32000
32000
32000
32000
32000
32000
32000
32000
32000
32000
32000
32000
32000
32000
32000
32000
32000
32000
32000
32000
32000
32000
32000
32000
32000
32000
32000
32000
32000
32000
32000
32000
32000
32000
32000
32000
32000
32000
32000
32000
32000
32000
32000
32000
32000
32000.1
32000.2
32000.9
32003.9
32015.6
32061.9
32240.6
32884.6
34794
38351
41254.4
41968.1
41992.8
41976.3
41936
41914.8
41915.5
41926.5
41957.5
42009.1
42069.9
42123.6
42161.5
42185.3
42201.1
42213.4
42224.7
42235.5
42245.1
42253.3
42257.6
42257.5
42255.5
42249.3
42236.6
32000
32000
32000
32000
32000
32000
32000
32000
32000
32000
32000
32000
32000
32000
32000
32000
32000
32000
32000
32000
32000
32000
32000
32000
32000
32000
32000
32000
32000
32000
32000
32000
32000
32000
32000
32000
32000
32000
32000
32000
32000
32000
32000
32000
32000
32000.1
32000.2
32000.9
32003.9
32015.6
32061.9
32240.6
32884.6
34794
38351
41254.4
41968.1
41992.8
41976.3
41936
41914.8
41915.5
41926.5
41957.5
42009.1
42069.9
42123.6
42161.5
42185.3
42201.1
42213.4
42224.7
42235.5
42245.1
42253.3
42257.6
42257.5
42255.5
42249.3
42236.6
32000
32000
32000
32000
32000
32000
32000
32000
32000
32000
32000
32000
32000
32000
32000
32000
32000
32000
32000
32000
32000
32000
32000
32000
32000
32000
32000
32000
32000
32000
32000
32000
32000
32000
32000
32000
32000
32000
32000
32000
32000
32000
32000
32000
32000
32000.1
32000.2
32000.9
32003.9
32015.6
32061.9
32240.6
32884.6
34794
38351
41254.4
41968.1
41992.8
41976.3
41936
41914.8
41915.5
41926.5
41957.5
42009.1
42069.9
42123.6
42161.5
42185.3
42201.1
42213.4
42224.7
42235.5
42245.1
42253.3
42257.6
42257.5
42255.5
42249.3
42236.6
32000
32000
32000
32000
32000
32000
32000
32000
32000
32000
32000
32000
32000
32000
32000
32000
32000
32000
32000
32000
32000
32000
32000
32000
32000
32000
32000
32000
32000
32000
32000
32000
32000
32000
32000
32000
32000
32000
32000
32000
32000
32000
32000
32000
32000
32000.1
32000.2
32000.9
32003.9
32015.6
32061.9
32240.6
32884.6
34794
38351
41254.4
41968.1
41992.8
41976.3
41936
41914.8
41915.5
41926.5
41957.5
42009.1
42069.9
42123.6
42161.5
42185.3
42201.1
42213.4
42224.7
42235.5
42245.1
42253.3
42257.6
42257.5
42255.5
42249.3
42236.6
32000
32000
32000
32000
32000
32000
32000
32000
32000
32000
32000
32000
32000
32000
32000
32000
32000
32000
32000
32000
32000
32000
32000
32000
32000
32000
32000
32000
32000
32000
32000
32000
32000
32000
32000
32000
32000
32000
32000
32000
32000
32000
32000
32000
32000
32000.1
32000.2
32000.9
32003.9
32015.6
32061.9
32240.6
32884.6
34794
38351
41254.4
41968.1
41992.8
41976.3
41936
41914.8
41915.5
41926.5
41957.5
42009.1
42069.9
42123.6
42161.5
42185.3
42201.1
42213.4
42224.7
42235.5
42245.1
42253.3
42257.6
42257.5
42255.5
42249.3
42236.6
32000
32000
32000
32000
32000
32000
32000
32000
32000
32000
32000
32000
32000
32000
32000
32000
32000
32000
32000
32000
32000
32000
32000
32000
32000
32000
32000
32000
32000
32000
32000
32000
32000
32000
32000
32000
32000
32000
32000
32000
32000
32000
32000
32000
32000
32000.1
32000.2
32000.9
32003.9
32015.6
32061.9
32240.6
32884.6
34794
38351
41254.4
41968.1
41992.8
41976.3
41936
41914.8
41915.5
41926.5
41957.5
42009.1
42069.9
42123.6
42161.5
42185.3
42201.1
42213.4
42224.7
42235.5
42245.1
42253.3
42257.6
42257.5
42255.5
42249.3
42236.6
32000
32000
32000
32000
32000
32000
32000
32000
32000
32000
32000
32000
32000
32000
32000
32000
32000
32000
32000
32000
32000
32000
32000
32000
32000
32000
32000
32000
32000
32000
32000
32000
32000
32000
32000
32000
32000
32000
32000
32000
32000
32000
32000
32000
32000
32000.1
32000.2
32000.9
32003.9
32015.6
32061.9
32240.6
32884.6
34794
38351
41254.4
41968.1
41992.8
41976.3
41936
41914.8
41915.5
41926.5
41957.5
42009.1
42069.9
42123.6
42161.5
42185.3
42201.1
42213.4
42224.7
42235.5
42245.1
42253.3
42257.6
42257.5
42255.5
42249.3
42236.6
32000
32000
32000
32000
32000
32000
32000
32000
32000
32000
32000
32000
32000
32000
32000
32000
32000
32000
32000
32000
32000
32000
32000
32000
32000
32000
32000
32000
32000
32000
32000
32000
32000
32000
32000
32000
32000
32000
32000
32000
32000
32000
32000
32000
32000
32000.1
32000.2
32000.9
32003.9
32015.6
32061.9
32240.6
32884.6
34794
38351
41254.4
41968.1
41992.8
41976.3
41936
41914.8
41915.5
41926.5
41957.5
42009.1
42069.9
42123.6
42161.5
42185.3
42201.1
42213.4
42224.7
42235.5
42245.1
42253.3
42257.6
42257.5
42255.5
42249.3
42236.6
32000
32000
32000
32000
32000
32000
32000
32000
32000
32000
32000
32000
32000
32000
32000
32000
32000
32000
32000
32000
32000
32000
32000
32000
32000
32000
32000
32000
32000
32000
32000
32000
32000
32000
32000
32000
32000
32000
32000
32000
32000
32000
32000
32000
32000
32000.1
32000.2
32000.9
32003.9
32015.6
32061.9
32240.6
32884.6
34794
38351
41254.4
41968.1
41992.8
41976.3
41936
41914.8
41915.5
41926.5
41957.5
42009.1
42069.9
42123.6
42161.5
42185.3
42201.1
42213.4
42224.7
42235.5
42245.1
42253.3
42257.6
42257.5
42255.5
42249.3
42236.6
32000
32000
32000
32000
32000
32000
32000
32000
32000
32000
32000
32000
32000
32000
32000
32000
32000
32000
32000
32000
32000
32000
32000
32000
32000
32000
32000
32000
32000
32000
32000
32000
32000
32000
32000
32000
32000
32000
32000
32000
32000
32000
32000
32000
32000
32000.1
32000.2
32000.9
32003.9
32015.6
32061.9
32240.6
32884.6
34794
38351
41254.4
41968.1
41992.8
41976.3
41936
41914.8
41915.5
41926.5
41957.5
42009.1
42069.9
42123.6
42161.5
42185.3
42201.1
42213.4
42224.7
42235.5
42245.1
42253.3
42257.6
42257.5
42255.5
42249.3
42236.6
32000
32000
32000
32000
32000
32000
32000
32000
32000
32000
32000
32000
32000
32000
32000
32000
32000
32000
32000
32000
32000
32000
32000
32000
32000
32000
32000
32000
32000
32000
32000
32000
32000
32000
32000
32000
32000
32000
32000
32000
32000
32000
32000
32000
32000
32000.1
32000.2
32000.9
32003.9
32015.6
32061.9
32240.6
32884.6
34794
38351
41254.4
41968.1
41992.8
41976.3
41936
41914.8
41915.5
41926.5
41957.5
42009.1
42069.9
42123.6
42161.5
42185.3
42201.1
42213.4
42224.7
42235.5
42245.1
42253.3
42257.6
42257.5
42255.5
42249.3
42236.6
32000
32000
32000
32000
32000
32000
32000
32000
32000
32000
32000
32000
32000
32000
32000
32000
32000
32000
32000
32000
32000
32000
32000
32000
32000
32000
32000
32000
32000
32000
32000
32000
32000
32000
32000
32000
32000
32000
32000
32000
32000
32000
32000
32000
32000
32000.1
32000.2
32000.9
32003.9
32015.6
32061.9
32240.6
32884.6
34794
38351
41254.4
41968.1
41992.8
41976.3
41936
41914.8
41915.5
41926.5
41957.5
42009.1
42069.9
42123.6
42161.5
42185.3
42201.1
42213.4
42224.7
42235.5
42245.1
42253.3
42257.6
42257.5
42255.5
42249.3
42236.6
32000
32000
32000
32000
32000
32000
32000
32000
32000
32000
32000
32000
32000
32000
32000
32000
32000
32000
32000
32000
32000
32000
32000
32000
32000
32000
32000
32000
32000
32000
32000
32000
32000
32000
32000
32000
32000
32000
32000
32000
32000
32000
32000
32000
32000
32000.1
32000.2
32000.9
32003.9
32015.6
32061.9
32240.6
32884.6
34794
38351
41254.4
41968.1
41992.8
41976.3
41936
41914.8
41915.5
41926.5
41957.5
42009.1
42069.9
42123.6
42161.5
42185.3
42201.1
42213.4
42224.7
42235.5
42245.1
42253.3
42257.6
42257.5
42255.5
42249.3
42236.6
32000
32000
32000
32000
32000
32000
32000
32000
32000
32000
32000
32000
32000
32000
32000
32000
32000
32000
32000
32000
32000
32000
32000
32000
32000
32000
32000
32000
32000
32000
32000
32000
32000
32000
32000
32000
32000
32000
32000
32000
32000
32000
32000
32000
32000
32000.1
32000.2
32000.9
32003.9
32015.6
32061.9
32240.6
32884.6
34794
38351
41254.4
41968.1
41992.8
41976.3
41936
41914.8
41915.5
41926.5
41957.5
42009.1
42069.9
42123.6
42161.5
42185.3
42201.1
42213.4
42224.7
42235.5
42245.1
42253.3
42257.6
42257.5
42255.5
42249.3
42236.6
32000
32000
32000
32000
32000
32000
32000
32000
32000
32000
32000
32000
32000
32000
32000
32000
32000
32000
32000
32000
32000
32000
32000
32000
32000
32000
32000
32000
32000
32000
32000
32000
32000
32000
32000
32000
32000
32000
32000
32000
32000
32000
32000
32000
32000
32000.1
32000.2
32000.9
32003.9
32015.6
32061.9
32240.6
32884.6
34794
38351
41254.4
41968.1
41992.8
41976.3
41936
41914.8
41915.5
41926.5
41957.5
42009.1
42069.9
42123.6
42161.5
42185.3
42201.1
42213.4
42224.7
42235.5
42245.1
42253.3
42257.6
42257.5
42255.5
42249.3
42236.6
32000
32000
32000
32000
32000
32000
32000
32000
32000
32000
32000
32000
32000
32000
32000
32000
32000
32000
32000
32000
32000
32000
32000
32000
32000
32000
32000
32000
32000
32000
32000
32000
32000
32000
32000
32000
32000
32000
32000
32000
32000
32000
32000
32000
32000
32000.1
32000.2
32000.9
32003.9
32015.6
32061.9
32240.6
32884.6
34794
38351
41254.4
41968.1
41992.8
41976.3
41936
41914.8
41915.5
41926.5
41957.5
42009.1
42069.9
42123.6
42161.5
42185.3
42201.1
42213.4
42224.7
42235.5
42245.1
42253.3
42257.6
42257.5
42255.5
42249.3
42236.6
32000
32000
32000
32000
32000
32000
32000
32000
32000
32000
32000
32000
32000
32000
32000
32000
32000
32000
32000
32000
32000
32000
32000
32000
32000
32000
32000
32000
32000
32000
32000
32000
32000
32000
32000
32000
32000
32000
32000
32000
32000
32000
32000
32000
32000
32000.1
32000.2
32000.9
32003.9
32015.6
32061.9
32240.6
32884.6
34794
38351
41254.4
41968.1
41992.8
41976.3
41936
41914.8
41915.5
41926.5
41957.5
42009.1
42069.9
42123.6
42161.5
42185.3
42201.1
42213.4
42224.7
42235.5
42245.1
42253.3
42257.6
42257.5
42255.5
42249.3
42236.6
32000
32000
32000
32000
32000
32000
32000
32000
32000
32000
32000
32000
32000
32000
32000
32000
32000
32000
32000
32000
32000
32000
32000
32000
32000
32000
32000
32000
32000
32000
32000
32000
32000
32000
32000
32000
32000
32000
32000
32000
32000
32000
32000
32000
32000
32000.1
32000.2
32000.9
32003.9
32015.6
32061.9
32240.6
32884.6
34794
38351
41254.4
41968.1
41992.8
41976.3
41936
41914.8
41915.5
41926.5
41957.5
42009.1
42069.9
42123.6
42161.5
42185.3
42201.1
42213.4
42224.7
42235.5
42245.1
42253.3
42257.6
42257.5
42255.5
42249.3
42236.6
32000
32000
32000
32000
32000
32000
32000
32000
32000
32000
32000
32000
32000
32000
32000
32000
32000
32000
32000
32000
32000
32000
32000
32000
32000
32000
32000
32000
32000
32000
32000
32000
32000
32000
32000
32000
32000
32000
32000
32000
32000
32000
32000
32000
32000
32000.1
32000.2
32000.9
32003.9
32015.6
32061.9
32240.6
32884.6
34794
38351
41254.4
41968.1
41992.8
41976.3
41936
41914.8
41915.5
41926.5
41957.5
42009.1
42069.9
42123.6
42161.5
42185.3
42201.1
42213.4
42224.7
42235.5
42245.1
42253.3
42257.6
42257.5
42255.5
42249.3
42236.6
32000
32000
32000
32000
32000
32000
32000
32000
32000
32000
32000
32000
32000
32000
32000
32000
32000
32000
32000
32000
32000
32000
32000
32000
32000
32000
32000
32000
32000
32000
32000
32000
32000
32000
32000
32000
32000
32000
32000
32000
32000
32000
32000
32000
32000
32000.1
32000.2
32000.9
32003.9
32015.6
32061.9
32240.6
32884.6
34794
38351
41254.4
41968.1
41992.8
41976.3
41936
41914.8
41915.5
41926.5
41957.5
42009.1
42069.9
42123.6
42161.5
42185.3
42201.1
42213.4
42224.7
42235.5
42245.1
42253.3
42257.6
42257.5
42255.5
42249.3
42236.6
32000
32000
32000
32000
32000
32000
32000
32000
32000
32000
32000
32000
32000
32000
32000
32000
32000
32000
32000
32000
32000
32000
32000
32000
32000
32000
32000
32000
32000
32000
32000
32000
32000
32000
32000
32000
32000
32000
32000
32000
32000
32000
32000
32000
32000
32000.1
32000.2
32000.9
32003.9
32015.6
32061.9
32240.6
32884.6
34794
38351
41254.4
41968.1
41992.8
41976.3
41936
41914.8
41915.5
41926.5
41957.5
42009.1
42069.9
42123.6
42161.5
42185.3
42201.1
42213.4
42224.7
42235.5
42245.1
42253.3
42257.6
42257.5
42255.5
42249.3
42236.6
32000
32000
32000
32000
32000
32000
32000
32000
32000
32000
32000
32000
32000
32000
32000
32000
32000
32000
32000
32000
32000
32000
32000
32000
32000
32000
32000
32000
32000
32000
32000
32000
32000
32000
32000
32000
32000
32000
32000
32000
32000
32000
32000
32000
32000
32000.1
32000.2
32000.9
32003.9
32015.6
32061.9
32240.6
32884.6
34794
38351
41254.4
41968.1
41992.8
41976.3
41936
41914.8
41915.5
41926.5
41957.5
42009.1
42069.9
42123.6
42161.5
42185.3
42201.1
42213.4
42224.7
42235.5
42245.1
42253.3
42257.6
42257.5
42255.5
42249.3
42236.6
32000
32000
32000
32000
32000
32000
32000
32000
32000
32000
32000
32000
32000
32000
32000
32000
32000
32000
32000
32000
32000
32000
32000
32000
32000
32000
32000
32000
32000
32000
32000
32000
32000
32000
32000
32000
32000
32000
32000
32000
32000
32000
32000
32000
32000
32000.1
32000.2
32000.9
32003.9
32015.6
32061.9
32240.6
32884.6
34794
38351
41254.4
41968.1
41992.8
41976.3
41936
41914.8
41915.5
41926.5
41957.5
42009.1
42069.9
42123.6
42161.5
42185.3
42201.1
42213.4
42224.7
42235.5
42245.1
42253.3
42257.6
42257.5
42255.5
42249.3
42236.6
32000
32000
32000
32000
32000
32000
32000
32000
32000
32000
32000
32000
32000
32000
32000
32000
32000
32000
32000
32000
32000
32000
32000
32000
32000
32000
32000
32000
32000
32000
32000
32000
32000
32000
32000
32000
32000
32000
32000
32000
32000
32000
32000
32000
32000
32000.1
32000.2
32000.9
32003.9
32015.6
32061.9
32240.6
32884.6
34794
38351
41254.4
41968.1
41992.8
41976.3
41936
41914.8
41915.5
41926.5
41957.5
42009.1
42069.9
42123.6
42161.5
42185.3
42201.1
42213.4
42224.7
42235.5
42245.1
42253.3
42257.6
42257.5
42255.5
42249.3
42236.6
32000
32000
32000
32000
32000
32000
32000
32000
32000
32000
32000
32000
32000
32000
32000
32000
32000
32000
32000
32000
32000
32000
32000
32000
32000
32000
32000
32000
32000
32000
32000
32000
32000
32000
32000
32000
32000
32000
32000
32000
32000
32000
32000
32000
32000
32000.1
32000.2
32000.9
32003.9
32015.6
32061.9
32240.6
32884.6
34794
38351
41254.4
41968.1
41992.8
41976.3
41936
41914.8
41915.5
41926.5
41957.5
42009.1
42069.9
42123.6
42161.5
42185.3
42201.1
42213.4
42224.7
42235.5
42245.1
42253.3
42257.6
42257.5
42255.5
42249.3
42236.6
32000
32000
32000
32000
32000
32000
32000
32000
32000
32000
32000
32000
32000
32000
32000
32000
32000
32000
32000
32000
32000
32000
32000
32000
32000
32000
32000
32000
32000
32000
32000
32000
32000
32000
32000
32000
32000
32000
32000
32000
32000
32000
32000
32000
32000
32000.1
32000.2
32000.9
32003.9
32015.6
32061.9
32240.6
32884.6
34794
38351
41254.4
41968.1
41992.8
41976.3
41936
41914.8
41915.5
41926.5
41957.5
42009.1
42069.9
42123.6
42161.5
42185.3
42201.1
42213.4
42224.7
42235.5
42245.1
42253.3
42257.6
42257.5
42255.5
42249.3
42236.6
32000
32000
32000
32000
32000
32000
32000
32000
32000
32000
32000
32000
32000
32000
32000
32000
32000
32000
32000
32000
32000
32000
32000
32000
32000
32000
32000
32000
32000
32000
32000
32000
32000
32000
32000
32000
32000
32000
32000
32000
32000
32000
32000
32000
32000
32000.1
32000.2
32000.9
32003.9
32015.6
32061.9
32240.6
32884.6
34794
38351
41254.4
41968.1
41992.8
41976.3
41936
41914.8
41915.5
41926.5
41957.5
42009.1
42069.9
42123.6
42161.5
42185.3
42201.1
42213.4
42224.7
42235.5
42245.1
42253.3
42257.6
42257.5
42255.5
42249.3
42236.6
32000
32000
32000
32000
32000
32000
32000
32000
32000
32000
32000
32000
32000
32000
32000
32000
32000
32000
32000
32000
32000
32000
32000
32000
32000
32000
32000
32000
32000
32000
32000
32000
32000
32000
32000
32000
32000
32000
32000
32000
32000
32000
32000
32000
32000
32000.1
32000.2
32000.9
32003.9
32015.6
32061.9
32240.6
32884.6
34794
38351
41254.4
41968.1
41992.8
41976.3
41936
41914.8
41915.5
41926.5
41957.5
42009.1
42069.9
42123.6
42161.5
42185.3
42201.1
42213.4
42224.7
42235.5
42245.1
42253.3
42257.6
42257.5
42255.5
42249.3
42236.6
32000
32000
32000
32000
32000
32000
32000
32000
32000
32000
32000
32000
32000
32000
32000
32000
32000
32000
32000
32000
32000
32000
32000
32000
32000
32000
32000
32000
32000
32000
32000
32000
32000
32000
32000
32000
32000
32000
32000
32000
32000
32000
32000
32000
32000
32000.1
32000.2
32000.9
32003.9
32015.6
32061.9
32240.6
32884.6
34794
38351
41254.4
41968.1
41992.8
41976.3
41936
41914.8
41915.5
41926.5
41957.5
42009.1
42069.9
42123.6
42161.5
42185.3
42201.1
42213.4
42224.7
42235.5
42245.1
42253.3
42257.6
42257.5
42255.5
42249.3
42236.6
32000
32000
32000
32000
32000
32000
32000
32000
32000
32000
32000
32000
32000
32000
32000
32000
32000
32000
32000
32000
32000
32000
32000
32000
32000
32000
32000
32000
32000
32000
32000
32000
32000
32000
32000
32000
32000
32000
32000
32000
32000
32000
32000
32000
32000
32000.1
32000.2
32000.9
32003.9
32015.6
32061.9
32240.6
32884.6
34794
38351
41254.4
41968.1
41992.8
41976.3
41936
41914.8
41915.5
41926.5
41957.5
42009.1
42069.9
42123.6
42161.5
42185.3
42201.1
42213.4
42224.7
42235.5
42245.1
42253.3
42257.6
42257.5
42255.5
42249.3
42236.6
32000
32000
32000
32000
32000
32000
32000
32000
32000
32000
32000
32000
32000
32000
32000
32000
32000
32000
32000
32000
32000
32000
32000
32000
32000
32000
32000
32000
32000
32000
32000
32000
32000
32000
32000
32000
32000
32000
32000
32000
32000
32000
32000
32000
32000
32000.1
32000.2
32000.9
32003.9
32015.6
32061.9
32240.6
32884.6
34794
38351
41254.4
41968.1
41992.8
41976.3
41936
41914.8
41915.5
41926.5
41957.5
42009.1
42069.9
42123.6
42161.5
42185.3
42201.1
42213.4
42224.7
42235.5
42245.1
42253.3
42257.6
42257.5
42255.5
42249.3
42236.6
32000
32000
32000
32000
32000
32000
32000
32000
32000
32000
32000
32000
32000
32000
32000
32000
32000
32000
32000
32000
32000
32000
32000
32000
32000
32000
32000
32000
32000
32000
32000
32000
32000
32000
32000
32000
32000
32000
32000
32000
32000
32000
32000
32000
32000
32000.1
32000.2
32000.9
32003.9
32015.6
32061.9
32240.6
32884.6
34794
38351
41254.4
41968.1
41992.8
41976.3
41936
41914.8
41915.5
41926.5
41957.5
42009.1
42069.9
42123.6
42161.5
42185.3
42201.1
42213.4
42224.7
42235.5
42245.1
42253.3
42257.6
42257.5
42255.5
42249.3
42236.6
32000
32000
32000
32000
32000
32000
32000
32000
32000
32000
32000
32000
32000
32000
32000
32000
32000
32000
32000
32000
32000
32000
32000
32000
32000
32000
32000
32000
32000
32000
32000
32000
32000
32000
32000
32000
32000
32000
32000
32000
32000
32000
32000
32000
32000
32000.1
32000.2
32000.9
32003.9
32015.6
32061.9
32240.6
32884.6
34794
38351
41254.4
41968.1
41992.8
41976.3
41936
41914.8
41915.5
41926.5
41957.5
42009.1
42069.9
42123.6
42161.5
42185.3
42201.1
42213.4
42224.7
42235.5
42245.1
42253.3
42257.6
42257.5
42255.5
42249.3
42236.6
32000
32000
32000
32000
32000
32000
32000
32000
32000
32000
32000
32000
32000
32000
32000
32000
32000
32000
32000
32000
32000
32000
32000
32000
32000
32000
32000
32000
32000
32000
32000
32000
32000
32000
32000
32000
32000
32000
32000
32000
32000
32000
32000
32000
32000
32000.1
32000.2
32000.9
32003.9
32015.6
32061.9
32240.6
32884.6
34794
38351
41254.4
41968.1
41992.8
41976.3
41936
41914.8
41915.5
41926.5
41957.5
42009.1
42069.9
42123.6
42161.5
42185.3
42201.1
42213.4
42224.7
42235.5
42245.1
42253.3
42257.6
42257.5
42255.5
42249.3
42236.6
32000
32000
32000
32000
32000
32000
32000
32000
32000
32000
32000
32000
32000
32000
32000
32000
32000
32000
32000
32000
32000
32000
32000
32000
32000
32000
32000
32000
32000
32000
32000
32000
32000
32000
32000
32000
32000
32000
32000
32000
32000
32000
32000
32000
32000
32000.1
32000.2
32000.9
32003.9
32015.6
32061.9
32240.6
32884.6
34794
38351
41254.4
41968.1
41992.8
41976.3
41936
41914.8
41915.5
41926.5
41957.5
42009.1
42069.9
42123.6
42161.5
42185.3
42201.1
42213.4
42224.7
42235.5
42245.1
42253.3
42257.6
42257.5
42255.5
42249.3
42236.6
32000
32000
32000
32000
32000
32000
32000
32000
32000
32000
32000
32000
32000
32000
32000
32000
32000
32000
32000
32000
32000
32000
32000
32000
32000
32000
32000
32000
32000
32000
32000
32000
32000
32000
32000
32000
32000
32000
32000
32000
32000
32000
32000
32000
32000
32000.1
32000.2
32000.9
32003.9
32015.6
32061.9
32240.6
32884.6
34794
38351
41254.4
41968.1
41992.8
41976.3
41936
41914.8
41915.5
41926.5
41957.5
42009.1
42069.9
42123.6
42161.5
42185.3
42201.1
42213.4
42224.7
42235.5
42245.1
42253.3
42257.6
42257.5
42255.5
42249.3
42236.6
32000
32000
32000
32000
32000
32000
32000
32000
32000
32000
32000
32000
32000
32000
32000
32000
32000
32000
32000
32000
32000
32000
32000
32000
32000
32000
32000
32000
32000
32000
32000
32000
32000
32000
32000
32000
32000
32000
32000
32000
32000
32000
32000
32000
32000
32000.1
32000.2
32000.9
32003.9
32015.6
32061.9
32240.6
32884.6
34794
38351
41254.4
41968.1
41992.8
41976.3
41936
41914.8
41915.5
41926.5
41957.5
42009.1
42069.9
42123.6
42161.5
42185.3
42201.1
42213.4
42224.7
42235.5
42245.1
42253.3
42257.6
42257.5
42255.5
42249.3
42236.6
32000
32000
32000
32000
32000
32000
32000
32000
32000
32000
32000
32000
32000
32000
32000
32000
32000
32000
32000
32000
32000
32000
32000
32000
32000
32000
32000
32000
32000
32000
32000
32000
32000
32000
32000
32000
32000
32000
32000
32000
32000
32000
32000
32000
32000
32000.1
32000.2
32000.9
32003.9
32015.6
32061.9
32240.6
32884.6
34794
38351
41254.4
41968.1
41992.8
41976.3
41936
41914.8
41915.5
41926.5
41957.5
42009.1
42069.9
42123.6
42161.5
42185.3
42201.1
42213.4
42224.7
42235.5
42245.1
42253.3
42257.6
42257.5
42255.5
42249.3
42236.6
32000
32000
32000
32000
32000
32000
32000
32000
32000
32000
32000
32000
32000
32000
32000
32000
32000
32000
32000
32000
32000
32000
32000
32000
32000
32000
32000
32000
32000
32000
32000
32000
32000
32000
32000
32000
32000
32000
32000
32000
32000
32000
32000
32000
32000
32000.1
32000.2
32000.9
32003.9
32015.6
32061.9
32240.6
32884.6
34794
38351
41254.4
41968.1
41992.8
41976.3
41936
41914.8
41915.5
41926.5
41957.5
42009.1
42069.9
42123.6
42161.5
42185.3
42201.1
42213.4
42224.7
42235.5
42245.1
42253.3
42257.6
42257.5
42255.5
42249.3
42236.6
32000
32000
32000
32000
32000
32000
32000
32000
32000
32000
32000
32000
32000
32000
32000
32000
32000
32000
32000
32000
32000
32000
32000
32000
32000
32000
32000
32000
32000
32000
32000
32000
32000
32000
32000
32000
32000
32000
32000
32000
32000
32000
32000
32000
32000
32000.1
32000.2
32000.9
32003.9
32015.6
32061.9
32240.6
32884.6
34794
38351
41254.4
41968.1
41992.8
41976.3
41936
41914.8
41915.5
41926.5
41957.5
42009.1
42069.9
42123.6
42161.5
42185.3
42201.1
42213.4
42224.7
42235.5
42245.1
42253.3
42257.6
42257.5
42255.5
42249.3
42236.6
32000
32000
32000
32000
32000
32000
32000
32000
32000
32000
32000
32000
32000
32000
32000
32000
32000
32000
32000
32000
32000
32000
32000
32000
32000
32000
32000
32000
32000
32000
32000
32000
32000
32000
32000
32000
32000
32000
32000
32000
32000
32000
32000
32000
32000
32000.1
32000.2
32000.9
32003.9
32015.6
32061.9
32240.6
32884.6
34794
38351
41254.4
41968.1
41992.8
41976.3
41936
41914.8
41915.5
41926.5
41957.5
42009.1
42069.9
42123.6
42161.5
42185.3
42201.1
42213.4
42224.7
42235.5
42245.1
42253.3
42257.6
42257.5
42255.5
42249.3
42236.6
32000
32000
32000
32000
32000
32000
32000
32000
32000
32000
32000
32000
32000
32000
32000
32000
32000
32000
32000
32000
32000
32000
32000
32000
32000
32000
32000
32000
32000
32000
32000
32000
32000
32000
32000
32000
32000
32000
32000
32000
32000
32000
32000
32000
32000
32000.1
32000.2
32000.9
32003.9
32015.6
32061.9
32240.6
32884.6
34794
38351
41254.4
41968.1
41992.8
41976.3
41936
41914.8
41915.5
41926.5
41957.5
42009.1
42069.9
42123.6
42161.5
42185.3
42201.1
42213.4
42224.7
42235.5
42245.1
42253.3
42257.6
42257.5
42255.5
42249.3
42236.6
32000
32000
32000
32000
32000
32000
32000
32000
32000
32000
32000
32000
32000
32000
32000
32000
32000
32000
32000
32000
32000
32000
32000
32000
32000
32000
32000
32000
32000
32000
32000
32000
32000
32000
32000
32000
32000
32000
32000
32000
32000
32000
32000
32000
32000
32000.1
32000.2
32000.9
32003.9
32015.6
32061.9
32240.6
32884.6
34794
38351
41254.4
41968.1
41992.8
41976.3
41936
41914.8
41915.5
41926.5
41957.5
42009.1
42069.9
42123.6
42161.5
42185.3
42201.1
42213.4
42224.7
42235.5
42245.1
42253.3
42257.6
42257.5
42255.5
42249.3
42236.6
32000
32000
32000
32000
32000
32000
32000
32000
32000
32000
32000
32000
32000
32000
32000
32000
32000
32000
32000
32000
32000
32000
32000
32000
32000
32000
32000
32000
32000
32000
32000
32000
32000
32000
32000
32000
32000
32000
32000
32000
32000
32000
32000
32000
32000
32000.1
32000.2
32000.9
32003.9
32015.6
32061.9
32240.6
32884.6
34794
38351
41254.4
41968.1
41992.8
41976.3
41936
41914.8
41915.5
41926.5
41957.5
42009.1
42069.9
42123.6
42161.5
42185.3
42201.1
42213.4
42224.7
42235.5
42245.1
42253.3
42257.6
42257.5
42255.5
42249.3
42236.6
32000
32000
32000
32000
32000
32000
32000
32000
32000
32000
32000
32000
32000
32000
32000
32000
32000
32000
32000
32000
32000
32000
32000
32000
32000
32000
32000
32000
32000
32000
32000
32000
32000
32000
32000
32000
32000
32000
32000
32000
32000
32000
32000
32000
32000
32000.1
32000.2
32000.9
32003.9
32015.6
32061.9
32240.6
32884.6
34794
38351
41254.4
41968.1
41992.8
41976.3
41936
41914.8
41915.5
41926.5
41957.5
42009.1
42069.9
42123.6
42161.5
42185.3
42201.1
42213.4
42224.7
42235.5
42245.1
42253.3
42257.6
42257.5
42255.5
42249.3
42236.6
32000
32000
32000
32000
32000
32000
32000
32000
32000
32000
32000
32000
32000
32000
32000
32000
32000
32000
32000
32000
32000
32000
32000
32000
32000
32000
32000
32000
32000
32000
32000
32000
32000
32000
32000
32000
32000
32000
32000
32000
32000
32000
32000
32000
32000
32000.1
32000.2
32000.9
32003.9
32015.6
32061.9
32240.6
32884.6
34794
38351
41254.4
41968.1
41992.8
41976.3
41936
41914.8
41915.5
41926.5
41957.5
42009.1
42069.9
42123.6
42161.5
42185.3
42201.1
42213.4
42224.7
42235.5
42245.1
42253.3
42257.6
42257.5
42255.5
42249.3
42236.6
32000
32000
32000
32000
32000
32000
32000
32000
32000
32000
32000
32000
32000
32000
32000
32000
32000
32000
32000
32000
32000
32000
32000
32000
32000
32000
32000
32000
32000
32000
32000
32000
32000
32000
32000
32000
32000
32000
32000
32000
32000
32000
32000
32000
32000
32000.1
32000.2
32000.9
32003.9
32015.6
32061.9
32240.6
32884.6
34794
38351
41254.4
41968.1
41992.8
41976.3
41936
41914.8
41915.5
41926.5
41957.5
42009.1
42069.9
42123.6
42161.5
42185.3
42201.1
42213.4
42224.7
42235.5
42245.1
42253.3
42257.6
42257.5
42255.5
42249.3
42236.6
32000
32000
32000
32000
32000
32000
32000
32000
32000
32000
32000
32000
32000
32000
32000
32000
32000
32000
32000
32000
32000
32000
32000
32000
32000
32000
32000
32000
32000
32000
32000
32000
32000
32000
32000
32000
32000
32000
32000
32000
32000
32000
32000
32000
32000
32000.1
32000.2
32000.9
32003.9
32015.6
32061.9
32240.6
32884.6
34794
38351
41254.4
41968.1
41992.8
41976.3
41936
41914.8
41915.5
41926.5
41957.5
42009.1
42069.9
42123.6
42161.5
42185.3
42201.1
42213.4
42224.7
42235.5
42245.1
42253.3
42257.6
42257.5
42255.5
42249.3
42236.6
32000
32000
32000
32000
32000
32000
32000
32000
32000
32000
32000
32000
32000
32000
32000
32000
32000
32000
32000
32000
32000
32000
32000
32000
32000
32000
32000
32000
32000
32000
32000
32000
32000
32000
32000
32000
32000
32000
32000
32000
32000
32000
32000
32000
32000
32000.1
32000.2
32000.9
32003.9
32015.6
32061.9
32240.6
32884.6
34794
38351
41254.4
41968.1
41992.8
41976.3
41936
41914.8
41915.5
41926.5
41957.5
42009.1
42069.9
42123.6
42161.5
42185.3
42201.1
42213.4
42224.7
42235.5
42245.1
42253.3
42257.6
42257.5
42255.5
42249.3
42236.6
32000
32000
32000
32000
32000
32000
32000
32000
32000
32000
32000
32000
32000
32000
32000
32000
32000
32000
32000
32000
32000
32000
32000
32000
32000
32000
32000
32000
32000
32000
32000
32000
32000
32000
32000
32000
32000
32000
32000
32000
32000
32000
32000
32000
32000
32000.1
32000.2
32000.9
32003.9
32015.6
32061.9
32240.6
32884.6
34794
38351
41254.4
41968.1
41992.8
41976.3
41936
41914.8
41915.5
41926.5
41957.5
42009.1
42069.9
42123.6
42161.5
42185.3
42201.1
42213.4
42224.7
42235.5
42245.1
42253.3
42257.6
42257.5
42255.5
42249.3
42236.6
32000
32000
32000
32000
32000
32000
32000
32000
32000
32000
32000
32000
32000
32000
32000
32000
32000
32000
32000
32000
32000
32000
32000
32000
32000
32000
32000
32000
32000
32000
32000
32000
32000
32000
32000
32000
32000
32000
32000
32000
32000
32000
32000
32000
32000
32000.1
32000.2
32000.9
32003.9
32015.6
32061.9
32240.6
32884.6
34794
38351
41254.4
41968.1
41992.8
41976.3
41936
41914.8
41915.5
41926.5
41957.5
42009.1
42069.9
42123.6
42161.5
42185.3
42201.1
42213.4
42224.7
42235.5
42245.1
42253.3
42257.6
42257.5
42255.5
42249.3
42236.6
32000
32000
32000
32000
32000
32000
32000
32000
32000
32000
32000
32000
32000
32000
32000
32000
32000
32000
32000
32000
32000
32000
32000
32000
32000
32000
32000
32000
32000
32000
32000
32000
32000
32000
32000
32000
32000
32000
32000
32000
32000
32000
32000
32000
32000
32000.1
32000.2
32000.9
32003.9
32015.6
32061.9
32240.6
32884.6
34794
38351
41254.4
41968.1
41992.8
41976.3
41936
41914.8
41915.5
41926.5
41957.5
42009.1
42069.9
42123.6
42161.5
42185.3
42201.1
42213.4
42224.7
42235.5
42245.1
42253.3
42257.6
42257.5
42255.5
42249.3
42236.6
32000
32000
32000
32000
32000
32000
32000
32000
32000
32000
32000
32000
32000
32000
32000
32000
32000
32000
32000
32000
32000
32000
32000
32000
32000
32000
32000
32000
32000
32000
32000
32000
32000
32000
32000
32000
32000
32000
32000
32000
32000
32000
32000
32000
32000
32000.1
32000.2
32000.9
32003.9
32015.6
32061.9
32240.6
32884.6
34794
38351
41254.4
41968.1
41992.8
41976.3
41936
41914.8
41915.5
41926.5
41957.5
42009.1
42069.9
42123.6
42161.5
42185.3
42201.1
42213.4
42224.7
42235.5
42245.1
42253.3
42257.6
42257.5
42255.5
42249.3
42236.6
32000
32000
32000
32000
32000
32000
32000
32000
32000
32000
32000
32000
32000
32000
32000
32000
32000
32000
32000
32000
32000
32000
32000
32000
32000
32000
32000
32000
32000
32000
32000
32000
32000
32000
32000
32000
32000
32000
32000
32000
32000
32000
32000
32000
32000
32000.1
32000.2
32000.9
32003.9
32015.6
32061.9
32240.6
32884.6
34794
38351
41254.4
41968.1
41992.8
41976.3
41936
41914.8
41915.5
41926.5
41957.5
42009.1
42069.9
42123.6
42161.5
42185.3
42201.1
42213.4
42224.7
42235.5
42245.1
42253.3
42257.6
42257.5
42255.5
42249.3
42236.6
32000
32000
32000.1
32000.2
32000.9
32003.9
32015.6
32061.9
32240.6
32884.6
34794
38351
41254.4
41968.1
41992.8
41976.3
41936
41914.8
41915.5
41926.5
41957.5
42009.1
42069.9
42123.6
42161.5
42185.3
42201.1
42213.4
42224.7
42235.5
42245.1
42253.3
42257.6
42257.5
42255.5
42249.3
42236.6
149492
147195
137893
130382
124521
119736
116080
113544
110760
108300
106249
104162
119514
136187
129320
124853
120493
116713
113546
111024
108356
105913
103709
101447
83558.4
134195
128811
124533
120212
116617
113503
110787
108323
106059
104103
102077
51098.4
114831
128871
122857
118511
115135
112109
109486
107162
105102
103054
100971
42523.3
74940.1
123138
120770
116936
113685
110873
108550
106338
104370
102255
99973.8
42230.1
46165.7
95781.6
118159
115682
112451
109810
107613
105457
103386
101252
98797.3
42212.3
42267.2
55319.3
102337
113377
111423
108900
106690
104534
102310
100197
97674.1
42217.6
42192.4
42700.3
62570.5
101911
109476
107924
105857
103546
101093
98911.7
96415.5
42218.7
42198
42181.6
43453.9
65445.8
98735.1
105533
104880
102656
99777.9
97416.3
95055
42216.9
42200.6
42178
42178.6
43953.6
64681.7
93521
102572
101294
98369.3
95438.5
93167.1
42217.6
42198.6
42183.3
42160.7
42175.8
43919.7
61400.9
89381.7
98305.8
96602.4
93453.1
91092.8
42218.6
42197.9
42182.4
42168.7
42148.7
42167.4
43627.6
58008.5
84351.6
92675.6
90890.1
88877.8
42218.8
42198.4
42181.3
42168.9
42157.3
42140.1
42160.6
43343.1
55426.3
79521.6
86347.1
85694.7
42218.4
42198.9
42181.3
42167.8
42158.5
42147.7
42135.1
42163.5
43277.9
54528.4
75455.1
81749.6
42218.2
42198.9
42182
42167.2
42157.7
42150.1
42138.2
42134.7
42184.5
43508.4
55048.1
72484.8
42218.2
42198.8
42182.2
42167.5
42156.6
42150.1
42140.9
42134.5
42134.8
42226.4
44020.3
55814.4
42218.3
42198.8
42182.2
42167.7
42156.7
42148.8
42142.8
42136.5
42132.7
42135.5
42289.5
44701.7
42218.3
42198.8
42182.1
42167.7
42156.8
42148.5
42141.7
42139.2
42135.4
42126.2
42131.7
42353
42218.3
42198.8
42182.1
42167.7
42156.9
42148.6
42141.1
42139.5
42138
42132.8
42123.9
42135.8
42218.3
42198.8
42182.1
42167.7
42156.9
42148.6
42141.2
42139.2
42138.3
42137
42133.5
42126.7
42218.3
42198.8
42182.1
42167.7
42156.9
42148.7
42141.3
42139.1
42138
42137
42137.6
42137.6
42218.3
42198.8
42182.1
42167.7
42156.9
42148.7
42141.3
42139.1
42137.9
42136.7
42137.1
42141.5
42218.3
42198.8
42182.1
42167.7
42156.9
42148.7
42141.3
42139.1
42137.9
42136.4
42137.5
42141.4
42218.3
42198.8
42182.1
42167.7
42156.9
42148.7
42141.3
42139
42138
42136.3
42137.5
42141.2
42218.3
42198.8
42182.1
42167.7
42156.9
42148.7
42141.3
42139
42138
42136.3
42137.5
42141.3
42218.3
42198.8
42182.1
42167.7
42156.9
42148.7
42141.3
42139
42138
42136.3
42137.5
42141.3
42218.3
42198.8
42182.1
42167.7
42156.9
42148.7
42141.3
42139
42138
42136.3
42137.5
42141.3
42218.3
42198.8
42182.1
42167.7
42156.9
42148.7
42141.3
42139
42138
42136.3
42137.5
42141.3
42218.3
42198.8
42182.1
42167.7
42156.9
42148.7
42141.3
42139
42138
42136.3
42137.5
42141.3
42218.3
42198.8
42182.1
42167.7
42156.9
42148.7
42141.3
42139
42138
42136.3
42137.5
42141.3
42218.3
42198.8
42182.1
42167.7
42156.9
42148.7
42141.3
42139
42138
42136.3
42137.5
42141.3
42218.3
42198.8
42182.1
42167.7
42156.9
42148.7
42141.3
42139
42138
42136.3
42137.5
42141.3
42218.3
42198.8
42182.1
42167.7
42156.9
42148.7
42141.3
42139
42138
42136.3
42137.5
42141.3
42218.3
42198.8
42182.1
42167.7
42156.9
42148.7
42141.3
42139
42138
42136.3
42137.5
42141.3
42218.3
42198.8
42182.1
42167.7
42156.9
42148.7
42141.3
42139
42138
42136.3
42137.5
42141.3
42218.3
42198.8
42182.1
42167.7
42156.9
42148.7
42141.3
42139
42138
42136.3
42137.5
42141.3
42218.3
42198.8
42182.1
42167.7
42156.9
42148.7
42141.3
42139
42138
42136.3
42137.5
42141.3
42218.3
42198.8
42182.1
42167.7
42156.9
42148.7
42141.3
42139
42138
42136.3
42137.5
42141.3
42218.3
42198.8
42182.1
42167.7
42156.9
42148.7
42141.3
42139
42138
42136.3
42137.5
42141.3
42218.3
42198.8
42182.1
42167.7
42156.9
42148.7
42141.3
42139
42138
42136.3
42137.5
42141.3
42218.3
42198.8
42182.1
42167.7
42156.9
42148.7
42141.3
42139
42138
42136.3
42137.5
42141.3
42218.3
42198.8
42182.1
42167.7
42156.9
42148.7
42141.3
42139
42138
42136.3
42137.5
42141.3
42218.3
42198.8
42182.1
42167.7
42156.9
42148.7
42141.3
42139
42138
42136.3
42137.5
42141.3
42218.3
42198.8
42182.1
42167.7
42156.9
42148.7
42141.3
42139
42138
42136.3
42137.5
42141.3
42218.3
42198.8
42182.1
42167.7
42156.9
42148.7
42141.3
42139
42138
42136.3
42137.5
42141.3
42218.3
42198.8
42182.1
42167.7
42156.9
42148.7
42141.3
42139
42138
42136.3
42137.5
42141.3
42218.3
42198.8
42182.1
42167.7
42156.9
42148.7
42141.3
42139
42138
42136.3
42137.5
42141.3
42218.3
42198.8
42182.1
42167.7
42156.9
42148.7
42141.3
42139
42138
42136.3
42137.5
42141.3
42218.3
42198.8
42182.1
42167.7
42156.9
42148.7
42141.3
42139
42138
42136.3
42137.5
42141.3
42218.3
42198.8
42182.1
42167.7
42156.9
42148.7
42141.3
42139
42138
42136.3
42137.5
42141.3
42218.3
42198.8
42182.1
42167.7
42156.9
42148.7
42141.3
42139
42138
42136.3
42137.5
42141.3
42218.3
42198.8
42182.1
42167.7
42156.9
42148.7
42141.3
42139
42138
42136.3
42137.5
42141.3
42218.3
42198.8
42182.1
42167.7
42156.9
42148.7
42141.3
42139
42138
42136.3
42137.5
42141.3
42218.3
42198.8
42182.1
42167.7
42156.9
42148.7
42141.3
42139
42138
42136.3
42137.5
42141.3
42218.3
42198.8
42182.1
42167.7
42156.9
42148.7
42141.3
42139
42138
42136.3
42137.5
42141.3
42218.3
42198.8
42182.1
42167.7
42156.9
42148.7
42141.3
42139
42138
42136.3
42137.5
42141.3
42218.3
42198.8
42182.1
42167.7
42156.9
42148.7
42141.3
42139
42138
42136.3
42137.5
42141.3
42218.3
42198.8
42182.1
42167.7
42156.9
42148.7
42141.3
42139
42138
42136.3
42137.5
42141.3
42218.3
42198.8
42182.1
42167.7
42156.9
42148.7
42141.3
42139
42138
42136.3
42137.5
42141.3
42218.3
42198.8
42182.1
42167.7
42156.9
42148.7
42141.3
42139
42138
42136.3
42137.5
42141.3
42218.3
42198.8
42182.1
42167.7
42156.9
42148.7
42141.3
42139
42138
42136.3
42137.5
42141.3
42218.3
42198.8
42182.1
42167.7
42156.9
42148.7
42141.3
42139
42138
42136.3
42137.5
42141.3
42218.3
42198.8
42182.1
42167.7
42156.9
42148.7
42141.3
42139
42138
42136.3
42137.5
42141.3
42218.3
42198.8
42182.1
42167.7
42156.9
42148.7
42141.3
42139
42138
42136.3
42137.5
42141.3
42218.3
42198.8
42182.1
42167.7
42156.9
42148.7
42141.3
42139
42138
42136.3
42137.5
42141.3
42218.3
42198.8
42182.1
42167.7
42156.9
42148.7
42141.3
42139
42138
42136.3
42137.5
42141.3
42218.3
42198.8
42182.1
42167.7
42156.9
42148.7
42141.3
42139
42138
42136.3
42137.5
42141.3
42218.3
42198.8
42182.1
42167.7
42156.9
42148.7
42141.3
42139
42138
42136.3
42137.5
42141.3
42218.3
42198.8
42182.1
42167.7
42156.9
42148.7
42141.3
42139
42138
42136.3
42137.5
42141.3
42218.3
42198.8
42182.1
42167.7
42156.9
42148.7
42141.3
42139
42138
42136.3
42137.5
42141.3
42218.3
42198.8
42182.1
42167.7
42156.9
42148.7
42141.3
42139
42138
42136.3
42137.5
42141.3
42218.3
42198.8
42182.1
42167.7
42156.9
42148.7
42141.3
42139
42138
42136.3
42137.5
42141.3
42218.3
42198.8
42182.1
42167.7
42156.9
42148.7
42141.3
42139
42138
42136.3
42137.5
42141.3
42218.3
42198.8
42182.1
42167.7
42156.9
42148.7
42141.3
42139
42138
42136.3
42137.5
42141.3
42218.3
42198.8
42182.1
42167.7
42156.9
42148.7
42141.3
42139
42138
42136.3
42137.5
42141.3
42218.3
42198.8
42182.1
42167.7
42156.9
42148.7
42141.3
42139
42138
42136.3
42137.5
42141.3
42218.3
42198.8
42182.1
42167.7
42156.9
42148.7
42141.3
42139
42138
42136.3
42137.5
42141.3
42218.3
42198.8
42182.1
42167.7
42156.9
42148.7
42141.3
42139
42138
42136.3
42137.5
42141.3
42218.3
42198.8
42182.1
42167.7
42156.9
42148.7
42141.3
42139
42138
42136.3
42137.5
42141.3
42218.3
42198.8
42182.1
42167.7
42156.9
42148.7
42141.3
42139
42138
42136.3
42137.5
42141.3
42218.3
42198.8
42182.1
42167.7
42156.9
42148.7
42141.3
42139
42138
42136.3
42137.5
42141.3
42218.3
42198.8
42182.1
42167.7
42156.9
42148.7
42141.3
42139
42138
42136.3
42137.5
42141.3
42218.3
42198.8
42182.1
42167.7
42156.9
42148.7
42141.3
42139
42138
42136.3
42137.5
42141.3
42218.3
42198.8
42182.1
42167.7
42156.9
42148.7
42141.3
42139
42138
42136.3
42137.5
42141.3
42218.3
42198.8
42182.1
42167.7
42156.9
42148.7
42141.3
42139
42138
42136.3
42137.5
42141.3
42218.3
42198.8
42182.1
42167.7
42156.9
42148.7
42141.3
42139
42138
42136.3
42137.5
42141.3
42218.3
42198.8
42182.1
42167.7
42156.9
42148.7
42141.3
42139
42138
42136.3
42137.5
42141.3
42218.3
42198.8
42182.1
42167.7
42156.9
42148.7
42141.3
42139
42138
42136.3
42137.5
42141.3
42218.3
42198.8
42182.1
42167.7
42156.9
42148.7
42141.3
42139
42138
42136.3
42137.5
42141.3
42218.3
42198.8
42182.1
42167.7
42156.9
42148.7
42141.3
42139
42138
42136.3
42137.5
42141.3
42218.3
42198.8
42182.1
42167.7
42156.9
42148.7
42141.3
42139
42138
42136.3
42137.5
42141.3
42218.3
42198.8
42182.1
42167.7
42156.9
42148.7
42141.3
42139
42138
42136.3
42137.5
42141.3
42218.3
42198.8
42182.1
42167.7
42156.9
42148.7
42141.3
42139
42138
42136.3
42137.5
42141.3
42218.3
42198.8
42182.1
42167.7
42156.9
42148.7
42141.3
42139
42138
42136.3
42137.5
42141.3
42218.3
42198.8
42182.1
42167.7
42156.9
42148.7
42141.3
42139
42138
42136.3
42137.5
42141.3
42218.3
42198.8
42182.1
42167.7
42156.9
42148.7
42141.3
42139
42138
42136.3
42137.5
42141.3
42218.3
42198.8
42182.1
42167.7
42156.9
42148.7
42141.3
42139
42138
42136.3
42137.5
42141.3
42182.1
42167.7
42156.9
42148.7
42141.3
42139
42138
42136.3
42137.5
42141.3
42182.1
42167.7
42156.9
42148.7
42141.3
42139
42138
42136.3
42137.5
42141.3
42182.1
42167.7
42156.9
42148.7
42141.3
42139
42138
42136.3
42137.5
42141.3
42182.1
42167.7
42156.9
42148.7
42141.3
42139
42138
42136.3
42137.5
42141.3
42182.1
42167.7
42156.9
42148.7
42141.3
42139
42138
42136.3
42137.5
42141.3
42182.1
42167.7
42156.9
42148.7
42141.3
42139
42138
42136.3
42137.5
42141.3
)
;

boundaryField
{
    inlet
    {
        type            fixedValue;
        value           uniform 32000;
    }
    outlet
    {
        type            zeroGradient;
    }
    bottom
    {
        type            symmetryPlane;
    }
    top
    {
        type            zeroGradient;
    }
    obstacle
    {
        type            zeroGradient;
    }
    defaultFaces
    {
        type            empty;
    }
    procBoundary0to1
    {
        type            processor;
        value           nonuniform List<scalar> 
103
(
102176
99220.8
99954.5
98752.2
97797.3
96706.1
95544.1
94218
92830.6
91108.7
89269.9
87333
84945.6
82400.1
78680.6
70694.9
56251.5
45296.9
42430.2
42141.9
42111
42136.3
42144.4
42143.9
42143.5
42143.4
42143.4
42143.4
42143.4
42143.4
42143.4
42143.4
42143.4
42143.4
42143.4
42143.4
42143.4
42143.4
42143.4
42143.4
42143.4
42143.4
42143.4
42143.4
42143.4
42143.4
42143.4
42143.4
42143.4
42143.4
42143.4
42143.4
42143.4
42143.4
42143.4
42143.4
42143.4
42143.4
42143.4
42143.4
42143.4
42143.4
42143.4
42143.4
42143.4
42143.4
42143.4
42143.4
42143.4
42143.4
42143.4
42143.4
42143.4
42143.4
42143.4
42143.4
42143.4
42143.4
42143.4
42143.4
42143.4
42143.4
42143.4
42143.4
42143.4
42143.4
42143.4
42143.4
42143.4
42143.4
42143.4
42143.4
42143.4
42143.4
42143.4
42143.4
42143.4
42143.4
42143.4
42143.4
42143.4
42143.4
42143.4
)
;
    }
    procBoundary0to2
    {
        type            processor;
        value           nonuniform List<scalar> 
97
(
32000
32000
32000
32000
32000
32000
32000
32000
32000
32000
32000
32000
32000
32000
32000
32000
32000
32000
32000
32000
32000
32000
32000
32000
32000
32000
32000
32000
32000
32000
32000
32000
32000
32000
32000
32000
32000
32000
32000
32000
32000
32000
32000
32000
32000
32000
32000.1
32000.2
32000.9
32003.9
32015.6
32061.9
32240.6
32884.6
34794
38351
41254.4
41968.1
41992.8
41976.3
41936
41914.8
41915.5
41926.5
41957.5
42009.1
42069.9
42123.6
42161.5
42185.3
42201.1
42213.4
42224.7
42235.5
42245.1
42253.3
42257.6
42257.5
42255.5
42249.3
42236.6
42218.3
42198.8
42198.8
42198.8
42198.8
42198.8
42198.8
42198.8
42182.1
42167.7
42156.9
42148.7
42141.3
42139
42138
42136.3
)
;
    }
    procBoundary0to3
    {
        type            processor;
        value           nonuniform List<scalar> 2(42137.5 42141.3);
    }
}


// ************************************************************************* //
