/*--------------------------------*- C++ -*----------------------------------*\
| =========                 |                                                 |
| \\      /  F ield         | OpenFOAM: The Open Source CFD Toolbox           |
|  \\    /   O peration     | Version:  2306                                  |
|   \\  /    A nd           | Website:  www.openfoam.com                      |
|    \\/     M anipulation  |                                                 |
\*---------------------------------------------------------------------------*/
FoamFile
{
    version     2.0;
    format      ascii;
    arch        "LSB;label=32;scalar=64";
    class       volScalarField;
    location    "1e-05";
    object      rho;
}
// * * * * * * * * * * * * * * * * * * * * * * * * * * * * * * * * * * * * * //

dimensions      [1 -3 0 0 0 0 0];

internalField   nonuniform List<scalar> 
8941
(
0.62007
0.62007
0.62007
0.62007
0.62007
0.62007
0.62007
0.62007
0.62007
0.62007
0.62007
0.62007
0.62007
0.62007
0.62007
0.62007
0.62007
0.62007
0.62007
0.62007
0.62007
0.62007
0.62007
0.62007
0.62007
0.62007
0.62007
0.62007
0.62007
0.62007
0.62007
0.62007
0.62007
0.62007
0.62007
0.62007
0.62007
0.62007
0.62007
0.62007
0.62007
0.62007
0.62007
0.62007
0.62007
0.620071
0.620073
0.620083
0.620124
0.620286
0.620927
0.623399
0.632286
0.658327
0.70557
0.743098
0.752229
0.752548
0.752338
0.751839
0.751549
0.751552
0.751685
0.752069
0.752712
0.753469
0.754133
0.754592
0.754872
0.755055
0.755201
0.75534
0.75549
0.755655
0.755809
0.755917
0.75597
0.755993
0.75588
0.926822
0.62007
0.62007
0.62007
0.62007
0.62007
0.62007
0.62007
0.62007
0.62007
0.62007
0.62007
0.62007
0.62007
0.62007
0.62007
0.62007
0.62007
0.62007
0.62007
0.62007
0.62007
0.62007
0.62007
0.62007
0.62007
0.62007
0.62007
0.62007
0.62007
0.62007
0.62007
0.62007
0.62007
0.62007
0.62007
0.62007
0.62007
0.62007
0.62007
0.62007
0.62007
0.62007
0.62007
0.62007
0.62007
0.620071
0.620073
0.620083
0.620124
0.620286
0.620927
0.623399
0.632286
0.658327
0.70557
0.743098
0.752229
0.752548
0.752338
0.751839
0.751549
0.751552
0.751685
0.752069
0.752712
0.753469
0.754133
0.754592
0.754872
0.755055
0.755201
0.75534
0.75549
0.755654
0.755809
0.755917
0.75597
0.755993
0.75588
0.816098
0.62007
0.62007
0.62007
0.62007
0.62007
0.62007
0.62007
0.62007
0.62007
0.62007
0.62007
0.62007
0.62007
0.62007
0.62007
0.62007
0.62007
0.62007
0.62007
0.62007
0.62007
0.62007
0.62007
0.62007
0.62007
0.62007
0.62007
0.62007
0.62007
0.62007
0.62007
0.62007
0.62007
0.62007
0.62007
0.62007
0.62007
0.62007
0.62007
0.62007
0.62007
0.62007
0.62007
0.62007
0.62007
0.620071
0.620073
0.620083
0.620124
0.620286
0.620927
0.623399
0.632286
0.658327
0.70557
0.743098
0.752229
0.752548
0.752338
0.751839
0.751549
0.751552
0.751685
0.752069
0.752712
0.753469
0.754133
0.754592
0.754872
0.755055
0.755201
0.75534
0.75549
0.755654
0.755809
0.755917
0.755971
0.755994
0.75588
0.772332
0.62007
0.62007
0.62007
0.62007
0.62007
0.62007
0.62007
0.62007
0.62007
0.62007
0.62007
0.62007
0.62007
0.62007
0.62007
0.62007
0.62007
0.62007
0.62007
0.62007
0.62007
0.62007
0.62007
0.62007
0.62007
0.62007
0.62007
0.62007
0.62007
0.62007
0.62007
0.62007
0.62007
0.62007
0.62007
0.62007
0.62007
0.62007
0.62007
0.62007
0.62007
0.62007
0.62007
0.62007
0.62007
0.620071
0.620073
0.620083
0.620124
0.620286
0.620927
0.623399
0.632286
0.658327
0.70557
0.743098
0.752229
0.752548
0.752338
0.751839
0.751549
0.751552
0.751685
0.752069
0.752712
0.753469
0.754133
0.754592
0.754872
0.755055
0.755201
0.75534
0.75549
0.755654
0.755809
0.755916
0.755972
0.755994
0.755882
0.759557
0.62007
0.62007
0.62007
0.62007
0.62007
0.62007
0.62007
0.62007
0.62007
0.62007
0.62007
0.62007
0.62007
0.62007
0.62007
0.62007
0.62007
0.62007
0.62007
0.62007
0.62007
0.62007
0.62007
0.62007
0.62007
0.62007
0.62007
0.62007
0.62007
0.62007
0.62007
0.62007
0.62007
0.62007
0.62007
0.62007
0.62007
0.62007
0.62007
0.62007
0.62007
0.62007
0.62007
0.62007
0.62007
0.620071
0.620073
0.620083
0.620124
0.620286
0.620927
0.623399
0.632286
0.658327
0.70557
0.743098
0.752229
0.752548
0.752338
0.751839
0.751549
0.751552
0.751685
0.752069
0.752712
0.753469
0.754133
0.754592
0.754872
0.755055
0.755201
0.75534
0.75549
0.755654
0.755809
0.755916
0.755972
0.755994
0.755892
0.756617
0.62007
0.62007
0.62007
0.62007
0.62007
0.62007
0.62007
0.62007
0.62007
0.62007
0.62007
0.62007
0.62007
0.62007
0.62007
0.62007
0.62007
0.62007
0.62007
0.62007
0.62007
0.62007
0.62007
0.62007
0.62007
0.62007
0.62007
0.62007
0.62007
0.62007
0.62007
0.62007
0.62007
0.62007
0.62007
0.62007
0.62007
0.62007
0.62007
0.62007
0.62007
0.62007
0.62007
0.62007
0.62007
0.620071
0.620073
0.620083
0.620124
0.620286
0.620927
0.623399
0.632286
0.658327
0.70557
0.743098
0.752229
0.752548
0.752338
0.751839
0.751549
0.751552
0.751685
0.752069
0.752712
0.753469
0.754133
0.754592
0.754872
0.755055
0.755201
0.75534
0.75549
0.755654
0.755809
0.755916
0.755972
0.755994
0.755911
0.755956
0.62007
0.62007
0.62007
0.62007
0.62007
0.62007
0.62007
0.62007
0.62007
0.62007
0.62007
0.62007
0.62007
0.62007
0.62007
0.62007
0.62007
0.62007
0.62007
0.62007
0.62007
0.62007
0.62007
0.62007
0.62007
0.62007
0.62007
0.62007
0.62007
0.62007
0.62007
0.62007
0.62007
0.62007
0.62007
0.62007
0.62007
0.62007
0.62007
0.62007
0.62007
0.62007
0.62007
0.62007
0.62007
0.620071
0.620073
0.620083
0.620124
0.620286
0.620927
0.623399
0.632286
0.658327
0.70557
0.743098
0.752229
0.752548
0.752338
0.751839
0.751549
0.751552
0.751685
0.752069
0.752712
0.753469
0.754133
0.754592
0.754872
0.755055
0.755201
0.75534
0.755489
0.755654
0.755809
0.755917
0.755971
0.755994
0.755939
0.755837
0.62007
0.62007
0.62007
0.62007
0.62007
0.62007
0.62007
0.62007
0.62007
0.62007
0.62007
0.62007
0.62007
0.62007
0.62007
0.62007
0.62007
0.62007
0.62007
0.62007
0.62007
0.62007
0.62007
0.62007
0.62007
0.62007
0.62007
0.62007
0.62007
0.62007
0.62007
0.62007
0.62007
0.62007
0.62007
0.62007
0.62007
0.62007
0.62007
0.62007
0.62007
0.62007
0.62007
0.62007
0.62007
0.620071
0.620073
0.620083
0.620124
0.620286
0.620927
0.623399
0.632286
0.658327
0.70557
0.743098
0.752229
0.752548
0.752338
0.751839
0.751549
0.751552
0.751685
0.752069
0.752712
0.753469
0.754133
0.754592
0.754872
0.755055
0.755201
0.75534
0.755489
0.755655
0.755809
0.755917
0.755971
0.755994
0.755949
0.755818
0.62007
0.62007
0.62007
0.62007
0.62007
0.62007
0.62007
0.62007
0.62007
0.62007
0.62007
0.62007
0.62007
0.62007
0.62007
0.62007
0.62007
0.62007
0.62007
0.62007
0.62007
0.62007
0.62007
0.62007
0.62007
0.62007
0.62007
0.62007
0.62007
0.62007
0.62007
0.62007
0.62007
0.62007
0.62007
0.62007
0.62007
0.62007
0.62007
0.62007
0.62007
0.62007
0.62007
0.62007
0.62007
0.620071
0.620073
0.620083
0.620124
0.620286
0.620927
0.623399
0.632286
0.658327
0.70557
0.743098
0.752229
0.752548
0.752338
0.751839
0.751549
0.751552
0.751685
0.752069
0.752712
0.753469
0.754133
0.754592
0.754872
0.755055
0.755201
0.75534
0.755489
0.755655
0.755809
0.755917
0.755971
0.755993
0.755955
0.755818
0.62007
0.62007
0.62007
0.62007
0.62007
0.62007
0.62007
0.62007
0.62007
0.62007
0.62007
0.62007
0.62007
0.62007
0.62007
0.62007
0.62007
0.62007
0.62007
0.62007
0.62007
0.62007
0.62007
0.62007
0.62007
0.62007
0.62007
0.62007
0.62007
0.62007
0.62007
0.62007
0.62007
0.62007
0.62007
0.62007
0.62007
0.62007
0.62007
0.62007
0.62007
0.62007
0.62007
0.62007
0.62007
0.620071
0.620073
0.620083
0.620124
0.620286
0.620927
0.623399
0.632286
0.658327
0.70557
0.743098
0.752229
0.752548
0.752338
0.751839
0.751549
0.751552
0.751685
0.752069
0.752712
0.753469
0.754133
0.754592
0.754872
0.755055
0.755201
0.75534
0.755489
0.755655
0.755809
0.755917
0.755971
0.755992
0.755955
0.755822
0.62007
0.62007
0.62007
0.62007
0.62007
0.62007
0.62007
0.62007
0.62007
0.62007
0.62007
0.62007
0.62007
0.62007
0.62007
0.62007
0.62007
0.62007
0.62007
0.62007
0.62007
0.62007
0.62007
0.62007
0.62007
0.62007
0.62007
0.62007
0.62007
0.62007
0.62007
0.62007
0.62007
0.62007
0.62007
0.62007
0.62007
0.62007
0.62007
0.62007
0.62007
0.62007
0.62007
0.62007
0.62007
0.620071
0.620073
0.620083
0.620124
0.620286
0.620927
0.623399
0.632286
0.658327
0.70557
0.743098
0.752229
0.752548
0.752338
0.751839
0.751549
0.751552
0.751685
0.752069
0.752712
0.753469
0.754133
0.754592
0.754872
0.755055
0.755201
0.75534
0.755489
0.755655
0.755809
0.755917
0.755972
0.755992
0.755953
0.755825
0.62007
0.62007
0.62007
0.62007
0.62007
0.62007
0.62007
0.62007
0.62007
0.62007
0.62007
0.62007
0.62007
0.62007
0.62007
0.62007
0.62007
0.62007
0.62007
0.62007
0.62007
0.62007
0.62007
0.62007
0.62007
0.62007
0.62007
0.62007
0.62007
0.62007
0.62007
0.62007
0.62007
0.62007
0.62007
0.62007
0.62007
0.62007
0.62007
0.62007
0.62007
0.62007
0.62007
0.62007
0.62007
0.620071
0.620073
0.620083
0.620124
0.620286
0.620927
0.623399
0.632286
0.658327
0.70557
0.743098
0.752229
0.752548
0.752338
0.751839
0.751549
0.751552
0.751685
0.752069
0.752712
0.753469
0.754133
0.754592
0.754872
0.755055
0.755201
0.75534
0.755489
0.755654
0.755809
0.755917
0.755972
0.755992
0.755952
0.755824
0.62007
0.62007
0.62007
0.62007
0.62007
0.62007
0.62007
0.62007
0.62007
0.62007
0.62007
0.62007
0.62007
0.62007
0.62007
0.62007
0.62007
0.62007
0.62007
0.62007
0.62007
0.62007
0.62007
0.62007
0.62007
0.62007
0.62007
0.62007
0.62007
0.62007
0.62007
0.62007
0.62007
0.62007
0.62007
0.62007
0.62007
0.62007
0.62007
0.62007
0.62007
0.62007
0.62007
0.62007
0.62007
0.620071
0.620073
0.620083
0.620124
0.620286
0.620927
0.623399
0.632286
0.658327
0.70557
0.743098
0.752229
0.752548
0.752338
0.751839
0.751549
0.751552
0.751685
0.752069
0.752712
0.753469
0.754133
0.754592
0.754872
0.755055
0.755201
0.75534
0.75549
0.755654
0.755809
0.755917
0.755972
0.755992
0.755953
0.755822
0.62007
0.62007
0.62007
0.62007
0.62007
0.62007
0.62007
0.62007
0.62007
0.62007
0.62007
0.62007
0.62007
0.62007
0.62007
0.62007
0.62007
0.62007
0.62007
0.62007
0.62007
0.62007
0.62007
0.62007
0.62007
0.62007
0.62007
0.62007
0.62007
0.62007
0.62007
0.62007
0.62007
0.62007
0.62007
0.62007
0.62007
0.62007
0.62007
0.62007
0.62007
0.62007
0.62007
0.62007
0.62007
0.620071
0.620073
0.620083
0.620124
0.620286
0.620927
0.623399
0.632286
0.658327
0.70557
0.743098
0.752229
0.752548
0.752338
0.751839
0.751549
0.751552
0.751685
0.752069
0.752712
0.753469
0.754133
0.754592
0.754872
0.755055
0.755201
0.75534
0.75549
0.755654
0.755809
0.755917
0.755972
0.755992
0.755953
0.755822
0.62007
0.62007
0.62007
0.62007
0.62007
0.62007
0.62007
0.62007
0.62007
0.62007
0.62007
0.62007
0.62007
0.62007
0.62007
0.62007
0.62007
0.62007
0.62007
0.62007
0.62007
0.62007
0.62007
0.62007
0.62007
0.62007
0.62007
0.62007
0.62007
0.62007
0.62007
0.62007
0.62007
0.62007
0.62007
0.62007
0.62007
0.62007
0.62007
0.62007
0.62007
0.62007
0.62007
0.62007
0.62007
0.620071
0.620073
0.620083
0.620124
0.620286
0.620927
0.623399
0.632286
0.658327
0.70557
0.743098
0.752229
0.752548
0.752338
0.751839
0.751549
0.751552
0.751685
0.752069
0.752712
0.753469
0.754133
0.754592
0.754872
0.755055
0.755201
0.75534
0.75549
0.755654
0.755809
0.755917
0.755972
0.755992
0.755953
0.755822
0.62007
0.62007
0.62007
0.62007
0.62007
0.62007
0.62007
0.62007
0.62007
0.62007
0.62007
0.62007
0.62007
0.62007
0.62007
0.62007
0.62007
0.62007
0.62007
0.62007
0.62007
0.62007
0.62007
0.62007
0.62007
0.62007
0.62007
0.62007
0.62007
0.62007
0.62007
0.62007
0.62007
0.62007
0.62007
0.62007
0.62007
0.62007
0.62007
0.62007
0.62007
0.62007
0.62007
0.62007
0.62007
0.620071
0.620073
0.620083
0.620124
0.620286
0.620927
0.623399
0.632286
0.658327
0.70557
0.743098
0.752229
0.752548
0.752338
0.751839
0.751549
0.751552
0.751685
0.752069
0.752712
0.753469
0.754133
0.754592
0.754872
0.755055
0.755201
0.75534
0.755489
0.755654
0.755809
0.755917
0.755972
0.755992
0.755953
0.755822
0.62007
0.62007
0.62007
0.62007
0.62007
0.62007
0.62007
0.62007
0.62007
0.62007
0.62007
0.62007
0.62007
0.62007
0.62007
0.62007
0.62007
0.62007
0.62007
0.62007
0.62007
0.62007
0.62007
0.62007
0.62007
0.62007
0.62007
0.62007
0.62007
0.62007
0.62007
0.62007
0.62007
0.62007
0.62007
0.62007
0.62007
0.62007
0.62007
0.62007
0.62007
0.62007
0.62007
0.62007
0.62007
0.620071
0.620073
0.620083
0.620124
0.620286
0.620927
0.623399
0.632286
0.658327
0.70557
0.743098
0.752229
0.752548
0.752338
0.751839
0.751549
0.751552
0.751685
0.752069
0.752712
0.753469
0.754133
0.754592
0.754872
0.755055
0.755201
0.75534
0.755489
0.755654
0.755809
0.755917
0.755972
0.755992
0.755953
0.755822
0.62007
0.62007
0.62007
0.62007
0.62007
0.62007
0.62007
0.62007
0.62007
0.62007
0.62007
0.62007
0.62007
0.62007
0.62007
0.62007
0.62007
0.62007
0.62007
0.62007
0.62007
0.62007
0.62007
0.62007
0.62007
0.62007
0.62007
0.62007
0.62007
0.62007
0.62007
0.62007
0.62007
0.62007
0.62007
0.62007
0.62007
0.62007
0.62007
0.62007
0.62007
0.62007
0.62007
0.62007
0.62007
0.620071
0.620073
0.620083
0.620124
0.620286
0.620927
0.623399
0.632286
0.658327
0.70557
0.743098
0.752229
0.752548
0.752338
0.751839
0.751549
0.751552
0.751685
0.752069
0.752712
0.753469
0.754133
0.754592
0.754872
0.755055
0.755201
0.75534
0.75549
0.755654
0.755809
0.755917
0.755972
0.755992
0.755953
0.755822
0.62007
0.62007
0.62007
0.62007
0.62007
0.62007
0.62007
0.62007
0.62007
0.62007
0.62007
0.62007
0.62007
0.62007
0.62007
0.62007
0.62007
0.62007
0.62007
0.62007
0.62007
0.62007
0.62007
0.62007
0.62007
0.62007
0.62007
0.62007
0.62007
0.62007
0.62007
0.62007
0.62007
0.62007
0.62007
0.62007
0.62007
0.62007
0.62007
0.62007
0.62007
0.62007
0.62007
0.62007
0.62007
0.620071
0.620073
0.620083
0.620124
0.620286
0.620927
0.623399
0.632286
0.658327
0.70557
0.743098
0.752229
0.752548
0.752338
0.751839
0.751549
0.751552
0.751685
0.752069
0.752712
0.753469
0.754133
0.754592
0.754872
0.755055
0.755201
0.75534
0.75549
0.755654
0.755809
0.755917
0.755972
0.755992
0.755953
0.755822
0.62007
0.62007
0.62007
0.62007
0.62007
0.62007
0.62007
0.62007
0.62007
0.62007
0.62007
0.62007
0.62007
0.62007
0.62007
0.62007
0.62007
0.62007
0.62007
0.62007
0.62007
0.62007
0.62007
0.62007
0.62007
0.62007
0.62007
0.62007
0.62007
0.62007
0.62007
0.62007
0.62007
0.62007
0.62007
0.62007
0.62007
0.62007
0.62007
0.62007
0.62007
0.62007
0.62007
0.62007
0.62007
0.620071
0.620073
0.620083
0.620124
0.620286
0.620927
0.623399
0.632286
0.658327
0.70557
0.743098
0.752229
0.752548
0.752338
0.751839
0.751549
0.751552
0.751685
0.752069
0.752712
0.753469
0.754133
0.754592
0.754872
0.755055
0.755201
0.75534
0.75549
0.755654
0.755809
0.755917
0.755972
0.755992
0.755953
0.755822
0.62007
0.62007
0.62007
0.62007
0.62007
0.62007
0.62007
0.62007
0.62007
0.62007
0.62007
0.62007
0.62007
0.62007
0.62007
0.62007
0.62007
0.62007
0.62007
0.62007
0.62007
0.62007
0.62007
0.62007
0.62007
0.62007
0.62007
0.62007
0.62007
0.62007
0.62007
0.62007
0.62007
0.62007
0.62007
0.62007
0.62007
0.62007
0.62007
0.62007
0.62007
0.62007
0.62007
0.62007
0.62007
0.620071
0.620073
0.620083
0.620124
0.620286
0.620927
0.623399
0.632286
0.658327
0.70557
0.743098
0.752229
0.752548
0.752338
0.751839
0.751549
0.751552
0.751685
0.752069
0.752712
0.753469
0.754133
0.754592
0.754872
0.755055
0.755201
0.75534
0.75549
0.755654
0.755809
0.755917
0.755972
0.755992
0.755953
0.755822
0.62007
0.62007
0.62007
0.62007
0.62007
0.62007
0.62007
0.62007
0.62007
0.62007
0.62007
0.62007
0.62007
0.62007
0.62007
0.62007
0.62007
0.62007
0.62007
0.62007
0.62007
0.62007
0.62007
0.62007
0.62007
0.62007
0.62007
0.62007
0.62007
0.62007
0.62007
0.62007
0.62007
0.62007
0.62007
0.62007
0.62007
0.62007
0.62007
0.62007
0.62007
0.62007
0.62007
0.62007
0.62007
0.620071
0.620073
0.620083
0.620124
0.620286
0.620927
0.623399
0.632286
0.658327
0.70557
0.743098
0.752229
0.752548
0.752338
0.751839
0.751549
0.751552
0.751685
0.752069
0.752712
0.753469
0.754133
0.754592
0.754872
0.755055
0.755201
0.75534
0.75549
0.755654
0.755809
0.755917
0.755972
0.755992
0.755953
0.755822
0.62007
0.62007
0.62007
0.62007
0.62007
0.62007
0.62007
0.62007
0.62007
0.62007
0.62007
0.62007
0.62007
0.62007
0.62007
0.62007
0.62007
0.62007
0.62007
0.62007
0.62007
0.62007
0.62007
0.62007
0.62007
0.62007
0.62007
0.62007
0.62007
0.62007
0.62007
0.62007
0.62007
0.62007
0.62007
0.62007
0.62007
0.62007
0.62007
0.62007
0.62007
0.62007
0.62007
0.62007
0.62007
0.620071
0.620073
0.620083
0.620124
0.620286
0.620927
0.623399
0.632286
0.658327
0.70557
0.743098
0.752229
0.752548
0.752338
0.751839
0.751549
0.751552
0.751685
0.752069
0.752712
0.753469
0.754133
0.754592
0.754872
0.755055
0.755201
0.75534
0.75549
0.755654
0.755809
0.755917
0.755972
0.755992
0.755953
0.755822
0.62007
0.62007
0.62007
0.62007
0.62007
0.62007
0.62007
0.62007
0.62007
0.62007
0.62007
0.62007
0.62007
0.62007
0.62007
0.62007
0.62007
0.62007
0.62007
0.62007
0.62007
0.62007
0.62007
0.62007
0.62007
0.62007
0.62007
0.62007
0.62007
0.62007
0.62007
0.62007
0.62007
0.62007
0.62007
0.62007
0.62007
0.62007
0.62007
0.62007
0.62007
0.62007
0.62007
0.62007
0.62007
0.620071
0.620073
0.620083
0.620124
0.620286
0.620927
0.623399
0.632286
0.658327
0.70557
0.743098
0.752229
0.752548
0.752338
0.751839
0.751549
0.751552
0.751685
0.752069
0.752712
0.753469
0.754133
0.754592
0.754872
0.755055
0.755201
0.75534
0.75549
0.755654
0.755809
0.755917
0.755972
0.755992
0.755953
0.755822
0.62007
0.62007
0.62007
0.62007
0.62007
0.62007
0.62007
0.62007
0.62007
0.62007
0.62007
0.62007
0.62007
0.62007
0.62007
0.62007
0.62007
0.62007
0.62007
0.62007
0.62007
0.62007
0.62007
0.62007
0.62007
0.62007
0.62007
0.62007
0.62007
0.62007
0.62007
0.62007
0.62007
0.62007
0.62007
0.62007
0.62007
0.62007
0.62007
0.62007
0.62007
0.62007
0.62007
0.62007
0.62007
0.620071
0.620073
0.620083
0.620124
0.620286
0.620927
0.623399
0.632286
0.658327
0.70557
0.743098
0.752229
0.752548
0.752338
0.751839
0.751549
0.751552
0.751685
0.752069
0.752712
0.753469
0.754133
0.754592
0.754872
0.755055
0.755201
0.75534
0.75549
0.755654
0.755809
0.755917
0.755972
0.755992
0.755953
0.755822
0.62007
0.62007
0.62007
0.62007
0.62007
0.62007
0.62007
0.62007
0.62007
0.62007
0.62007
0.62007
0.62007
0.62007
0.62007
0.62007
0.62007
0.62007
0.62007
0.62007
0.62007
0.62007
0.62007
0.62007
0.62007
0.62007
0.62007
0.62007
0.62007
0.62007
0.62007
0.62007
0.62007
0.62007
0.62007
0.62007
0.62007
0.62007
0.62007
0.62007
0.62007
0.62007
0.62007
0.62007
0.62007
0.620071
0.620073
0.620083
0.620124
0.620286
0.620927
0.623399
0.632286
0.658327
0.70557
0.743098
0.752229
0.752548
0.752338
0.751839
0.751549
0.751552
0.751685
0.752069
0.752712
0.753469
0.754133
0.754592
0.754872
0.755055
0.755201
0.75534
0.75549
0.755654
0.755809
0.755917
0.755972
0.755992
0.755953
0.755822
0.62007
0.62007
0.62007
0.62007
0.62007
0.62007
0.62007
0.62007
0.62007
0.62007
0.62007
0.62007
0.62007
0.62007
0.62007
0.62007
0.62007
0.62007
0.62007
0.62007
0.62007
0.62007
0.62007
0.62007
0.62007
0.62007
0.62007
0.62007
0.62007
0.62007
0.62007
0.62007
0.62007
0.62007
0.62007
0.62007
0.62007
0.62007
0.62007
0.62007
0.62007
0.62007
0.62007
0.62007
0.62007
0.620071
0.620073
0.620083
0.620124
0.620286
0.620927
0.623399
0.632286
0.658327
0.70557
0.743098
0.752229
0.752548
0.752338
0.751839
0.751549
0.751552
0.751685
0.752069
0.752712
0.753469
0.754133
0.754592
0.754872
0.755055
0.755201
0.75534
0.75549
0.755654
0.755809
0.755917
0.755972
0.755992
0.755953
0.755822
0.62007
0.62007
0.62007
0.62007
0.62007
0.62007
0.62007
0.62007
0.62007
0.62007
0.62007
0.62007
0.62007
0.62007
0.62007
0.62007
0.62007
0.62007
0.62007
0.62007
0.62007
0.62007
0.62007
0.62007
0.62007
0.62007
0.62007
0.62007
0.62007
0.62007
0.62007
0.62007
0.62007
0.62007
0.62007
0.62007
0.62007
0.62007
0.62007
0.62007
0.62007
0.62007
0.62007
0.62007
0.62007
0.620071
0.620073
0.620083
0.620124
0.620286
0.620927
0.623399
0.632286
0.658327
0.70557
0.743098
0.752229
0.752548
0.752338
0.751839
0.751549
0.751552
0.751685
0.752069
0.752712
0.753469
0.754133
0.754592
0.754872
0.755055
0.755201
0.75534
0.75549
0.755654
0.755809
0.755917
0.755972
0.755992
0.755953
0.755822
0.62007
0.62007
0.62007
0.62007
0.62007
0.62007
0.62007
0.62007
0.62007
0.62007
0.62007
0.62007
0.62007
0.62007
0.62007
0.62007
0.62007
0.62007
0.62007
0.62007
0.62007
0.62007
0.62007
0.62007
0.62007
0.62007
0.62007
0.62007
0.62007
0.62007
0.62007
0.62007
0.62007
0.62007
0.62007
0.62007
0.62007
0.62007
0.62007
0.62007
0.62007
0.62007
0.62007
0.62007
0.62007
0.620071
0.620073
0.620083
0.620124
0.620286
0.620927
0.623399
0.632286
0.658327
0.70557
0.743098
0.752229
0.752548
0.752338
0.751839
0.751549
0.751552
0.751685
0.752069
0.752712
0.753469
0.754133
0.754592
0.754872
0.755055
0.755201
0.75534
0.75549
0.755654
0.755809
0.755917
0.755972
0.755992
0.755953
0.755822
0.62007
0.62007
0.62007
0.62007
0.62007
0.62007
0.62007
0.62007
0.62007
0.62007
0.62007
0.62007
0.62007
0.62007
0.62007
0.62007
0.62007
0.62007
0.62007
0.62007
0.62007
0.62007
0.62007
0.62007
0.62007
0.62007
0.62007
0.62007
0.62007
0.62007
0.62007
0.62007
0.62007
0.62007
0.62007
0.62007
0.62007
0.62007
0.62007
0.62007
0.62007
0.62007
0.62007
0.62007
0.62007
0.620071
0.620073
0.620083
0.620124
0.620286
0.620927
0.623399
0.632286
0.658327
0.70557
0.743098
0.752229
0.752548
0.752338
0.751839
0.751549
0.751552
0.751685
0.752069
0.752712
0.753469
0.754133
0.754592
0.754872
0.755055
0.755201
0.75534
0.75549
0.755654
0.755809
0.755917
0.755972
0.755992
0.755953
0.755822
0.62007
0.62007
0.62007
0.62007
0.62007
0.62007
0.62007
0.62007
0.62007
0.62007
0.62007
0.62007
0.62007
0.62007
0.62007
0.62007
0.62007
0.62007
0.62007
0.62007
0.62007
0.62007
0.62007
0.62007
0.62007
0.62007
0.62007
0.62007
0.62007
0.62007
0.62007
0.62007
0.62007
0.62007
0.62007
0.62007
0.62007
0.62007
0.62007
0.62007
0.62007
0.62007
0.62007
0.62007
0.62007
0.620071
0.620073
0.620083
0.620124
0.620286
0.620927
0.623399
0.632286
0.658327
0.70557
0.743098
0.752229
0.752548
0.752338
0.751839
0.751549
0.751552
0.751685
0.752069
0.752712
0.753469
0.754133
0.754592
0.754872
0.755055
0.755201
0.75534
0.75549
0.755654
0.755809
0.755917
0.755972
0.755992
0.755953
0.755822
0.62007
0.62007
0.62007
0.62007
0.62007
0.62007
0.62007
0.62007
0.62007
0.62007
0.62007
0.62007
0.62007
0.62007
0.62007
0.62007
0.62007
0.62007
0.62007
0.62007
0.62007
0.62007
0.62007
0.62007
0.62007
0.62007
0.62007
0.62007
0.62007
0.62007
0.62007
0.62007
0.62007
0.62007
0.62007
0.62007
0.62007
0.62007
0.62007
0.62007
0.62007
0.62007
0.62007
0.62007
0.62007
0.620071
0.620073
0.620083
0.620124
0.620286
0.620927
0.623399
0.632286
0.658327
0.70557
0.743098
0.752229
0.752548
0.752338
0.751839
0.751549
0.751552
0.751685
0.752069
0.752712
0.753469
0.754133
0.754592
0.754872
0.755055
0.755201
0.75534
0.75549
0.755654
0.755809
0.755917
0.755972
0.755992
0.755953
0.755822
0.62007
0.62007
0.62007
0.62007
0.62007
0.62007
0.62007
0.62007
0.62007
0.62007
0.62007
0.62007
0.62007
0.62007
0.62007
0.62007
0.62007
0.62007
0.62007
0.62007
0.62007
0.62007
0.62007
0.62007
0.62007
0.62007
0.62007
0.62007
0.62007
0.62007
0.62007
0.62007
0.62007
0.62007
0.62007
0.62007
0.62007
0.62007
0.62007
0.62007
0.62007
0.62007
0.62007
0.62007
0.62007
0.620071
0.620073
0.620083
0.620124
0.620286
0.620927
0.623399
0.632286
0.658327
0.70557
0.743098
0.752229
0.752548
0.752338
0.751839
0.751549
0.751552
0.751685
0.752069
0.752712
0.753469
0.754133
0.754592
0.754872
0.755055
0.755201
0.75534
0.75549
0.755654
0.755809
0.755917
0.755972
0.755992
0.755953
0.755822
0.62007
0.62007
0.62007
0.62007
0.62007
0.62007
0.62007
0.62007
0.62007
0.62007
0.62007
0.62007
0.62007
0.62007
0.62007
0.62007
0.62007
0.62007
0.62007
0.62007
0.62007
0.62007
0.62007
0.62007
0.62007
0.62007
0.62007
0.62007
0.62007
0.62007
0.62007
0.62007
0.62007
0.62007
0.62007
0.62007
0.62007
0.62007
0.62007
0.62007
0.62007
0.62007
0.62007
0.62007
0.62007
0.620071
0.620073
0.620083
0.620124
0.620286
0.620927
0.623399
0.632286
0.658327
0.70557
0.743098
0.752229
0.752548
0.752338
0.751839
0.751549
0.751552
0.751685
0.752069
0.752712
0.753469
0.754133
0.754592
0.754872
0.755055
0.755201
0.75534
0.75549
0.755654
0.755809
0.755917
0.755972
0.755992
0.755953
0.755822
0.62007
0.62007
0.62007
0.62007
0.62007
0.62007
0.62007
0.62007
0.62007
0.62007
0.62007
0.62007
0.62007
0.62007
0.62007
0.62007
0.62007
0.62007
0.62007
0.62007
0.62007
0.62007
0.62007
0.62007
0.62007
0.62007
0.62007
0.62007
0.62007
0.62007
0.62007
0.62007
0.62007
0.62007
0.62007
0.62007
0.62007
0.62007
0.62007
0.62007
0.62007
0.62007
0.62007
0.62007
0.62007
0.620071
0.620073
0.620083
0.620124
0.620286
0.620927
0.623399
0.632286
0.658327
0.70557
0.743098
0.752229
0.752548
0.752338
0.751839
0.751549
0.751552
0.751685
0.752069
0.752712
0.753469
0.754133
0.754592
0.754872
0.755055
0.755201
0.75534
0.75549
0.755654
0.755809
0.755917
0.755972
0.755992
0.755953
0.755822
0.62007
0.62007
0.62007
0.62007
0.62007
0.62007
0.62007
0.62007
0.62007
0.62007
0.62007
0.62007
0.62007
0.62007
0.62007
0.62007
0.62007
0.62007
0.62007
0.62007
0.62007
0.62007
0.62007
0.62007
0.62007
0.62007
0.62007
0.62007
0.62007
0.62007
0.62007
0.62007
0.62007
0.62007
0.62007
0.62007
0.62007
0.62007
0.62007
0.62007
0.62007
0.62007
0.62007
0.62007
0.62007
0.620071
0.620073
0.620083
0.620124
0.620286
0.620927
0.623399
0.632286
0.658327
0.70557
0.743098
0.752229
0.752548
0.752338
0.751839
0.751549
0.751552
0.751685
0.752069
0.752712
0.753469
0.754133
0.754592
0.754872
0.755055
0.755201
0.75534
0.75549
0.755654
0.755809
0.755917
0.755972
0.755992
0.755953
0.755822
0.62007
0.62007
0.62007
0.62007
0.62007
0.62007
0.62007
0.62007
0.62007
0.62007
0.62007
0.62007
0.62007
0.62007
0.62007
0.62007
0.62007
0.62007
0.62007
0.62007
0.62007
0.62007
0.62007
0.62007
0.62007
0.62007
0.62007
0.62007
0.62007
0.62007
0.62007
0.62007
0.62007
0.62007
0.62007
0.62007
0.62007
0.62007
0.62007
0.62007
0.62007
0.62007
0.62007
0.62007
0.62007
0.620071
0.620073
0.620083
0.620124
0.620286
0.620927
0.623399
0.632286
0.658327
0.70557
0.743098
0.752229
0.752548
0.752338
0.751839
0.751549
0.751552
0.751685
0.752069
0.752712
0.753469
0.754133
0.754592
0.754872
0.755055
0.755201
0.75534
0.75549
0.755654
0.755809
0.755917
0.755972
0.755992
0.755953
0.755822
0.62007
0.62007
0.62007
0.62007
0.62007
0.62007
0.62007
0.62007
0.62007
0.62007
0.62007
0.62007
0.62007
0.62007
0.62007
0.62007
0.62007
0.62007
0.62007
0.62007
0.62007
0.62007
0.62007
0.62007
0.62007
0.62007
0.62007
0.62007
0.62007
0.62007
0.62007
0.62007
0.62007
0.62007
0.62007
0.62007
0.62007
0.62007
0.62007
0.62007
0.62007
0.62007
0.62007
0.62007
0.62007
0.620071
0.620073
0.620083
0.620124
0.620286
0.620927
0.623399
0.632286
0.658327
0.70557
0.743098
0.752229
0.752548
0.752338
0.751839
0.751549
0.751552
0.751685
0.752069
0.752712
0.753469
0.754133
0.754592
0.754872
0.755055
0.755201
0.75534
0.75549
0.755654
0.755809
0.755917
0.755972
0.755992
0.755953
0.755822
0.62007
0.62007
0.62007
0.62007
0.62007
0.62007
0.62007
0.62007
0.62007
0.62007
0.62007
0.62007
0.62007
0.62007
0.62007
0.62007
0.62007
0.62007
0.62007
0.62007
0.62007
0.62007
0.62007
0.62007
0.62007
0.62007
0.62007
0.62007
0.62007
0.62007
0.62007
0.62007
0.62007
0.62007
0.62007
0.62007
0.62007
0.62007
0.62007
0.62007
0.62007
0.62007
0.62007
0.62007
0.62007
0.620071
0.620073
0.620083
0.620124
0.620286
0.620927
0.623399
0.632286
0.658327
0.70557
0.743098
0.752229
0.752548
0.752338
0.751839
0.751549
0.751552
0.751685
0.752069
0.752712
0.753469
0.754133
0.754592
0.754872
0.755055
0.755201
0.75534
0.75549
0.755654
0.755809
0.755917
0.755972
0.755992
0.755953
0.755822
0.62007
0.62007
0.62007
0.62007
0.62007
0.62007
0.62007
0.62007
0.62007
0.62007
0.62007
0.62007
0.62007
0.62007
0.62007
0.62007
0.62007
0.62007
0.62007
0.62007
0.62007
0.62007
0.62007
0.62007
0.62007
0.62007
0.62007
0.62007
0.62007
0.62007
0.62007
0.62007
0.62007
0.62007
0.62007
0.62007
0.62007
0.62007
0.62007
0.62007
0.62007
0.62007
0.62007
0.62007
0.62007
0.620071
0.620073
0.620083
0.620124
0.620286
0.620927
0.623399
0.632286
0.658327
0.70557
0.743098
0.752229
0.752548
0.752338
0.751839
0.751549
0.751552
0.751685
0.752069
0.752712
0.753469
0.754133
0.754592
0.754872
0.755055
0.755201
0.75534
0.75549
0.755654
0.755809
0.755917
0.755972
0.755992
0.755953
0.755822
0.62007
0.62007
0.62007
0.62007
0.62007
0.62007
0.62007
0.62007
0.62007
0.62007
0.62007
0.62007
0.62007
0.62007
0.62007
0.62007
0.62007
0.62007
0.62007
0.62007
0.62007
0.62007
0.62007
0.62007
0.62007
0.62007
0.62007
0.62007
0.62007
0.62007
0.62007
0.62007
0.62007
0.62007
0.62007
0.62007
0.62007
0.62007
0.62007
0.62007
0.62007
0.62007
0.62007
0.62007
0.62007
0.620071
0.620073
0.620083
0.620124
0.620286
0.620927
0.623399
0.632286
0.658327
0.70557
0.743098
0.752229
0.752548
0.752338
0.751839
0.751549
0.751552
0.751685
0.752069
0.752712
0.753469
0.754133
0.754592
0.754872
0.755055
0.755201
0.75534
0.75549
0.755654
0.755809
0.755917
0.755972
0.755992
0.755953
0.755822
0.62007
0.62007
0.62007
0.62007
0.62007
0.62007
0.62007
0.62007
0.62007
0.62007
0.62007
0.62007
0.62007
0.62007
0.62007
0.62007
0.62007
0.62007
0.62007
0.62007
0.62007
0.62007
0.62007
0.62007
0.62007
0.62007
0.62007
0.62007
0.62007
0.62007
0.62007
0.62007
0.62007
0.62007
0.62007
0.62007
0.62007
0.62007
0.62007
0.62007
0.62007
0.62007
0.62007
0.62007
0.62007
0.620071
0.620073
0.620083
0.620124
0.620286
0.620927
0.623399
0.632286
0.658327
0.70557
0.743098
0.752229
0.752548
0.752338
0.751839
0.751549
0.751552
0.751685
0.752069
0.752712
0.753469
0.754133
0.754592
0.754872
0.755055
0.755201
0.75534
0.75549
0.755654
0.755809
0.755917
0.755972
0.755992
0.755953
0.755822
0.62007
0.62007
0.62007
0.62007
0.62007
0.62007
0.62007
0.62007
0.62007
0.62007
0.62007
0.62007
0.62007
0.62007
0.62007
0.62007
0.62007
0.62007
0.62007
0.62007
0.62007
0.62007
0.62007
0.62007
0.62007
0.62007
0.62007
0.62007
0.62007
0.62007
0.62007
0.62007
0.62007
0.62007
0.62007
0.62007
0.62007
0.62007
0.62007
0.62007
0.62007
0.62007
0.62007
0.62007
0.62007
0.620071
0.620073
0.620083
0.620124
0.620286
0.620927
0.623399
0.632286
0.658327
0.70557
0.743098
0.752229
0.752548
0.752338
0.751839
0.751549
0.751552
0.751685
0.752069
0.752712
0.753469
0.754133
0.754592
0.754872
0.755055
0.755201
0.75534
0.75549
0.755654
0.755809
0.755917
0.755972
0.755992
0.755953
0.755822
0.62007
0.62007
0.62007
0.62007
0.62007
0.62007
0.62007
0.62007
0.62007
0.62007
0.62007
0.62007
0.62007
0.62007
0.62007
0.62007
0.62007
0.62007
0.62007
0.62007
0.62007
0.62007
0.62007
0.62007
0.62007
0.62007
0.62007
0.62007
0.62007
0.62007
0.62007
0.62007
0.62007
0.62007
0.62007
0.62007
0.62007
0.62007
0.62007
0.62007
0.62007
0.62007
0.62007
0.62007
0.62007
0.620071
0.620073
0.620083
0.620124
0.620286
0.620927
0.623399
0.632286
0.658327
0.70557
0.743098
0.752229
0.752548
0.752338
0.751839
0.751549
0.751552
0.751685
0.752069
0.752712
0.753469
0.754133
0.754592
0.754872
0.755055
0.755201
0.75534
0.75549
0.755654
0.755809
0.755917
0.755972
0.755992
0.755953
0.755822
0.62007
0.62007
0.62007
0.62007
0.62007
0.62007
0.62007
0.62007
0.62007
0.62007
0.62007
0.62007
0.62007
0.62007
0.62007
0.62007
0.62007
0.62007
0.62007
0.62007
0.62007
0.62007
0.62007
0.62007
0.62007
0.62007
0.62007
0.62007
0.62007
0.62007
0.62007
0.62007
0.62007
0.62007
0.62007
0.62007
0.62007
0.62007
0.62007
0.62007
0.62007
0.62007
0.62007
0.62007
0.62007
0.620071
0.620073
0.620083
0.620124
0.620286
0.620927
0.623399
0.632286
0.658327
0.70557
0.743098
0.752229
0.752548
0.752338
0.751839
0.751549
0.751552
0.751685
0.752069
0.752712
0.753469
0.754133
0.754592
0.754872
0.755055
0.755201
0.75534
0.75549
0.755654
0.755809
0.755917
0.755972
0.755992
0.755953
0.755822
0.62007
0.62007
0.62007
0.62007
0.62007
0.62007
0.62007
0.62007
0.62007
0.62007
0.62007
0.62007
0.62007
0.62007
0.62007
0.62007
0.62007
0.62007
0.62007
0.62007
0.62007
0.62007
0.62007
0.62007
0.62007
0.62007
0.62007
0.62007
0.62007
0.62007
0.62007
0.62007
0.62007
0.62007
0.62007
0.62007
0.62007
0.62007
0.62007
0.62007
0.62007
0.62007
0.62007
0.62007
0.62007
0.620071
0.620073
0.620083
0.620124
0.620286
0.620927
0.623399
0.632286
0.658327
0.70557
0.743098
0.752229
0.752548
0.752338
0.751839
0.751549
0.751552
0.751685
0.752069
0.752712
0.753469
0.754133
0.754592
0.754872
0.755055
0.755201
0.75534
0.75549
0.755654
0.755809
0.755917
0.755972
0.755992
0.755953
0.755822
0.62007
0.62007
0.62007
0.62007
0.62007
0.62007
0.62007
0.62007
0.62007
0.62007
0.62007
0.62007
0.62007
0.62007
0.62007
0.62007
0.62007
0.62007
0.62007
0.62007
0.62007
0.62007
0.62007
0.62007
0.62007
0.62007
0.62007
0.62007
0.62007
0.62007
0.62007
0.62007
0.62007
0.62007
0.62007
0.62007
0.62007
0.62007
0.62007
0.62007
0.62007
0.62007
0.62007
0.62007
0.62007
0.620071
0.620073
0.620083
0.620124
0.620286
0.620927
0.623399
0.632286
0.658327
0.70557
0.743098
0.752229
0.752548
0.752338
0.751839
0.751549
0.751552
0.751685
0.752069
0.752712
0.753469
0.754133
0.754592
0.754872
0.755055
0.755201
0.75534
0.75549
0.755654
0.755809
0.755917
0.755972
0.755992
0.755953
0.755822
0.62007
0.62007
0.62007
0.62007
0.62007
0.62007
0.62007
0.62007
0.62007
0.62007
0.62007
0.62007
0.62007
0.62007
0.62007
0.62007
0.62007
0.62007
0.62007
0.62007
0.62007
0.62007
0.62007
0.62007
0.62007
0.62007
0.62007
0.62007
0.62007
0.62007
0.62007
0.62007
0.62007
0.62007
0.62007
0.62007
0.62007
0.62007
0.62007
0.62007
0.62007
0.62007
0.62007
0.62007
0.62007
0.620071
0.620073
0.620083
0.620124
0.620286
0.620927
0.623399
0.632286
0.658327
0.70557
0.743098
0.752229
0.752548
0.752338
0.751839
0.751549
0.751552
0.751685
0.752069
0.752712
0.753469
0.754133
0.754592
0.754872
0.755055
0.755201
0.75534
0.75549
0.755654
0.755809
0.755917
0.755972
0.755992
0.755953
0.755822
0.62007
0.62007
0.62007
0.62007
0.62007
0.62007
0.62007
0.62007
0.62007
0.62007
0.62007
0.62007
0.62007
0.62007
0.62007
0.62007
0.62007
0.62007
0.62007
0.62007
0.62007
0.62007
0.62007
0.62007
0.62007
0.62007
0.62007
0.62007
0.62007
0.62007
0.62007
0.62007
0.62007
0.62007
0.62007
0.62007
0.62007
0.62007
0.62007
0.62007
0.62007
0.62007
0.62007
0.62007
0.62007
0.620071
0.620073
0.620083
0.620124
0.620286
0.620927
0.623399
0.632286
0.658327
0.70557
0.743098
0.752229
0.752548
0.752338
0.751839
0.751549
0.751552
0.751685
0.752069
0.752712
0.753469
0.754133
0.754592
0.754872
0.755055
0.755201
0.75534
0.75549
0.755654
0.755809
0.755917
0.755972
0.755992
0.755953
0.755822
0.62007
0.62007
0.62007
0.62007
0.62007
0.62007
0.62007
0.62007
0.62007
0.62007
0.62007
0.62007
0.62007
0.62007
0.62007
0.62007
0.62007
0.62007
0.62007
0.62007
0.62007
0.62007
0.62007
0.62007
0.62007
0.62007
0.62007
0.62007
0.62007
0.62007
0.62007
0.62007
0.62007
0.62007
0.62007
0.62007
0.62007
0.62007
0.62007
0.62007
0.62007
0.62007
0.62007
0.62007
0.62007
0.620071
0.620073
0.620083
0.620124
0.620286
0.620927
0.623399
0.632286
0.658327
0.70557
0.743098
0.752229
0.752548
0.752338
0.751839
0.751549
0.751552
0.751685
0.752069
0.752712
0.753469
0.754133
0.754592
0.754872
0.755055
0.755201
0.75534
0.75549
0.755654
0.755809
0.755917
0.755972
0.755992
0.755953
0.755822
0.62007
0.62007
0.62007
0.62007
0.62007
0.62007
0.62007
0.62007
0.62007
0.62007
0.62007
0.62007
0.62007
0.62007
0.62007
0.62007
0.62007
0.62007
0.62007
0.62007
0.62007
0.62007
0.62007
0.62007
0.62007
0.62007
0.62007
0.62007
0.62007
0.62007
0.62007
0.62007
0.62007
0.62007
0.62007
0.62007
0.62007
0.62007
0.62007
0.62007
0.62007
0.62007
0.62007
0.62007
0.62007
0.620071
0.620073
0.620083
0.620124
0.620286
0.620927
0.623399
0.632286
0.658327
0.70557
0.743098
0.752229
0.752548
0.752338
0.751839
0.751549
0.751552
0.751685
0.752069
0.752712
0.753469
0.754133
0.754592
0.754872
0.755055
0.755201
0.75534
0.75549
0.755654
0.755809
0.755917
0.755972
0.755992
0.755953
0.755822
0.62007
0.62007
0.62007
0.62007
0.62007
0.62007
0.62007
0.62007
0.62007
0.62007
0.62007
0.62007
0.62007
0.62007
0.62007
0.62007
0.62007
0.62007
0.62007
0.62007
0.62007
0.62007
0.62007
0.62007
0.62007
0.62007
0.62007
0.62007
0.62007
0.62007
0.62007
0.62007
0.62007
0.62007
0.62007
0.62007
0.62007
0.62007
0.62007
0.62007
0.62007
0.62007
0.62007
0.62007
0.62007
0.620071
0.620073
0.620083
0.620124
0.620286
0.620927
0.623399
0.632286
0.658327
0.70557
0.743098
0.752229
0.752548
0.752338
0.751839
0.751549
0.751552
0.751685
0.752069
0.752712
0.753469
0.754133
0.754592
0.754872
0.755055
0.755201
0.75534
0.75549
0.755654
0.755809
0.755917
0.755972
0.755992
0.755953
0.755822
0.62007
0.62007
0.62007
0.62007
0.62007
0.62007
0.62007
0.62007
0.62007
0.62007
0.62007
0.62007
0.62007
0.62007
0.62007
0.62007
0.62007
0.62007
0.62007
0.62007
0.62007
0.62007
0.62007
0.62007
0.62007
0.62007
0.62007
0.62007
0.62007
0.62007
0.62007
0.62007
0.62007
0.62007
0.62007
0.62007
0.62007
0.62007
0.62007
0.62007
0.62007
0.62007
0.62007
0.62007
0.62007
0.620071
0.620073
0.620083
0.620124
0.620286
0.620927
0.623399
0.632286
0.658327
0.70557
0.743098
0.752229
0.752548
0.752338
0.751839
0.751549
0.751552
0.751685
0.752069
0.752712
0.753469
0.754133
0.754592
0.754872
0.755055
0.755201
0.75534
0.75549
0.755654
0.755809
0.755917
0.755972
0.755992
0.755953
0.755822
0.62007
0.62007
0.62007
0.62007
0.62007
0.62007
0.62007
0.62007
0.62007
0.62007
0.62007
0.62007
0.62007
0.62007
0.62007
0.62007
0.62007
0.62007
0.62007
0.62007
0.62007
0.62007
0.62007
0.62007
0.62007
0.62007
0.62007
0.62007
0.62007
0.62007
0.62007
0.62007
0.62007
0.62007
0.62007
0.62007
0.62007
0.62007
0.62007
0.62007
0.62007
0.62007
0.62007
0.62007
0.62007
0.620071
0.620073
0.620083
0.620124
0.620286
0.620927
0.623399
0.632286
0.658327
0.70557
0.743098
0.752229
0.752548
0.752338
0.751839
0.751549
0.751552
0.751685
0.752069
0.752712
0.753469
0.754133
0.754592
0.754872
0.755055
0.755201
0.75534
0.75549
0.755654
0.755809
0.755917
0.755972
0.755992
0.755953
0.755822
0.62007
0.62007
0.62007
0.62007
0.62007
0.62007
0.62007
0.62007
0.62007
0.62007
0.62007
0.62007
0.62007
0.62007
0.62007
0.62007
0.62007
0.62007
0.62007
0.62007
0.62007
0.62007
0.62007
0.62007
0.62007
0.62007
0.62007
0.62007
0.62007
0.62007
0.62007
0.62007
0.62007
0.62007
0.62007
0.62007
0.62007
0.62007
0.62007
0.62007
0.62007
0.62007
0.62007
0.62007
0.62007
0.620071
0.620073
0.620083
0.620124
0.620286
0.620927
0.623399
0.632286
0.658327
0.70557
0.743098
0.752229
0.752548
0.752338
0.751839
0.751549
0.751552
0.751685
0.752069
0.752712
0.753469
0.754133
0.754592
0.754872
0.755055
0.755201
0.75534
0.75549
0.755654
0.755809
0.755917
0.755972
0.755992
0.755953
0.755822
0.62007
0.62007
0.62007
0.62007
0.62007
0.62007
0.62007
0.62007
0.62007
0.62007
0.62007
0.62007
0.62007
0.62007
0.62007
0.62007
0.62007
0.62007
0.62007
0.62007
0.62007
0.62007
0.62007
0.62007
0.62007
0.62007
0.62007
0.62007
0.62007
0.62007
0.62007
0.62007
0.62007
0.62007
0.62007
0.62007
0.62007
0.62007
0.62007
0.62007
0.62007
0.62007
0.62007
0.62007
0.62007
0.620071
0.620073
0.620083
0.620124
0.620286
0.620927
0.623399
0.632286
0.658327
0.70557
0.743098
0.752229
0.752548
0.752338
0.751839
0.751549
0.751552
0.751685
0.752069
0.752712
0.753469
0.754133
0.754592
0.754872
0.755055
0.755201
0.75534
0.75549
0.755654
0.755809
0.755917
0.755972
0.755992
0.755953
0.755822
0.62007
0.62007
0.62007
0.62007
0.62007
0.62007
0.62007
0.62007
0.62007
0.62007
0.62007
0.62007
0.62007
0.62007
0.62007
0.62007
0.62007
0.62007
0.62007
0.62007
0.62007
0.62007
0.62007
0.62007
0.62007
0.62007
0.62007
0.62007
0.62007
0.62007
0.62007
0.62007
0.62007
0.62007
0.62007
0.62007
0.62007
0.62007
0.62007
0.62007
0.62007
0.62007
0.62007
0.62007
0.62007
0.620071
0.620073
0.620083
0.620124
0.620286
0.620927
0.623399
0.632286
0.658327
0.70557
0.743098
0.752229
0.752548
0.752338
0.751839
0.751549
0.751552
0.751685
0.752069
0.752712
0.753469
0.754133
0.754592
0.754872
0.755055
0.755201
0.75534
0.75549
0.755654
0.755809
0.755917
0.755972
0.755992
0.755953
0.755822
0.62007
0.62007
0.62007
0.62007
0.62007
0.62007
0.62007
0.62007
0.62007
0.62007
0.62007
0.62007
0.62007
0.62007
0.62007
0.62007
0.62007
0.62007
0.62007
0.62007
0.62007
0.62007
0.62007
0.62007
0.62007
0.62007
0.62007
0.62007
0.62007
0.62007
0.62007
0.62007
0.62007
0.62007
0.62007
0.62007
0.62007
0.62007
0.62007
0.62007
0.62007
0.62007
0.62007
0.62007
0.62007
0.620071
0.620073
0.620083
0.620124
0.620286
0.620927
0.623399
0.632286
0.658327
0.70557
0.743098
0.752229
0.752548
0.752338
0.751839
0.751549
0.751552
0.751685
0.752069
0.752712
0.753469
0.754133
0.754592
0.754872
0.755055
0.755201
0.75534
0.75549
0.755654
0.755809
0.755917
0.755972
0.755992
0.755953
0.755822
0.62007
0.62007
0.62007
0.62007
0.62007
0.62007
0.62007
0.62007
0.62007
0.62007
0.62007
0.62007
0.62007
0.62007
0.62007
0.62007
0.62007
0.62007
0.62007
0.62007
0.62007
0.62007
0.62007
0.62007
0.62007
0.62007
0.62007
0.62007
0.62007
0.62007
0.62007
0.62007
0.62007
0.62007
0.62007
0.62007
0.62007
0.62007
0.62007
0.62007
0.62007
0.62007
0.62007
0.62007
0.62007
0.620071
0.620073
0.620083
0.620124
0.620286
0.620927
0.623399
0.632286
0.658327
0.70557
0.743098
0.752229
0.752548
0.752338
0.751839
0.751549
0.751552
0.751685
0.752069
0.752712
0.753469
0.754133
0.754592
0.754872
0.755055
0.755201
0.75534
0.75549
0.755654
0.755809
0.755917
0.755972
0.755992
0.755953
0.755822
0.62007
0.62007
0.62007
0.62007
0.62007
0.62007
0.62007
0.62007
0.62007
0.62007
0.62007
0.62007
0.62007
0.62007
0.62007
0.62007
0.62007
0.62007
0.62007
0.62007
0.62007
0.62007
0.62007
0.62007
0.62007
0.62007
0.62007
0.62007
0.62007
0.62007
0.62007
0.62007
0.62007
0.62007
0.62007
0.62007
0.62007
0.62007
0.62007
0.62007
0.62007
0.62007
0.62007
0.62007
0.62007
0.620071
0.620073
0.620083
0.620124
0.620286
0.620927
0.623399
0.632286
0.658327
0.70557
0.743098
0.752229
0.752548
0.752338
0.751839
0.751549
0.751552
0.751685
0.752069
0.752712
0.753469
0.754133
0.754592
0.754872
0.755055
0.755201
0.75534
0.75549
0.755654
0.755809
0.755917
0.755972
0.755992
0.755953
0.755822
0.62007
0.62007
0.62007
0.62007
0.62007
0.62007
0.62007
0.62007
0.62007
0.62007
0.62007
0.62007
0.62007
0.62007
0.62007
0.62007
0.62007
0.62007
0.62007
0.62007
0.62007
0.62007
0.62007
0.62007
0.62007
0.62007
0.62007
0.62007
0.62007
0.62007
0.62007
0.62007
0.62007
0.62007
0.62007
0.62007
0.62007
0.62007
0.62007
0.62007
0.62007
0.62007
0.62007
0.62007
0.62007
0.620071
0.620073
0.620083
0.620124
0.620286
0.620927
0.623399
0.632286
0.658327
0.70557
0.743098
0.752229
0.752548
0.752338
0.751839
0.751549
0.751552
0.751685
0.752069
0.752712
0.753469
0.754133
0.754592
0.754872
0.755055
0.755201
0.75534
0.75549
0.755654
0.755809
0.755917
0.755972
0.755992
0.755953
0.755822
0.62007
0.62007
0.62007
0.62007
0.62007
0.62007
0.62007
0.62007
0.62007
0.62007
0.62007
0.62007
0.62007
0.62007
0.62007
0.62007
0.62007
0.62007
0.62007
0.62007
0.62007
0.62007
0.62007
0.62007
0.62007
0.62007
0.62007
0.62007
0.62007
0.62007
0.62007
0.62007
0.62007
0.62007
0.62007
0.62007
0.62007
0.62007
0.62007
0.62007
0.62007
0.62007
0.62007
0.62007
0.62007
0.620071
0.620073
0.620083
0.620124
0.620286
0.620927
0.623399
0.632286
0.658327
0.70557
0.743098
0.752229
0.752548
0.752338
0.751839
0.751549
0.751552
0.751685
0.752069
0.752712
0.753469
0.754133
0.754592
0.754872
0.755055
0.755201
0.75534
0.75549
0.755654
0.755809
0.755917
0.755972
0.755992
0.755953
0.755822
0.62007
0.62007
0.62007
0.62007
0.62007
0.62007
0.62007
0.62007
0.62007
0.62007
0.62007
0.62007
0.62007
0.62007
0.62007
0.62007
0.62007
0.62007
0.62007
0.62007
0.62007
0.62007
0.62007
0.62007
0.62007
0.62007
0.62007
0.62007
0.62007
0.62007
0.62007
0.62007
0.62007
0.62007
0.62007
0.62007
0.62007
0.62007
0.62007
0.62007
0.62007
0.62007
0.62007
0.62007
0.62007
0.620071
0.620073
0.620083
0.620124
0.620286
0.620927
0.623399
0.632286
0.658327
0.70557
0.743098
0.752229
0.752548
0.752338
0.751839
0.751549
0.751552
0.751685
0.752069
0.752712
0.753469
0.754133
0.754592
0.754872
0.755055
0.755201
0.75534
0.75549
0.755654
0.755809
0.755917
0.755972
0.755992
0.755953
0.755822
0.62007
0.62007
0.62007
0.62007
0.62007
0.62007
0.62007
0.62007
0.62007
0.62007
0.62007
0.62007
0.62007
0.62007
0.62007
0.62007
0.62007
0.62007
0.62007
0.62007
0.62007
0.62007
0.62007
0.62007
0.62007
0.62007
0.62007
0.62007
0.62007
0.62007
0.62007
0.62007
0.62007
0.62007
0.62007
0.62007
0.62007
0.62007
0.62007
0.62007
0.62007
0.62007
0.62007
0.62007
0.62007
0.620071
0.620073
0.620083
0.620124
0.620286
0.620927
0.623399
0.632286
0.658327
0.70557
0.743098
0.752229
0.752548
0.752338
0.751839
0.751549
0.751552
0.751685
0.752069
0.752712
0.753469
0.754133
0.754592
0.754872
0.755055
0.755201
0.75534
0.75549
0.755654
0.755809
0.755917
0.755972
0.755992
0.755953
0.755822
0.62007
0.62007
0.62007
0.62007
0.62007
0.62007
0.62007
0.62007
0.62007
0.62007
0.62007
0.62007
0.62007
0.62007
0.62007
0.62007
0.62007
0.62007
0.62007
0.62007
0.62007
0.62007
0.62007
0.62007
0.62007
0.62007
0.62007
0.62007
0.62007
0.62007
0.62007
0.62007
0.62007
0.62007
0.62007
0.62007
0.62007
0.62007
0.62007
0.62007
0.62007
0.62007
0.62007
0.62007
0.62007
0.620071
0.620073
0.620083
0.620124
0.620286
0.620927
0.623399
0.632286
0.658327
0.70557
0.743098
0.752229
0.752548
0.752338
0.751839
0.751549
0.751552
0.751685
0.752069
0.752712
0.753469
0.754133
0.754592
0.754872
0.755055
0.755201
0.75534
0.75549
0.755654
0.755809
0.755917
0.755972
0.755992
0.755953
0.755822
0.62007
0.62007
0.62007
0.62007
0.62007
0.62007
0.62007
0.62007
0.62007
0.62007
0.62007
0.62007
0.62007
0.62007
0.62007
0.62007
0.62007
0.62007
0.62007
0.62007
0.62007
0.62007
0.62007
0.62007
0.62007
0.62007
0.62007
0.62007
0.62007
0.62007
0.62007
0.62007
0.62007
0.62007
0.62007
0.62007
0.62007
0.62007
0.62007
0.62007
0.62007
0.62007
0.62007
0.62007
0.62007
0.620071
0.620073
0.620083
0.620124
0.620286
0.620927
0.623399
0.632286
0.658327
0.70557
0.743098
0.752229
0.752548
0.752338
0.751839
0.751549
0.751552
0.751685
0.752069
0.752712
0.753469
0.754133
0.754592
0.754872
0.755055
0.755201
0.75534
0.75549
0.755654
0.755809
0.755917
0.755972
0.755992
0.755953
0.755822
0.62007
0.62007
0.62007
0.62007
0.62007
0.62007
0.62007
0.62007
0.62007
0.62007
0.62007
0.62007
0.62007
0.62007
0.62007
0.62007
0.62007
0.62007
0.62007
0.62007
0.62007
0.62007
0.62007
0.62007
0.62007
0.62007
0.62007
0.62007
0.62007
0.62007
0.62007
0.62007
0.62007
0.62007
0.62007
0.62007
0.62007
0.62007
0.62007
0.62007
0.62007
0.62007
0.62007
0.62007
0.62007
0.620071
0.620073
0.620083
0.620124
0.620286
0.620927
0.623399
0.632286
0.658327
0.70557
0.743098
0.752229
0.752548
0.752338
0.751839
0.751549
0.751552
0.751685
0.752069
0.752712
0.753469
0.754133
0.754592
0.754872
0.755055
0.755201
0.75534
0.75549
0.755654
0.755809
0.755917
0.755972
0.755992
0.755953
0.755822
0.62007
0.62007
0.62007
0.62007
0.62007
0.62007
0.62007
0.62007
0.62007
0.62007
0.62007
0.62007
0.62007
0.62007
0.62007
0.62007
0.62007
0.62007
0.62007
0.62007
0.62007
0.62007
0.62007
0.62007
0.62007
0.62007
0.62007
0.62007
0.62007
0.62007
0.62007
0.62007
0.62007
0.62007
0.62007
0.62007
0.62007
0.62007
0.62007
0.62007
0.62007
0.62007
0.62007
0.62007
0.62007
0.620071
0.620073
0.620083
0.620124
0.620286
0.620927
0.623399
0.632286
0.658327
0.70557
0.743098
0.752229
0.752548
0.752338
0.751839
0.751549
0.751552
0.751685
0.752069
0.752712
0.753469
0.754133
0.754592
0.754872
0.755055
0.755201
0.75534
0.75549
0.755654
0.755809
0.755917
0.755972
0.755992
0.755953
0.755822
0.62007
0.62007
0.62007
0.62007
0.62007
0.62007
0.62007
0.62007
0.62007
0.62007
0.62007
0.62007
0.62007
0.62007
0.62007
0.62007
0.62007
0.62007
0.62007
0.62007
0.62007
0.62007
0.62007
0.62007
0.62007
0.62007
0.62007
0.62007
0.62007
0.62007
0.62007
0.62007
0.62007
0.62007
0.62007
0.62007
0.62007
0.62007
0.62007
0.62007
0.62007
0.62007
0.62007
0.62007
0.62007
0.620071
0.620073
0.620083
0.620124
0.620286
0.620927
0.623399
0.632286
0.658327
0.70557
0.743098
0.752229
0.752548
0.752338
0.751839
0.751549
0.751552
0.751685
0.752069
0.752712
0.753469
0.754133
0.754592
0.754872
0.755055
0.755201
0.75534
0.75549
0.755654
0.755809
0.755917
0.755972
0.755992
0.755953
0.755822
0.62007
0.62007
0.62007
0.62007
0.62007
0.62007
0.62007
0.62007
0.62007
0.62007
0.62007
0.62007
0.62007
0.62007
0.62007
0.62007
0.62007
0.62007
0.62007
0.62007
0.62007
0.62007
0.62007
0.62007
0.62007
0.62007
0.62007
0.62007
0.62007
0.62007
0.62007
0.62007
0.62007
0.62007
0.62007
0.62007
0.62007
0.62007
0.62007
0.62007
0.62007
0.62007
0.62007
0.62007
0.62007
0.620071
0.620073
0.620083
0.620124
0.620286
0.620927
0.623399
0.632286
0.658327
0.70557
0.743098
0.752229
0.752548
0.752338
0.751839
0.751549
0.751552
0.751685
0.752069
0.752712
0.753469
0.754133
0.754592
0.754872
0.755055
0.755201
0.75534
0.75549
0.755654
0.755809
0.755917
0.755972
0.755992
0.755953
0.755822
0.62007
0.62007
0.62007
0.62007
0.62007
0.62007
0.62007
0.62007
0.62007
0.62007
0.62007
0.62007
0.62007
0.62007
0.62007
0.62007
0.62007
0.62007
0.62007
0.62007
0.62007
0.62007
0.62007
0.62007
0.62007
0.62007
0.62007
0.62007
0.62007
0.62007
0.62007
0.62007
0.62007
0.62007
0.62007
0.62007
0.62007
0.62007
0.62007
0.62007
0.62007
0.62007
0.62007
0.62007
0.62007
0.620071
0.620073
0.620083
0.620124
0.620286
0.620927
0.623399
0.632286
0.658327
0.70557
0.743098
0.752229
0.752548
0.752338
0.751839
0.751549
0.751552
0.751685
0.752069
0.752712
0.753469
0.754133
0.754592
0.754872
0.755055
0.755201
0.75534
0.75549
0.755654
0.755809
0.755917
0.755972
0.755992
0.755953
0.755822
0.62007
0.62007
0.62007
0.62007
0.62007
0.62007
0.62007
0.62007
0.62007
0.62007
0.62007
0.62007
0.62007
0.62007
0.62007
0.62007
0.62007
0.62007
0.62007
0.62007
0.62007
0.62007
0.62007
0.62007
0.62007
0.62007
0.62007
0.62007
0.62007
0.62007
0.62007
0.62007
0.62007
0.62007
0.62007
0.62007
0.62007
0.62007
0.62007
0.62007
0.62007
0.62007
0.62007
0.62007
0.62007
0.620071
0.620073
0.620083
0.620124
0.620286
0.620927
0.623399
0.632286
0.658327
0.70557
0.743098
0.752229
0.752548
0.752338
0.751839
0.751549
0.751552
0.751685
0.752069
0.752712
0.753469
0.754133
0.754592
0.754872
0.755055
0.755201
0.75534
0.75549
0.755654
0.755809
0.755917
0.755972
0.755992
0.755953
0.755822
0.62007
0.62007
0.62007
0.62007
0.62007
0.62007
0.62007
0.62007
0.62007
0.62007
0.62007
0.62007
0.62007
0.62007
0.62007
0.62007
0.62007
0.62007
0.62007
0.62007
0.62007
0.62007
0.62007
0.62007
0.62007
0.62007
0.62007
0.62007
0.62007
0.62007
0.62007
0.62007
0.62007
0.62007
0.62007
0.62007
0.62007
0.62007
0.62007
0.62007
0.62007
0.62007
0.62007
0.62007
0.62007
0.620071
0.620073
0.620083
0.620124
0.620286
0.620927
0.623399
0.632286
0.658327
0.70557
0.743098
0.752229
0.752548
0.752338
0.751839
0.751549
0.751552
0.751685
0.752069
0.752712
0.753469
0.754133
0.754592
0.754872
0.755055
0.755201
0.75534
0.75549
0.755654
0.755809
0.755917
0.755972
0.755992
0.755953
0.755822
0.62007
0.62007
0.62007
0.62007
0.62007
0.62007
0.62007
0.62007
0.62007
0.62007
0.62007
0.62007
0.62007
0.62007
0.62007
0.62007
0.62007
0.62007
0.62007
0.62007
0.62007
0.62007
0.62007
0.62007
0.62007
0.62007
0.62007
0.62007
0.62007
0.62007
0.62007
0.62007
0.62007
0.62007
0.62007
0.62007
0.62007
0.62007
0.62007
0.62007
0.62007
0.62007
0.62007
0.62007
0.62007
0.620071
0.620073
0.620083
0.620124
0.620286
0.620927
0.623399
0.632286
0.658327
0.70557
0.743098
0.752229
0.752548
0.752338
0.751839
0.751549
0.751552
0.751685
0.752069
0.752712
0.753469
0.754133
0.754592
0.754872
0.755055
0.755201
0.75534
0.75549
0.755654
0.755809
0.755917
0.755972
0.755992
0.755953
0.755822
0.62007
0.62007
0.62007
0.62007
0.62007
0.62007
0.62007
0.62007
0.62007
0.62007
0.62007
0.62007
0.62007
0.62007
0.62007
0.62007
0.62007
0.62007
0.62007
0.62007
0.62007
0.62007
0.62007
0.62007
0.62007
0.62007
0.62007
0.62007
0.62007
0.62007
0.62007
0.62007
0.62007
0.62007
0.62007
0.62007
0.62007
0.62007
0.62007
0.62007
0.62007
0.62007
0.62007
0.62007
0.62007
0.620071
0.620073
0.620083
0.620124
0.620286
0.620927
0.623399
0.632286
0.658327
0.70557
0.743098
0.752229
0.752548
0.752338
0.751839
0.751549
0.751552
0.751685
0.752069
0.752712
0.753469
0.754133
0.754592
0.754872
0.755055
0.755201
0.75534
0.75549
0.755654
0.755809
0.755917
0.755972
0.755992
0.755953
0.755822
0.62007
0.62007
0.62007
0.62007
0.62007
0.62007
0.62007
0.62007
0.62007
0.62007
0.62007
0.62007
0.62007
0.62007
0.62007
0.62007
0.62007
0.62007
0.62007
0.62007
0.62007
0.62007
0.62007
0.62007
0.62007
0.62007
0.62007
0.62007
0.62007
0.62007
0.62007
0.62007
0.62007
0.62007
0.62007
0.62007
0.62007
0.62007
0.62007
0.62007
0.62007
0.62007
0.62007
0.62007
0.62007
0.620071
0.620073
0.620083
0.620124
0.620286
0.620927
0.623399
0.632286
0.658327
0.70557
0.743098
0.752229
0.752548
0.752338
0.751839
0.751549
0.751552
0.751685
0.752069
0.752712
0.753469
0.754133
0.754592
0.754872
0.755055
0.755201
0.75534
0.75549
0.755654
0.755809
0.755917
0.755972
0.755992
0.755953
0.755822
0.62007
0.62007
0.62007
0.62007
0.62007
0.62007
0.62007
0.62007
0.62007
0.62007
0.62007
0.62007
0.62007
0.62007
0.62007
0.62007
0.62007
0.62007
0.62007
0.62007
0.62007
0.62007
0.62007
0.62007
0.62007
0.62007
0.62007
0.62007
0.62007
0.62007
0.62007
0.62007
0.62007
0.62007
0.62007
0.62007
0.62007
0.62007
0.62007
0.62007
0.62007
0.62007
0.62007
0.62007
0.62007
0.620071
0.620073
0.620083
0.620124
0.620286
0.620927
0.623399
0.632286
0.658327
0.70557
0.743098
0.752229
0.752548
0.752338
0.751839
0.751549
0.751552
0.751685
0.752069
0.752712
0.753469
0.754133
0.754592
0.754872
0.755055
0.755201
0.75534
0.75549
0.755654
0.755809
0.755917
0.755972
0.755992
0.755953
0.755822
0.62007
0.62007
0.62007
0.62007
0.62007
0.62007
0.62007
0.62007
0.62007
0.62007
0.62007
0.62007
0.62007
0.62007
0.62007
0.62007
0.62007
0.62007
0.62007
0.62007
0.62007
0.62007
0.62007
0.62007
0.62007
0.62007
0.62007
0.62007
0.62007
0.62007
0.62007
0.62007
0.62007
0.62007
0.62007
0.62007
0.62007
0.62007
0.62007
0.62007
0.62007
0.62007
0.62007
0.62007
0.62007
0.620071
0.620073
0.620083
0.620124
0.620286
0.620927
0.623399
0.632286
0.658327
0.70557
0.743098
0.752229
0.752548
0.752338
0.751839
0.751549
0.751552
0.751685
0.752069
0.752712
0.753469
0.754133
0.754592
0.754872
0.755055
0.755201
0.75534
0.75549
0.755654
0.755809
0.755917
0.755972
0.755992
0.755953
0.755822
0.62007
0.62007
0.62007
0.62007
0.62007
0.62007
0.62007
0.62007
0.62007
0.62007
0.62007
0.62007
0.62007
0.62007
0.62007
0.62007
0.62007
0.62007
0.62007
0.62007
0.62007
0.62007
0.62007
0.62007
0.62007
0.62007
0.62007
0.62007
0.62007
0.62007
0.62007
0.62007
0.62007
0.62007
0.62007
0.62007
0.62007
0.62007
0.62007
0.62007
0.62007
0.62007
0.62007
0.62007
0.62007
0.620071
0.620073
0.620083
0.620124
0.620286
0.620927
0.623399
0.632286
0.658327
0.70557
0.743098
0.752229
0.752548
0.752338
0.751839
0.751549
0.751552
0.751685
0.752069
0.752712
0.753469
0.754133
0.754592
0.754872
0.755055
0.755201
0.75534
0.75549
0.755654
0.755809
0.755917
0.755972
0.755992
0.755953
0.755822
0.62007
0.62007
0.62007
0.62007
0.62007
0.62007
0.62007
0.62007
0.62007
0.62007
0.62007
0.62007
0.62007
0.62007
0.62007
0.62007
0.62007
0.62007
0.62007
0.62007
0.62007
0.62007
0.62007
0.62007
0.62007
0.62007
0.62007
0.62007
0.62007
0.62007
0.62007
0.62007
0.62007
0.62007
0.62007
0.62007
0.62007
0.62007
0.62007
0.62007
0.62007
0.62007
0.62007
0.62007
0.62007
0.620071
0.620073
0.620083
0.620124
0.620286
0.620927
0.623399
0.632286
0.658327
0.70557
0.743098
0.752229
0.752548
0.752338
0.751839
0.751549
0.751552
0.751685
0.752069
0.752712
0.753469
0.754133
0.754592
0.754872
0.755055
0.755201
0.75534
0.75549
0.755654
0.755809
0.755917
0.755972
0.755992
0.755953
0.755822
0.62007
0.62007
0.62007
0.62007
0.62007
0.62007
0.62007
0.62007
0.62007
0.62007
0.62007
0.62007
0.62007
0.62007
0.62007
0.62007
0.62007
0.62007
0.62007
0.62007
0.62007
0.62007
0.62007
0.62007
0.62007
0.62007
0.62007
0.62007
0.62007
0.62007
0.62007
0.62007
0.62007
0.62007
0.62007
0.62007
0.62007
0.62007
0.62007
0.62007
0.62007
0.62007
0.62007
0.62007
0.62007
0.620071
0.620073
0.620083
0.620124
0.620286
0.620927
0.623399
0.632286
0.658327
0.70557
0.743098
0.752229
0.752548
0.752338
0.751839
0.751549
0.751552
0.751685
0.752069
0.752712
0.753469
0.754133
0.754592
0.754872
0.755055
0.755201
0.75534
0.75549
0.755654
0.755809
0.755917
0.755972
0.755992
0.755953
0.755822
0.62007
0.62007
0.62007
0.62007
0.62007
0.62007
0.62007
0.62007
0.62007
0.62007
0.62007
0.62007
0.62007
0.62007
0.62007
0.62007
0.62007
0.62007
0.62007
0.62007
0.62007
0.62007
0.62007
0.62007
0.62007
0.62007
0.62007
0.62007
0.62007
0.62007
0.62007
0.62007
0.62007
0.62007
0.62007
0.62007
0.62007
0.62007
0.62007
0.62007
0.62007
0.62007
0.62007
0.62007
0.62007
0.620071
0.620073
0.620083
0.620124
0.620286
0.620927
0.623399
0.632286
0.658327
0.70557
0.743098
0.752229
0.752548
0.752338
0.751839
0.751549
0.751552
0.751685
0.752069
0.752712
0.753469
0.754133
0.754592
0.754872
0.755055
0.755201
0.75534
0.75549
0.755654
0.755809
0.755917
0.755972
0.755992
0.755953
0.755822
0.62007
0.62007
0.62007
0.62007
0.62007
0.62007
0.62007
0.62007
0.62007
0.62007
0.62007
0.62007
0.62007
0.62007
0.62007
0.62007
0.62007
0.62007
0.62007
0.62007
0.62007
0.62007
0.62007
0.62007
0.62007
0.62007
0.62007
0.62007
0.62007
0.62007
0.62007
0.62007
0.62007
0.62007
0.62007
0.62007
0.62007
0.62007
0.62007
0.62007
0.62007
0.62007
0.62007
0.62007
0.62007
0.620071
0.620073
0.620083
0.620124
0.620286
0.620927
0.623399
0.632286
0.658327
0.70557
0.743098
0.752229
0.752548
0.752338
0.751839
0.751549
0.751552
0.751685
0.752069
0.752712
0.753469
0.754133
0.754592
0.754872
0.755055
0.755201
0.75534
0.75549
0.755654
0.755809
0.755917
0.755972
0.755992
0.755953
0.755822
0.62007
0.62007
0.62007
0.62007
0.62007
0.62007
0.62007
0.62007
0.62007
0.62007
0.62007
0.62007
0.62007
0.62007
0.62007
0.62007
0.62007
0.62007
0.62007
0.62007
0.62007
0.62007
0.62007
0.62007
0.62007
0.62007
0.62007
0.62007
0.62007
0.62007
0.62007
0.62007
0.62007
0.62007
0.62007
0.62007
0.62007
0.62007
0.62007
0.62007
0.62007
0.62007
0.62007
0.62007
0.62007
0.620071
0.620073
0.620083
0.620124
0.620286
0.620927
0.623399
0.632286
0.658327
0.70557
0.743098
0.752229
0.752548
0.752338
0.751839
0.751549
0.751552
0.751685
0.752069
0.752712
0.753469
0.754133
0.754592
0.754872
0.755055
0.755201
0.75534
0.75549
0.755654
0.755809
0.755917
0.755972
0.755992
0.755953
0.755822
0.62007
0.62007
0.62007
0.62007
0.62007
0.62007
0.62007
0.62007
0.62007
0.62007
0.62007
0.62007
0.62007
0.62007
0.62007
0.62007
0.62007
0.62007
0.62007
0.62007
0.62007
0.62007
0.62007
0.62007
0.62007
0.62007
0.62007
0.62007
0.62007
0.62007
0.62007
0.62007
0.62007
0.62007
0.62007
0.62007
0.62007
0.62007
0.62007
0.62007
0.62007
0.62007
0.62007
0.62007
0.62007
0.620071
0.620073
0.620083
0.620124
0.620286
0.620927
0.623399
0.632286
0.658327
0.70557
0.743098
0.752229
0.752548
0.752338
0.751839
0.751549
0.751552
0.751685
0.752069
0.752712
0.753469
0.754133
0.754592
0.754872
0.755055
0.755201
0.75534
0.75549
0.755654
0.755809
0.755917
0.755972
0.755992
0.755953
0.755822
0.62007
0.62007
0.62007
0.62007
0.62007
0.62007
0.62007
0.62007
0.62007
0.62007
0.62007
0.62007
0.62007
0.62007
0.62007
0.62007
0.62007
0.62007
0.62007
0.62007
0.62007
0.62007
0.62007
0.62007
0.62007
0.62007
0.62007
0.62007
0.62007
0.62007
0.62007
0.62007
0.62007
0.62007
0.62007
0.62007
0.62007
0.62007
0.62007
0.62007
0.62007
0.62007
0.62007
0.62007
0.62007
0.620071
0.620073
0.620083
0.620124
0.620286
0.620927
0.623399
0.632286
0.658327
0.70557
0.743098
0.752229
0.752548
0.752338
0.751839
0.751549
0.751552
0.751685
0.752069
0.752712
0.753469
0.754133
0.754592
0.754872
0.755055
0.755201
0.75534
0.75549
0.755654
0.755809
0.755917
0.755972
0.755992
0.755953
0.755822
0.62007
0.62007
0.62007
0.62007
0.62007
0.62007
0.62007
0.62007
0.62007
0.62007
0.62007
0.62007
0.62007
0.62007
0.62007
0.62007
0.62007
0.62007
0.62007
0.62007
0.62007
0.62007
0.62007
0.62007
0.62007
0.62007
0.62007
0.62007
0.62007
0.62007
0.62007
0.62007
0.62007
0.62007
0.62007
0.62007
0.62007
0.62007
0.62007
0.62007
0.62007
0.62007
0.62007
0.62007
0.62007
0.620071
0.620073
0.620083
0.620124
0.620286
0.620927
0.623399
0.632286
0.658327
0.70557
0.743098
0.752229
0.752548
0.752338
0.751839
0.751549
0.751552
0.751685
0.752069
0.752712
0.753469
0.754133
0.754592
0.754872
0.755055
0.755201
0.75534
0.75549
0.755654
0.755809
0.755917
0.755972
0.755992
0.755953
0.755822
0.62007
0.62007
0.62007
0.62007
0.62007
0.62007
0.62007
0.62007
0.62007
0.62007
0.62007
0.62007
0.62007
0.62007
0.62007
0.62007
0.62007
0.62007
0.62007
0.62007
0.62007
0.62007
0.62007
0.62007
0.62007
0.62007
0.62007
0.62007
0.62007
0.62007
0.62007
0.62007
0.62007
0.62007
0.62007
0.62007
0.62007
0.62007
0.62007
0.62007
0.62007
0.62007
0.62007
0.62007
0.62007
0.620071
0.620073
0.620083
0.620124
0.620286
0.620927
0.623399
0.632286
0.658327
0.70557
0.743098
0.752229
0.752548
0.752338
0.751839
0.751549
0.751552
0.751685
0.752069
0.752712
0.753469
0.754133
0.754592
0.754872
0.755055
0.755201
0.75534
0.75549
0.755654
0.755809
0.755917
0.755972
0.755992
0.755953
0.755822
0.62007
0.62007
0.62007
0.62007
0.62007
0.62007
0.62007
0.62007
0.62007
0.62007
0.62007
0.62007
0.62007
0.62007
0.62007
0.62007
0.62007
0.62007
0.62007
0.62007
0.62007
0.62007
0.62007
0.62007
0.62007
0.62007
0.62007
0.62007
0.62007
0.62007
0.62007
0.62007
0.62007
0.62007
0.62007
0.62007
0.62007
0.62007
0.62007
0.62007
0.62007
0.62007
0.62007
0.62007
0.62007
0.620071
0.620073
0.620083
0.620124
0.620286
0.620927
0.623399
0.632286
0.658327
0.70557
0.743098
0.752229
0.752548
0.752338
0.751839
0.751549
0.751552
0.751685
0.752069
0.752712
0.753469
0.754133
0.754592
0.754872
0.755055
0.755201
0.75534
0.75549
0.755654
0.755809
0.755917
0.755972
0.755992
0.755953
0.755822
0.62007
0.62007
0.62007
0.62007
0.62007
0.62007
0.62007
0.62007
0.62007
0.62007
0.62007
0.62007
0.62007
0.62007
0.62007
0.62007
0.62007
0.62007
0.62007
0.62007
0.62007
0.62007
0.62007
0.62007
0.62007
0.62007
0.62007
0.62007
0.62007
0.62007
0.62007
0.62007
0.62007
0.62007
0.62007
0.62007
0.62007
0.62007
0.62007
0.62007
0.62007
0.62007
0.62007
0.62007
0.62007
0.620071
0.620073
0.620083
0.620124
0.620286
0.620927
0.623399
0.632286
0.658327
0.70557
0.743098
0.752229
0.752548
0.752338
0.751839
0.751549
0.751552
0.751685
0.752069
0.752712
0.753469
0.754133
0.754592
0.754872
0.755055
0.755201
0.75534
0.75549
0.755654
0.755809
0.755917
0.755972
0.755992
0.755953
0.755822
0.62007
0.62007
0.62007
0.62007
0.62007
0.62007
0.62007
0.62007
0.62007
0.62007
0.62007
0.62007
0.62007
0.62007
0.62007
0.62007
0.62007
0.62007
0.62007
0.62007
0.62007
0.62007
0.62007
0.62007
0.62007
0.62007
0.62007
0.62007
0.62007
0.62007
0.62007
0.62007
0.62007
0.62007
0.62007
0.62007
0.62007
0.62007
0.62007
0.62007
0.62007
0.62007
0.62007
0.62007
0.62007
0.620071
0.620073
0.620083
0.620124
0.620286
0.620927
0.623399
0.632286
0.658327
0.70557
0.743098
0.752229
0.752548
0.752338
0.751839
0.751549
0.751552
0.751685
0.752069
0.752712
0.753469
0.754133
0.754592
0.754872
0.755055
0.755201
0.75534
0.75549
0.755654
0.755809
0.755917
0.755972
0.755992
0.755953
0.755822
0.62007
0.62007
0.62007
0.62007
0.62007
0.62007
0.62007
0.62007
0.62007
0.62007
0.62007
0.62007
0.62007
0.62007
0.62007
0.62007
0.62007
0.62007
0.62007
0.62007
0.62007
0.62007
0.62007
0.62007
0.62007
0.62007
0.62007
0.62007
0.62007
0.62007
0.62007
0.62007
0.62007
0.62007
0.62007
0.62007
0.62007
0.62007
0.62007
0.62007
0.62007
0.62007
0.62007
0.62007
0.62007
0.620071
0.620073
0.620083
0.620124
0.620286
0.620927
0.623399
0.632286
0.658327
0.70557
0.743098
0.752229
0.752548
0.752338
0.751839
0.751549
0.751552
0.751685
0.752069
0.752712
0.753469
0.754133
0.754592
0.754872
0.755055
0.755201
0.75534
0.75549
0.755654
0.755809
0.755917
0.755972
0.755992
0.755953
0.755822
0.62007
0.62007
0.62007
0.62007
0.62007
0.62007
0.62007
0.62007
0.62007
0.62007
0.62007
0.62007
0.62007
0.62007
0.62007
0.62007
0.62007
0.62007
0.62007
0.62007
0.62007
0.62007
0.62007
0.62007
0.62007
0.62007
0.62007
0.62007
0.62007
0.62007
0.62007
0.62007
0.62007
0.62007
0.62007
0.62007
0.62007
0.62007
0.62007
0.62007
0.62007
0.62007
0.62007
0.62007
0.62007
0.620071
0.620073
0.620083
0.620124
0.620286
0.620927
0.623399
0.632286
0.658327
0.70557
0.743098
0.752229
0.752548
0.752338
0.751839
0.751549
0.751552
0.751685
0.752069
0.752712
0.753469
0.754133
0.754592
0.754872
0.755055
0.755201
0.75534
0.75549
0.755654
0.755809
0.755917
0.755972
0.755992
0.755953
0.755822
0.62007
0.62007
0.62007
0.62007
0.62007
0.62007
0.62007
0.62007
0.62007
0.62007
0.62007
0.62007
0.62007
0.62007
0.62007
0.62007
0.62007
0.62007
0.62007
0.62007
0.62007
0.62007
0.62007
0.62007
0.62007
0.62007
0.62007
0.62007
0.62007
0.62007
0.62007
0.62007
0.62007
0.62007
0.62007
0.62007
0.62007
0.62007
0.62007
0.62007
0.62007
0.62007
0.62007
0.62007
0.62007
0.620071
0.620073
0.620083
0.620124
0.620286
0.620927
0.623399
0.632286
0.658327
0.70557
0.743098
0.752229
0.752548
0.752338
0.751839
0.751549
0.751552
0.751685
0.752069
0.752712
0.753469
0.754133
0.754592
0.754872
0.755055
0.755201
0.75534
0.75549
0.755654
0.755809
0.755917
0.755972
0.755992
0.755953
0.755822
0.62007
0.62007
0.62007
0.62007
0.62007
0.62007
0.62007
0.62007
0.62007
0.62007
0.62007
0.62007
0.62007
0.62007
0.62007
0.62007
0.62007
0.62007
0.62007
0.62007
0.62007
0.62007
0.62007
0.62007
0.62007
0.62007
0.62007
0.62007
0.62007
0.62007
0.62007
0.62007
0.62007
0.62007
0.62007
0.62007
0.62007
0.62007
0.62007
0.62007
0.62007
0.62007
0.62007
0.62007
0.62007
0.620071
0.620073
0.620083
0.620124
0.620286
0.620927
0.623399
0.632286
0.658327
0.70557
0.743098
0.752229
0.752548
0.752338
0.751839
0.751549
0.751552
0.751685
0.752069
0.752712
0.753469
0.754133
0.754592
0.754872
0.755055
0.755201
0.75534
0.75549
0.755654
0.755809
0.755917
0.755972
0.755992
0.755953
0.755822
0.62007
0.62007
0.62007
0.62007
0.62007
0.62007
0.62007
0.62007
0.62007
0.62007
0.62007
0.62007
0.62007
0.62007
0.62007
0.62007
0.62007
0.62007
0.62007
0.62007
0.62007
0.62007
0.62007
0.62007
0.62007
0.62007
0.62007
0.62007
0.62007
0.62007
0.62007
0.62007
0.62007
0.62007
0.62007
0.62007
0.62007
0.62007
0.62007
0.62007
0.62007
0.62007
0.62007
0.62007
0.62007
0.620071
0.620073
0.620083
0.620124
0.620286
0.620927
0.623399
0.632286
0.658327
0.70557
0.743098
0.752229
0.752548
0.752338
0.751839
0.751549
0.751552
0.751685
0.752069
0.752712
0.753469
0.754133
0.754592
0.754872
0.755055
0.755201
0.75534
0.75549
0.755654
0.755809
0.755917
0.755972
0.755992
0.755953
0.755822
0.62007
0.62007
0.620071
0.620073
0.620083
0.620124
0.620286
0.620927
0.623399
0.632286
0.658327
0.70557
0.743098
0.752229
0.752548
0.752338
0.751839
0.751549
0.751552
0.751685
0.752069
0.752712
0.753469
0.754133
0.754592
0.754872
0.755055
0.755201
0.75534
0.75549
0.755654
0.755809
0.755917
0.755972
0.755992
0.755953
0.755822
1.72115
1.70113
1.62428
1.56303
1.51574
1.47853
1.45319
1.43773
1.41194
1.38005
1.34857
1.30936
1.50223
1.62762
1.56896
1.5305
1.49338
1.46285
1.44005
1.42356
1.40048
1.37001
1.33824
1.29949
1.19337
1.64439
1.59332
1.55251
1.51303
1.48197
1.45733
1.43776
1.41939
1.39709
1.37091
1.339
0.861208
1.49247
1.60927
1.55479
1.51496
1.48488
1.45932
1.43922
1.42365
1.41017
1.39091
1.36265
0.759429
1.1146
1.56682
1.54472
1.50926
1.47985
1.45563
1.43774
1.42348
1.41379
1.40031
1.37409
0.755744
0.803343
1.31414
1.52236
1.50018
1.4712
1.44855
1.43182
1.41805
1.40772
1.39644
1.37268
0.755524
0.756187
0.906834
1.38017
1.48205
1.46421
1.44227
1.42524
1.41084
1.39802
1.38705
1.36613
0.755604
0.755231
0.761493
0.985924
1.37943
1.44975
1.43624
1.41995
1.40332
1.38687
1.37411
1.35513
0.755615
0.755336
0.755021
0.770603
1.01746
1.34974
1.41677
1.41302
1.39661
1.37496
1.35918
1.34194
0.755597
0.755362
0.754982
0.754893
0.776526
1.00989
1.29991
1.39288
1.38465
1.36204
1.33947
1.32281
0.755604
0.755339
0.755067
0.75464
0.754723
0.775992
0.97484
1.25915
1.35819
1.34567
1.31949
1.30123
0.755614
0.755331
0.755052
0.754775
0.75434
0.754433
0.772341
0.937742
1.21453
1.30824
1.2934
1.27777
0.755615
0.755339
0.755036
0.754777
0.754481
0.754038
0.754169
0.76881
0.910518
1.17112
1.24749
1.24441
0.755612
0.755345
0.755036
0.754763
0.754497
0.754148
0.753801
0.754099
0.768086
0.902247
1.13187
1.20274
0.75561
0.755345
0.755046
0.754754
0.754487
0.754182
0.753825
0.75372
0.754353
0.771101
0.909478
1.10235
0.75561
0.755343
0.755048
0.754758
0.754474
0.754182
0.753864
0.753708
0.753723
0.754927
0.777659
0.918787
0.755611
0.755343
0.755048
0.754761
0.754475
0.754166
0.753886
0.753735
0.753691
0.753783
0.755813
0.786314
0.755611
0.755343
0.755047
0.754761
0.754477
0.754163
0.75387
0.75377
0.753719
0.753673
0.753823
0.756711
0.755611
0.755343
0.755047
0.754761
0.754477
0.754165
0.753864
0.75377
0.753754
0.753736
0.753753
0.753944
0.755611
0.755343
0.755047
0.754761
0.754477
0.754165
0.753866
0.753766
0.753759
0.753792
0.753865
0.753844
0.755611
0.755343
0.755047
0.754761
0.754477
0.754166
0.753867
0.753764
0.753754
0.753792
0.753921
0.753981
0.755611
0.755343
0.755047
0.754761
0.754477
0.754166
0.753866
0.753764
0.753753
0.753789
0.753912
0.75404
0.755611
0.755343
0.755047
0.754761
0.754477
0.754166
0.753866
0.753764
0.753754
0.753785
0.753918
0.754037
0.755611
0.755343
0.755047
0.754761
0.754477
0.754166
0.753867
0.753764
0.753754
0.753784
0.753919
0.754036
0.755611
0.755343
0.755047
0.754761
0.754477
0.754166
0.753867
0.753764
0.753754
0.753784
0.753918
0.754038
0.755611
0.755343
0.755047
0.754761
0.754477
0.754166
0.753867
0.753764
0.753754
0.753784
0.753918
0.754038
0.755611
0.755343
0.755047
0.754761
0.754477
0.754166
0.753867
0.753764
0.753754
0.753784
0.753918
0.754038
0.755611
0.755343
0.755047
0.754761
0.754477
0.754166
0.753867
0.753764
0.753754
0.753784
0.753918
0.754038
0.755611
0.755343
0.755047
0.754761
0.754477
0.754166
0.753867
0.753764
0.753754
0.753784
0.753918
0.754038
0.755611
0.755343
0.755047
0.754761
0.754477
0.754166
0.753867
0.753764
0.753754
0.753784
0.753918
0.754038
0.755611
0.755343
0.755047
0.754761
0.754477
0.754166
0.753867
0.753764
0.753754
0.753784
0.753918
0.754038
0.755611
0.755343
0.755047
0.754761
0.754477
0.754166
0.753867
0.753764
0.753754
0.753784
0.753918
0.754038
0.755611
0.755343
0.755047
0.754761
0.754477
0.754166
0.753867
0.753764
0.753754
0.753784
0.753918
0.754038
0.755611
0.755343
0.755047
0.754761
0.754477
0.754166
0.753867
0.753764
0.753754
0.753784
0.753918
0.754038
0.755611
0.755343
0.755047
0.754761
0.754477
0.754166
0.753867
0.753764
0.753754
0.753784
0.753918
0.754038
0.755611
0.755343
0.755047
0.754761
0.754477
0.754166
0.753867
0.753764
0.753754
0.753784
0.753918
0.754038
0.755611
0.755343
0.755047
0.754761
0.754477
0.754166
0.753867
0.753764
0.753754
0.753784
0.753918
0.754038
0.755611
0.755343
0.755047
0.754761
0.754477
0.754166
0.753867
0.753764
0.753754
0.753784
0.753918
0.754038
0.755611
0.755343
0.755047
0.754761
0.754477
0.754166
0.753867
0.753764
0.753754
0.753784
0.753918
0.754038
0.755611
0.755343
0.755047
0.754761
0.754477
0.754166
0.753867
0.753764
0.753754
0.753784
0.753918
0.754038
0.755611
0.755343
0.755047
0.754761
0.754477
0.754166
0.753867
0.753764
0.753754
0.753784
0.753918
0.754038
0.755611
0.755343
0.755047
0.754761
0.754477
0.754166
0.753867
0.753764
0.753754
0.753784
0.753918
0.754038
0.755611
0.755343
0.755047
0.754761
0.754477
0.754166
0.753867
0.753764
0.753754
0.753784
0.753918
0.754038
0.755611
0.755343
0.755047
0.754761
0.754477
0.754166
0.753867
0.753764
0.753754
0.753784
0.753918
0.754038
0.755611
0.755343
0.755047
0.754761
0.754477
0.754166
0.753867
0.753764
0.753754
0.753784
0.753918
0.754038
0.755611
0.755343
0.755047
0.754761
0.754477
0.754166
0.753867
0.753764
0.753754
0.753784
0.753918
0.754038
0.755611
0.755343
0.755047
0.754761
0.754477
0.754166
0.753867
0.753764
0.753754
0.753784
0.753918
0.754038
0.755611
0.755343
0.755047
0.754761
0.754477
0.754166
0.753867
0.753764
0.753754
0.753784
0.753918
0.754038
0.755611
0.755343
0.755047
0.754761
0.754477
0.754166
0.753867
0.753764
0.753754
0.753784
0.753918
0.754038
0.755611
0.755343
0.755047
0.754761
0.754477
0.754166
0.753867
0.753764
0.753754
0.753784
0.753918
0.754038
0.755611
0.755343
0.755047
0.754761
0.754477
0.754166
0.753867
0.753764
0.753754
0.753784
0.753918
0.754038
0.755611
0.755343
0.755047
0.754761
0.754477
0.754166
0.753867
0.753764
0.753754
0.753784
0.753918
0.754038
0.755611
0.755343
0.755047
0.754761
0.754477
0.754166
0.753867
0.753764
0.753754
0.753784
0.753918
0.754038
0.755611
0.755343
0.755047
0.754761
0.754477
0.754166
0.753867
0.753764
0.753754
0.753784
0.753918
0.754038
0.755611
0.755343
0.755047
0.754761
0.754477
0.754166
0.753867
0.753764
0.753754
0.753784
0.753918
0.754038
0.755611
0.755343
0.755047
0.754761
0.754477
0.754166
0.753867
0.753764
0.753754
0.753784
0.753918
0.754038
0.755611
0.755343
0.755047
0.754761
0.754477
0.754166
0.753867
0.753764
0.753754
0.753784
0.753918
0.754038
0.755611
0.755343
0.755047
0.754761
0.754477
0.754166
0.753867
0.753764
0.753754
0.753784
0.753918
0.754038
0.755611
0.755343
0.755047
0.754761
0.754477
0.754166
0.753867
0.753764
0.753754
0.753784
0.753918
0.754038
0.755611
0.755343
0.755047
0.754761
0.754477
0.754166
0.753867
0.753764
0.753754
0.753784
0.753918
0.754038
0.755611
0.755343
0.755047
0.754761
0.754477
0.754166
0.753867
0.753764
0.753754
0.753784
0.753918
0.754038
0.755611
0.755343
0.755047
0.754761
0.754477
0.754166
0.753867
0.753764
0.753754
0.753784
0.753918
0.754038
0.755611
0.755343
0.755047
0.754761
0.754477
0.754166
0.753867
0.753764
0.753754
0.753784
0.753918
0.754038
0.755611
0.755343
0.755047
0.754761
0.754477
0.754166
0.753867
0.753764
0.753754
0.753784
0.753918
0.754038
0.755611
0.755343
0.755047
0.754761
0.754477
0.754166
0.753867
0.753764
0.753754
0.753784
0.753918
0.754038
0.755611
0.755343
0.755047
0.754761
0.754477
0.754166
0.753867
0.753764
0.753754
0.753784
0.753918
0.754038
0.755611
0.755343
0.755047
0.754761
0.754477
0.754166
0.753867
0.753764
0.753754
0.753784
0.753918
0.754038
0.755611
0.755343
0.755047
0.754761
0.754477
0.754166
0.753867
0.753764
0.753754
0.753784
0.753918
0.754038
0.755611
0.755343
0.755047
0.754761
0.754477
0.754166
0.753867
0.753764
0.753754
0.753784
0.753918
0.754038
0.755611
0.755343
0.755047
0.754761
0.754477
0.754166
0.753867
0.753764
0.753754
0.753784
0.753918
0.754038
0.755611
0.755343
0.755047
0.754761
0.754477
0.754166
0.753867
0.753764
0.753754
0.753784
0.753918
0.754038
0.755611
0.755343
0.755047
0.754761
0.754477
0.754166
0.753867
0.753764
0.753754
0.753784
0.753918
0.754038
0.755611
0.755343
0.755047
0.754761
0.754477
0.754166
0.753867
0.753764
0.753754
0.753784
0.753918
0.754038
0.755611
0.755343
0.755047
0.754761
0.754477
0.754166
0.753867
0.753764
0.753754
0.753784
0.753918
0.754038
0.755611
0.755343
0.755047
0.754761
0.754477
0.754166
0.753867
0.753764
0.753754
0.753784
0.753918
0.754038
0.755611
0.755343
0.755047
0.754761
0.754477
0.754166
0.753867
0.753764
0.753754
0.753784
0.753918
0.754038
0.755611
0.755343
0.755047
0.754761
0.754477
0.754166
0.753867
0.753764
0.753754
0.753784
0.753918
0.754038
0.755611
0.755343
0.755047
0.754761
0.754477
0.754166
0.753867
0.753764
0.753754
0.753784
0.753918
0.754038
0.755611
0.755343
0.755047
0.754761
0.754477
0.754166
0.753867
0.753764
0.753754
0.753784
0.753918
0.754038
0.755611
0.755343
0.755047
0.754761
0.754477
0.754166
0.753867
0.753764
0.753754
0.753784
0.753918
0.754038
0.755611
0.755343
0.755047
0.754761
0.754477
0.754166
0.753867
0.753764
0.753754
0.753784
0.753918
0.754038
0.755611
0.755343
0.755047
0.754761
0.754477
0.754166
0.753867
0.753764
0.753754
0.753784
0.753918
0.754038
0.755611
0.755343
0.755047
0.754761
0.754477
0.754166
0.753867
0.753764
0.753754
0.753784
0.753918
0.754038
0.755611
0.755343
0.755047
0.754761
0.754477
0.754166
0.753867
0.753764
0.753754
0.753784
0.753918
0.754038
0.755611
0.755343
0.755047
0.754761
0.754477
0.754166
0.753867
0.753764
0.753754
0.753784
0.753918
0.754038
0.755611
0.755343
0.755047
0.754761
0.754477
0.754166
0.753867
0.753764
0.753754
0.753784
0.753918
0.754038
0.755611
0.755343
0.755047
0.754761
0.754477
0.754166
0.753867
0.753764
0.753754
0.753784
0.753918
0.754038
0.755611
0.755343
0.755047
0.754761
0.754477
0.754166
0.753867
0.753764
0.753754
0.753784
0.753918
0.754038
0.755611
0.755343
0.755047
0.754761
0.754477
0.754166
0.753867
0.753764
0.753754
0.753784
0.753918
0.754038
0.755611
0.755343
0.755047
0.754761
0.754477
0.754166
0.753867
0.753764
0.753754
0.753784
0.753918
0.754038
0.755611
0.755343
0.755047
0.754761
0.754477
0.754166
0.753867
0.753764
0.753754
0.753784
0.753918
0.754038
0.755611
0.755343
0.755047
0.754761
0.754477
0.754166
0.753867
0.753764
0.753754
0.753784
0.753918
0.754038
0.755611
0.755343
0.755047
0.754761
0.754477
0.754166
0.753867
0.753764
0.753754
0.753784
0.753918
0.754038
0.755611
0.755343
0.755047
0.754761
0.754477
0.754166
0.753867
0.753764
0.753754
0.753784
0.753918
0.754038
0.755611
0.755343
0.755047
0.754761
0.754477
0.754166
0.753867
0.753764
0.753754
0.753784
0.753918
0.754038
0.755611
0.755343
0.755047
0.754761
0.754477
0.754166
0.753867
0.753764
0.753754
0.753784
0.753918
0.754038
0.755611
0.755343
0.755047
0.754761
0.754477
0.754166
0.753867
0.753764
0.753754
0.753784
0.753918
0.754038
0.755047
0.754761
0.754477
0.754166
0.753867
0.753764
0.753754
0.753784
0.753918
0.754038
0.755047
0.754761
0.754477
0.754166
0.753867
0.753764
0.753754
0.753784
0.753918
0.754038
0.755047
0.754761
0.754477
0.754166
0.753867
0.753764
0.753754
0.753784
0.753918
0.754038
0.755047
0.754761
0.754477
0.754166
0.753867
0.753764
0.753754
0.753784
0.753918
0.754038
0.755047
0.754761
0.754477
0.754166
0.753867
0.753764
0.753754
0.753784
0.753918
0.754038
0.755047
0.754761
0.754477
0.754166
0.753867
0.753764
0.753754
0.753784
0.753918
0.754038
)
;

boundaryField
{
    inlet
    {
        type            calculated;
        value           uniform 0.62007;
    }
    outlet
    {
        type            calculated;
        value           nonuniform List<scalar> 0();
    }
    bottom
    {
        type            symmetryPlane;
    }
    top
    {
        type            calculated;
        value           nonuniform List<scalar> 0();
    }
    obstacle
    {
        type            calculated;
        value           nonuniform List<scalar> 
12
(
1.72115
1.70113
1.62428
1.56303
1.51574
1.47853
1.45319
1.43773
1.41194
1.38005
1.34857
1.30936
)
;
    }
    defaultFaces
    {
        type            empty;
    }
    procBoundary0to1
    {
        type            processor;
        value           nonuniform List<scalar> 
103
(
1.25998
1.25079
1.29738
1.3269
1.34184
1.34285
1.33757
1.32841
1.31775
1.30263
1.28505
1.26557
1.24078
1.21465
1.17499
1.08548
0.923879
0.793732
0.757703
0.754004
0.753591
0.753958
0.754065
0.75406
0.754053
0.754052
0.754052
0.754052
0.754052
0.754052
0.754052
0.754052
0.754052
0.754052
0.754052
0.754052
0.754052
0.754052
0.754052
0.754052
0.754052
0.754052
0.754052
0.754052
0.754052
0.754052
0.754052
0.754052
0.754052
0.754052
0.754052
0.754052
0.754052
0.754052
0.754052
0.754052
0.754052
0.754052
0.754052
0.754052
0.754052
0.754052
0.754052
0.754052
0.754052
0.754052
0.754052
0.754052
0.754052
0.754052
0.754052
0.754052
0.754052
0.754052
0.754052
0.754052
0.754052
0.754052
0.754052
0.754052
0.754052
0.754052
0.754052
0.754052
0.754052
0.754052
0.754052
0.754052
0.754052
0.754052
0.754052
0.754052
0.754052
0.754052
0.754052
0.754052
0.754052
0.754052
0.754052
0.754052
0.754052
0.754052
0.754052
)
;
    }
    procBoundary0to2
    {
        type            processor;
        value           nonuniform List<scalar> 
97
(
0.62007
0.62007
0.62007
0.62007
0.62007
0.62007
0.62007
0.62007
0.62007
0.62007
0.62007
0.62007
0.62007
0.62007
0.62007
0.62007
0.62007
0.62007
0.62007
0.62007
0.62007
0.62007
0.62007
0.62007
0.62007
0.62007
0.62007
0.62007
0.62007
0.62007
0.62007
0.62007
0.62007
0.62007
0.62007
0.62007
0.62007
0.62007
0.62007
0.62007
0.62007
0.62007
0.62007
0.62007
0.62007
0.62007
0.620071
0.620073
0.620083
0.620124
0.620286
0.620927
0.623399
0.632286
0.658327
0.70557
0.743098
0.752229
0.752548
0.752338
0.751839
0.751549
0.751552
0.751685
0.752069
0.752712
0.753469
0.754133
0.754592
0.754872
0.755055
0.755201
0.75534
0.75549
0.755654
0.755809
0.755917
0.755972
0.755992
0.755953
0.755822
0.755611
0.755343
0.755343
0.755343
0.755343
0.755343
0.755343
0.755343
0.755047
0.754761
0.754477
0.754166
0.753867
0.753764
0.753754
0.753784
)
;
    }
    procBoundary0to3
    {
        type            processor;
        value           nonuniform List<scalar> 2(0.753918 0.754038);
    }
}


// ************************************************************************* //
