/*--------------------------------*- C++ -*----------------------------------*\
| =========                 |                                                 |
| \\      /  F ield         | OpenFOAM: The Open Source CFD Toolbox           |
|  \\    /   O peration     | Version:  2306                                  |
|   \\  /    A nd           | Website:  www.openfoam.com                      |
|    \\/     M anipulation  |                                                 |
\*---------------------------------------------------------------------------*/
FoamFile
{
    version     2.0;
    format      ascii;
    arch        "LSB;label=32;scalar=64";
    class       volScalarField;
    location    "1e-05";
    object      T;
}
// * * * * * * * * * * * * * * * * * * * * * * * * * * * * * * * * * * * * * //

dimensions      [0 0 0 1 0 0 0];

internalField   nonuniform List<scalar> 
8941
(
180
180
180
180
180
180
180
180
180
180
180
180
180
180
180
180
180
180
180
180
180
180
180
180
180
180
180
180
180
180
180
180
180
180
180
180
180
180
180
180
180
180
180
180
180
180
180
180.002
180.006
180.025
180.099
180.385
181.402
184.343
189.583
193.637
194.595
194.627
194.605
194.547
194.524
194.526
194.543
194.588
194.66
194.746
194.823
194.88
194.918
194.943
194.963
194.979
194.99
194.992
194.99
194.982
194.967
194.954
194.922
223.575
180
180
180
180
180
180
180
180
180
180
180
180
180
180
180
180
180
180
180
180
180
180
180
180
180
180
180
180
180
180
180
180
180
180
180
180
180
180
180
180
180
180
180
180
180
180
180
180.002
180.006
180.025
180.099
180.385
181.402
184.343
189.583
193.637
194.595
194.627
194.605
194.547
194.524
194.526
194.543
194.588
194.66
194.746
194.823
194.88
194.918
194.943
194.963
194.979
194.99
194.992
194.99
194.982
194.967
194.954
194.922
204.25
180
180
180
180
180
180
180
180
180
180
180
180
180
180
180
180
180
180
180
180
180
180
180
180
180
180
180
180
180
180
180
180
180
180
180
180
180
180
180
180
180
180
180
180
180
180
180
180.002
180.006
180.025
180.099
180.385
181.402
184.343
189.583
193.637
194.595
194.627
194.605
194.547
194.524
194.526
194.543
194.588
194.66
194.746
194.823
194.88
194.918
194.943
194.963
194.979
194.99
194.992
194.99
194.982
194.967
194.954
194.922
197.062
180
180
180
180
180
180
180
180
180
180
180
180
180
180
180
180
180
180
180
180
180
180
180
180
180
180
180
180
180
180
180
180
180
180
180
180
180
180
180
180
180
180
180
180
180
180
180
180.002
180.006
180.025
180.099
180.385
181.402
184.343
189.583
193.637
194.595
194.627
194.605
194.547
194.524
194.526
194.543
194.588
194.66
194.746
194.823
194.88
194.918
194.943
194.963
194.979
194.99
194.992
194.99
194.982
194.967
194.954
194.922
195.311
180
180
180
180
180
180
180
180
180
180
180
180
180
180
180
180
180
180
180
180
180
180
180
180
180
180
180
180
180
180
180
180
180
180
180
180
180
180
180
180
180
180
180
180
180
180
180
180.002
180.006
180.025
180.099
180.385
181.402
184.343
189.583
193.637
194.595
194.627
194.605
194.547
194.524
194.526
194.543
194.588
194.66
194.746
194.823
194.88
194.918
194.943
194.963
194.979
194.99
194.992
194.99
194.982
194.967
194.954
194.924
194.991
180
180
180
180
180
180
180
180
180
180
180
180
180
180
180
180
180
180
180
180
180
180
180
180
180
180
180
180
180
180
180
180
180
180
180
180
180
180
180
180
180
180
180
180
180
180
180
180.002
180.006
180.025
180.099
180.385
181.402
184.343
189.583
193.637
194.595
194.627
194.605
194.547
194.524
194.526
194.543
194.588
194.66
194.746
194.823
194.88
194.918
194.943
194.963
194.979
194.99
194.992
194.99
194.982
194.967
194.953
194.93
194.919
180
180
180
180
180
180
180
180
180
180
180
180
180
180
180
180
180
180
180
180
180
180
180
180
180
180
180
180
180
180
180
180
180
180
180
180
180
180
180
180
180
180
180
180
180
180
180
180.002
180.006
180.025
180.099
180.385
181.402
184.343
189.583
193.637
194.595
194.627
194.605
194.547
194.524
194.526
194.543
194.588
194.66
194.746
194.823
194.88
194.918
194.943
194.963
194.979
194.99
194.992
194.99
194.982
194.967
194.953
194.933
194.91
180
180
180
180
180
180
180
180
180
180
180
180
180
180
180
180
180
180
180
180
180
180
180
180
180
180
180
180
180
180
180
180
180
180
180
180
180
180
180
180
180
180
180
180
180
180
180
180.002
180.006
180.025
180.099
180.385
181.402
184.343
189.583
193.637
194.595
194.627
194.605
194.547
194.524
194.526
194.543
194.588
194.66
194.746
194.823
194.88
194.918
194.943
194.963
194.979
194.99
194.992
194.99
194.982
194.967
194.953
194.934
194.909
180
180
180
180
180
180
180
180
180
180
180
180
180
180
180
180
180
180
180
180
180
180
180
180
180
180
180
180
180
180
180
180
180
180
180
180
180
180
180
180
180
180
180
180
180
180
180
180.002
180.006
180.025
180.099
180.385
181.402
184.343
189.583
193.637
194.595
194.627
194.605
194.547
194.524
194.526
194.543
194.588
194.66
194.746
194.823
194.88
194.918
194.943
194.963
194.979
194.99
194.992
194.99
194.982
194.967
194.953
194.935
194.908
180
180
180
180
180
180
180
180
180
180
180
180
180
180
180
180
180
180
180
180
180
180
180
180
180
180
180
180
180
180
180
180
180
180
180
180
180
180
180
180
180
180
180
180
180
180
180
180.002
180.006
180.025
180.099
180.385
181.402
184.343
189.583
193.637
194.595
194.627
194.605
194.547
194.524
194.526
194.543
194.588
194.66
194.746
194.823
194.88
194.918
194.943
194.963
194.979
194.99
194.992
194.99
194.982
194.967
194.952
194.934
194.909
180
180
180
180
180
180
180
180
180
180
180
180
180
180
180
180
180
180
180
180
180
180
180
180
180
180
180
180
180
180
180
180
180
180
180
180
180
180
180
180
180
180
180
180
180
180
180
180.002
180.006
180.025
180.099
180.385
181.402
184.343
189.583
193.637
194.595
194.627
194.605
194.547
194.524
194.526
194.543
194.588
194.66
194.746
194.823
194.88
194.918
194.943
194.963
194.979
194.99
194.992
194.99
194.982
194.967
194.952
194.934
194.91
180
180
180
180
180
180
180
180
180
180
180
180
180
180
180
180
180
180
180
180
180
180
180
180
180
180
180
180
180
180
180
180
180
180
180
180
180
180
180
180
180
180
180
180
180
180
180
180.002
180.006
180.025
180.099
180.385
181.402
184.343
189.583
193.637
194.595
194.627
194.605
194.547
194.524
194.526
194.543
194.588
194.66
194.746
194.823
194.88
194.918
194.943
194.963
194.979
194.99
194.992
194.99
194.982
194.967
194.952
194.934
194.91
180
180
180
180
180
180
180
180
180
180
180
180
180
180
180
180
180
180
180
180
180
180
180
180
180
180
180
180
180
180
180
180
180
180
180
180
180
180
180
180
180
180
180
180
180
180
180
180.002
180.006
180.025
180.099
180.385
181.402
184.343
189.583
193.637
194.595
194.627
194.605
194.547
194.524
194.526
194.543
194.588
194.66
194.746
194.823
194.88
194.918
194.943
194.963
194.979
194.99
194.992
194.99
194.982
194.967
194.952
194.934
194.909
180
180
180
180
180
180
180
180
180
180
180
180
180
180
180
180
180
180
180
180
180
180
180
180
180
180
180
180
180
180
180
180
180
180
180
180
180
180
180
180
180
180
180
180
180
180
180
180.002
180.006
180.025
180.099
180.385
181.402
184.343
189.583
193.637
194.595
194.627
194.605
194.547
194.524
194.526
194.543
194.588
194.66
194.746
194.823
194.88
194.918
194.943
194.963
194.979
194.99
194.992
194.99
194.982
194.967
194.952
194.934
194.909
180
180
180
180
180
180
180
180
180
180
180
180
180
180
180
180
180
180
180
180
180
180
180
180
180
180
180
180
180
180
180
180
180
180
180
180
180
180
180
180
180
180
180
180
180
180
180
180.002
180.006
180.025
180.099
180.385
181.402
184.343
189.583
193.637
194.595
194.627
194.605
194.547
194.524
194.526
194.543
194.588
194.66
194.746
194.823
194.88
194.918
194.943
194.963
194.979
194.99
194.992
194.99
194.982
194.967
194.952
194.934
194.909
180
180
180
180
180
180
180
180
180
180
180
180
180
180
180
180
180
180
180
180
180
180
180
180
180
180
180
180
180
180
180
180
180
180
180
180
180
180
180
180
180
180
180
180
180
180
180
180.002
180.006
180.025
180.099
180.385
181.402
184.343
189.583
193.637
194.595
194.627
194.605
194.547
194.524
194.526
194.543
194.588
194.66
194.746
194.823
194.88
194.918
194.943
194.963
194.979
194.99
194.992
194.99
194.982
194.967
194.952
194.934
194.909
180
180
180
180
180
180
180
180
180
180
180
180
180
180
180
180
180
180
180
180
180
180
180
180
180
180
180
180
180
180
180
180
180
180
180
180
180
180
180
180
180
180
180
180
180
180
180
180.002
180.006
180.025
180.099
180.385
181.402
184.343
189.583
193.637
194.595
194.627
194.605
194.547
194.524
194.526
194.543
194.588
194.66
194.746
194.823
194.88
194.918
194.943
194.963
194.979
194.99
194.992
194.99
194.982
194.967
194.952
194.934
194.909
180
180
180
180
180
180
180
180
180
180
180
180
180
180
180
180
180
180
180
180
180
180
180
180
180
180
180
180
180
180
180
180
180
180
180
180
180
180
180
180
180
180
180
180
180
180
180
180.002
180.006
180.025
180.099
180.385
181.402
184.343
189.583
193.637
194.595
194.627
194.605
194.547
194.524
194.526
194.543
194.588
194.66
194.746
194.823
194.88
194.918
194.943
194.963
194.979
194.99
194.992
194.99
194.982
194.967
194.952
194.934
194.909
180
180
180
180
180
180
180
180
180
180
180
180
180
180
180
180
180
180
180
180
180
180
180
180
180
180
180
180
180
180
180
180
180
180
180
180
180
180
180
180
180
180
180
180
180
180
180
180.002
180.006
180.025
180.099
180.385
181.402
184.343
189.583
193.637
194.595
194.627
194.605
194.547
194.524
194.526
194.543
194.588
194.66
194.746
194.823
194.88
194.918
194.943
194.963
194.979
194.99
194.992
194.99
194.982
194.967
194.952
194.934
194.909
180
180
180
180
180
180
180
180
180
180
180
180
180
180
180
180
180
180
180
180
180
180
180
180
180
180
180
180
180
180
180
180
180
180
180
180
180
180
180
180
180
180
180
180
180
180
180
180.002
180.006
180.025
180.099
180.385
181.402
184.343
189.583
193.637
194.595
194.627
194.605
194.547
194.524
194.526
194.543
194.588
194.66
194.746
194.823
194.88
194.918
194.943
194.963
194.979
194.99
194.992
194.99
194.982
194.967
194.952
194.934
194.909
180
180
180
180
180
180
180
180
180
180
180
180
180
180
180
180
180
180
180
180
180
180
180
180
180
180
180
180
180
180
180
180
180
180
180
180
180
180
180
180
180
180
180
180
180
180
180
180.002
180.006
180.025
180.099
180.385
181.402
184.343
189.583
193.637
194.595
194.627
194.605
194.547
194.524
194.526
194.543
194.588
194.66
194.746
194.823
194.88
194.918
194.943
194.963
194.979
194.99
194.992
194.99
194.982
194.967
194.952
194.934
194.909
180
180
180
180
180
180
180
180
180
180
180
180
180
180
180
180
180
180
180
180
180
180
180
180
180
180
180
180
180
180
180
180
180
180
180
180
180
180
180
180
180
180
180
180
180
180
180
180.002
180.006
180.025
180.099
180.385
181.402
184.343
189.583
193.637
194.595
194.627
194.605
194.547
194.524
194.526
194.543
194.588
194.66
194.746
194.823
194.88
194.918
194.943
194.963
194.979
194.99
194.992
194.99
194.982
194.967
194.952
194.934
194.909
180
180
180
180
180
180
180
180
180
180
180
180
180
180
180
180
180
180
180
180
180
180
180
180
180
180
180
180
180
180
180
180
180
180
180
180
180
180
180
180
180
180
180
180
180
180
180
180.002
180.006
180.025
180.099
180.385
181.402
184.343
189.583
193.637
194.595
194.627
194.605
194.547
194.524
194.526
194.543
194.588
194.66
194.746
194.823
194.88
194.918
194.943
194.963
194.979
194.99
194.992
194.99
194.982
194.967
194.952
194.934
194.909
180
180
180
180
180
180
180
180
180
180
180
180
180
180
180
180
180
180
180
180
180
180
180
180
180
180
180
180
180
180
180
180
180
180
180
180
180
180
180
180
180
180
180
180
180
180
180
180.002
180.006
180.025
180.099
180.385
181.402
184.343
189.583
193.637
194.595
194.627
194.605
194.547
194.524
194.526
194.543
194.588
194.66
194.746
194.823
194.88
194.918
194.943
194.963
194.979
194.99
194.992
194.99
194.982
194.967
194.952
194.934
194.909
180
180
180
180
180
180
180
180
180
180
180
180
180
180
180
180
180
180
180
180
180
180
180
180
180
180
180
180
180
180
180
180
180
180
180
180
180
180
180
180
180
180
180
180
180
180
180
180.002
180.006
180.025
180.099
180.385
181.402
184.343
189.583
193.637
194.595
194.627
194.605
194.547
194.524
194.526
194.543
194.588
194.66
194.746
194.823
194.88
194.918
194.943
194.963
194.979
194.99
194.992
194.99
194.982
194.967
194.952
194.934
194.909
180
180
180
180
180
180
180
180
180
180
180
180
180
180
180
180
180
180
180
180
180
180
180
180
180
180
180
180
180
180
180
180
180
180
180
180
180
180
180
180
180
180
180
180
180
180
180
180.002
180.006
180.025
180.099
180.385
181.402
184.343
189.583
193.637
194.595
194.627
194.605
194.547
194.524
194.526
194.543
194.588
194.66
194.746
194.823
194.88
194.918
194.943
194.963
194.979
194.99
194.992
194.99
194.982
194.967
194.952
194.934
194.909
180
180
180
180
180
180
180
180
180
180
180
180
180
180
180
180
180
180
180
180
180
180
180
180
180
180
180
180
180
180
180
180
180
180
180
180
180
180
180
180
180
180
180
180
180
180
180
180.002
180.006
180.025
180.099
180.385
181.402
184.343
189.583
193.637
194.595
194.627
194.605
194.547
194.524
194.526
194.543
194.588
194.66
194.746
194.823
194.88
194.918
194.943
194.963
194.979
194.99
194.992
194.99
194.982
194.967
194.952
194.934
194.909
180
180
180
180
180
180
180
180
180
180
180
180
180
180
180
180
180
180
180
180
180
180
180
180
180
180
180
180
180
180
180
180
180
180
180
180
180
180
180
180
180
180
180
180
180
180
180
180.002
180.006
180.025
180.099
180.385
181.402
184.343
189.583
193.637
194.595
194.627
194.605
194.547
194.524
194.526
194.543
194.588
194.66
194.746
194.823
194.88
194.918
194.943
194.963
194.979
194.99
194.992
194.99
194.982
194.967
194.952
194.934
194.909
180
180
180
180
180
180
180
180
180
180
180
180
180
180
180
180
180
180
180
180
180
180
180
180
180
180
180
180
180
180
180
180
180
180
180
180
180
180
180
180
180
180
180
180
180
180
180
180.002
180.006
180.025
180.099
180.385
181.402
184.343
189.583
193.637
194.595
194.627
194.605
194.547
194.524
194.526
194.543
194.588
194.66
194.746
194.823
194.88
194.918
194.943
194.963
194.979
194.99
194.992
194.99
194.982
194.967
194.952
194.934
194.909
180
180
180
180
180
180
180
180
180
180
180
180
180
180
180
180
180
180
180
180
180
180
180
180
180
180
180
180
180
180
180
180
180
180
180
180
180
180
180
180
180
180
180
180
180
180
180
180.002
180.006
180.025
180.099
180.385
181.402
184.343
189.583
193.637
194.595
194.627
194.605
194.547
194.524
194.526
194.543
194.588
194.66
194.746
194.823
194.88
194.918
194.943
194.963
194.979
194.99
194.992
194.99
194.982
194.967
194.952
194.934
194.909
180
180
180
180
180
180
180
180
180
180
180
180
180
180
180
180
180
180
180
180
180
180
180
180
180
180
180
180
180
180
180
180
180
180
180
180
180
180
180
180
180
180
180
180
180
180
180
180.002
180.006
180.025
180.099
180.385
181.402
184.343
189.583
193.637
194.595
194.627
194.605
194.547
194.524
194.526
194.543
194.588
194.66
194.746
194.823
194.88
194.918
194.943
194.963
194.979
194.99
194.992
194.99
194.982
194.967
194.952
194.934
194.909
180
180
180
180
180
180
180
180
180
180
180
180
180
180
180
180
180
180
180
180
180
180
180
180
180
180
180
180
180
180
180
180
180
180
180
180
180
180
180
180
180
180
180
180
180
180
180
180.002
180.006
180.025
180.099
180.385
181.402
184.343
189.583
193.637
194.595
194.627
194.605
194.547
194.524
194.526
194.543
194.588
194.66
194.746
194.823
194.88
194.918
194.943
194.963
194.979
194.99
194.992
194.99
194.982
194.967
194.952
194.934
194.909
180
180
180
180
180
180
180
180
180
180
180
180
180
180
180
180
180
180
180
180
180
180
180
180
180
180
180
180
180
180
180
180
180
180
180
180
180
180
180
180
180
180
180
180
180
180
180
180.002
180.006
180.025
180.099
180.385
181.402
184.343
189.583
193.637
194.595
194.627
194.605
194.547
194.524
194.526
194.543
194.588
194.66
194.746
194.823
194.88
194.918
194.943
194.963
194.979
194.99
194.992
194.99
194.982
194.967
194.952
194.934
194.909
180
180
180
180
180
180
180
180
180
180
180
180
180
180
180
180
180
180
180
180
180
180
180
180
180
180
180
180
180
180
180
180
180
180
180
180
180
180
180
180
180
180
180
180
180
180
180
180.002
180.006
180.025
180.099
180.385
181.402
184.343
189.583
193.637
194.595
194.627
194.605
194.547
194.524
194.526
194.543
194.588
194.66
194.746
194.823
194.88
194.918
194.943
194.963
194.979
194.99
194.992
194.99
194.982
194.967
194.952
194.934
194.909
180
180
180
180
180
180
180
180
180
180
180
180
180
180
180
180
180
180
180
180
180
180
180
180
180
180
180
180
180
180
180
180
180
180
180
180
180
180
180
180
180
180
180
180
180
180
180
180.002
180.006
180.025
180.099
180.385
181.402
184.343
189.583
193.637
194.595
194.627
194.605
194.547
194.524
194.526
194.543
194.588
194.66
194.746
194.823
194.88
194.918
194.943
194.963
194.979
194.99
194.992
194.99
194.982
194.967
194.952
194.934
194.909
180
180
180
180
180
180
180
180
180
180
180
180
180
180
180
180
180
180
180
180
180
180
180
180
180
180
180
180
180
180
180
180
180
180
180
180
180
180
180
180
180
180
180
180
180
180
180
180.002
180.006
180.025
180.099
180.385
181.402
184.343
189.583
193.637
194.595
194.627
194.605
194.547
194.524
194.526
194.543
194.588
194.66
194.746
194.823
194.88
194.918
194.943
194.963
194.979
194.99
194.992
194.99
194.982
194.967
194.952
194.934
194.909
180
180
180
180
180
180
180
180
180
180
180
180
180
180
180
180
180
180
180
180
180
180
180
180
180
180
180
180
180
180
180
180
180
180
180
180
180
180
180
180
180
180
180
180
180
180
180
180.002
180.006
180.025
180.099
180.385
181.402
184.343
189.583
193.637
194.595
194.627
194.605
194.547
194.524
194.526
194.543
194.588
194.66
194.746
194.823
194.88
194.918
194.943
194.963
194.979
194.99
194.992
194.99
194.982
194.967
194.952
194.934
194.909
180
180
180
180
180
180
180
180
180
180
180
180
180
180
180
180
180
180
180
180
180
180
180
180
180
180
180
180
180
180
180
180
180
180
180
180
180
180
180
180
180
180
180
180
180
180
180
180.002
180.006
180.025
180.099
180.385
181.402
184.343
189.583
193.637
194.595
194.627
194.605
194.547
194.524
194.526
194.543
194.588
194.66
194.746
194.823
194.88
194.918
194.943
194.963
194.979
194.99
194.992
194.99
194.982
194.967
194.952
194.934
194.909
180
180
180
180
180
180
180
180
180
180
180
180
180
180
180
180
180
180
180
180
180
180
180
180
180
180
180
180
180
180
180
180
180
180
180
180
180
180
180
180
180
180
180
180
180
180
180
180.002
180.006
180.025
180.099
180.385
181.402
184.343
189.583
193.637
194.595
194.627
194.605
194.547
194.524
194.526
194.543
194.588
194.66
194.746
194.823
194.88
194.918
194.943
194.963
194.979
194.99
194.992
194.99
194.982
194.967
194.952
194.934
194.909
180
180
180
180
180
180
180
180
180
180
180
180
180
180
180
180
180
180
180
180
180
180
180
180
180
180
180
180
180
180
180
180
180
180
180
180
180
180
180
180
180
180
180
180
180
180
180
180.002
180.006
180.025
180.099
180.385
181.402
184.343
189.583
193.637
194.595
194.627
194.605
194.547
194.524
194.526
194.543
194.588
194.66
194.746
194.823
194.88
194.918
194.943
194.963
194.979
194.99
194.992
194.99
194.982
194.967
194.952
194.934
194.909
180
180
180
180
180
180
180
180
180
180
180
180
180
180
180
180
180
180
180
180
180
180
180
180
180
180
180
180
180
180
180
180
180
180
180
180
180
180
180
180
180
180
180
180
180
180
180
180.002
180.006
180.025
180.099
180.385
181.402
184.343
189.583
193.637
194.595
194.627
194.605
194.547
194.524
194.526
194.543
194.588
194.66
194.746
194.823
194.88
194.918
194.943
194.963
194.979
194.99
194.992
194.99
194.982
194.967
194.952
194.934
194.909
180
180
180
180
180
180
180
180
180
180
180
180
180
180
180
180
180
180
180
180
180
180
180
180
180
180
180
180
180
180
180
180
180
180
180
180
180
180
180
180
180
180
180
180
180
180
180
180.002
180.006
180.025
180.099
180.385
181.402
184.343
189.583
193.637
194.595
194.627
194.605
194.547
194.524
194.526
194.543
194.588
194.66
194.746
194.823
194.88
194.918
194.943
194.963
194.979
194.99
194.992
194.99
194.982
194.967
194.952
194.934
194.909
180
180
180
180
180
180
180
180
180
180
180
180
180
180
180
180
180
180
180
180
180
180
180
180
180
180
180
180
180
180
180
180
180
180
180
180
180
180
180
180
180
180
180
180
180
180
180
180.002
180.006
180.025
180.099
180.385
181.402
184.343
189.583
193.637
194.595
194.627
194.605
194.547
194.524
194.526
194.543
194.588
194.66
194.746
194.823
194.88
194.918
194.943
194.963
194.979
194.99
194.992
194.99
194.982
194.967
194.952
194.934
194.909
180
180
180
180
180
180
180
180
180
180
180
180
180
180
180
180
180
180
180
180
180
180
180
180
180
180
180
180
180
180
180
180
180
180
180
180
180
180
180
180
180
180
180
180
180
180
180
180.002
180.006
180.025
180.099
180.385
181.402
184.343
189.583
193.637
194.595
194.627
194.605
194.547
194.524
194.526
194.543
194.588
194.66
194.746
194.823
194.88
194.918
194.943
194.963
194.979
194.99
194.992
194.99
194.982
194.967
194.952
194.934
194.909
180
180
180
180
180
180
180
180
180
180
180
180
180
180
180
180
180
180
180
180
180
180
180
180
180
180
180
180
180
180
180
180
180
180
180
180
180
180
180
180
180
180
180
180
180
180
180
180.002
180.006
180.025
180.099
180.385
181.402
184.343
189.583
193.637
194.595
194.627
194.605
194.547
194.524
194.526
194.543
194.588
194.66
194.746
194.823
194.88
194.918
194.943
194.963
194.979
194.99
194.992
194.99
194.982
194.967
194.952
194.934
194.909
180
180
180
180
180
180
180
180
180
180
180
180
180
180
180
180
180
180
180
180
180
180
180
180
180
180
180
180
180
180
180
180
180
180
180
180
180
180
180
180
180
180
180
180
180
180
180
180.002
180.006
180.025
180.099
180.385
181.402
184.343
189.583
193.637
194.595
194.627
194.605
194.547
194.524
194.526
194.543
194.588
194.66
194.746
194.823
194.88
194.918
194.943
194.963
194.979
194.99
194.992
194.99
194.982
194.967
194.952
194.934
194.909
180
180
180
180
180
180
180
180
180
180
180
180
180
180
180
180
180
180
180
180
180
180
180
180
180
180
180
180
180
180
180
180
180
180
180
180
180
180
180
180
180
180
180
180
180
180
180
180.002
180.006
180.025
180.099
180.385
181.402
184.343
189.583
193.637
194.595
194.627
194.605
194.547
194.524
194.526
194.543
194.588
194.66
194.746
194.823
194.88
194.918
194.943
194.963
194.979
194.99
194.992
194.99
194.982
194.967
194.952
194.934
194.909
180
180
180
180
180
180
180
180
180
180
180
180
180
180
180
180
180
180
180
180
180
180
180
180
180
180
180
180
180
180
180
180
180
180
180
180
180
180
180
180
180
180
180
180
180
180
180
180.002
180.006
180.025
180.099
180.385
181.402
184.343
189.583
193.637
194.595
194.627
194.605
194.547
194.524
194.526
194.543
194.588
194.66
194.746
194.823
194.88
194.918
194.943
194.963
194.979
194.99
194.992
194.99
194.982
194.967
194.952
194.934
194.909
180
180
180
180
180
180
180
180
180
180
180
180
180
180
180
180
180
180
180
180
180
180
180
180
180
180
180
180
180
180
180
180
180
180
180
180
180
180
180
180
180
180
180
180
180
180
180
180.002
180.006
180.025
180.099
180.385
181.402
184.343
189.583
193.637
194.595
194.627
194.605
194.547
194.524
194.526
194.543
194.588
194.66
194.746
194.823
194.88
194.918
194.943
194.963
194.979
194.99
194.992
194.99
194.982
194.967
194.952
194.934
194.909
180
180
180
180
180
180
180
180
180
180
180
180
180
180
180
180
180
180
180
180
180
180
180
180
180
180
180
180
180
180
180
180
180
180
180
180
180
180
180
180
180
180
180
180
180
180
180
180.002
180.006
180.025
180.099
180.385
181.402
184.343
189.583
193.637
194.595
194.627
194.605
194.547
194.524
194.526
194.543
194.588
194.66
194.746
194.823
194.88
194.918
194.943
194.963
194.979
194.99
194.992
194.99
194.982
194.967
194.952
194.934
194.909
180
180
180
180
180
180
180
180
180
180
180
180
180
180
180
180
180
180
180
180
180
180
180
180
180
180
180
180
180
180
180
180
180
180
180
180
180
180
180
180
180
180
180
180
180
180
180
180.002
180.006
180.025
180.099
180.385
181.402
184.343
189.583
193.637
194.595
194.627
194.605
194.547
194.524
194.526
194.543
194.588
194.66
194.746
194.823
194.88
194.918
194.943
194.963
194.979
194.99
194.992
194.99
194.982
194.967
194.952
194.934
194.909
180
180
180
180
180
180
180
180
180
180
180
180
180
180
180
180
180
180
180
180
180
180
180
180
180
180
180
180
180
180
180
180
180
180
180
180
180
180
180
180
180
180
180
180
180
180
180
180.002
180.006
180.025
180.099
180.385
181.402
184.343
189.583
193.637
194.595
194.627
194.605
194.547
194.524
194.526
194.543
194.588
194.66
194.746
194.823
194.88
194.918
194.943
194.963
194.979
194.99
194.992
194.99
194.982
194.967
194.952
194.934
194.909
180
180
180
180
180
180
180
180
180
180
180
180
180
180
180
180
180
180
180
180
180
180
180
180
180
180
180
180
180
180
180
180
180
180
180
180
180
180
180
180
180
180
180
180
180
180
180
180.002
180.006
180.025
180.099
180.385
181.402
184.343
189.583
193.637
194.595
194.627
194.605
194.547
194.524
194.526
194.543
194.588
194.66
194.746
194.823
194.88
194.918
194.943
194.963
194.979
194.99
194.992
194.99
194.982
194.967
194.952
194.934
194.909
180
180
180
180
180
180
180
180
180
180
180
180
180
180
180
180
180
180
180
180
180
180
180
180
180
180
180
180
180
180
180
180
180
180
180
180
180
180
180
180
180
180
180
180
180
180
180
180.002
180.006
180.025
180.099
180.385
181.402
184.343
189.583
193.637
194.595
194.627
194.605
194.547
194.524
194.526
194.543
194.588
194.66
194.746
194.823
194.88
194.918
194.943
194.963
194.979
194.99
194.992
194.99
194.982
194.967
194.952
194.934
194.909
180
180
180
180
180
180
180
180
180
180
180
180
180
180
180
180
180
180
180
180
180
180
180
180
180
180
180
180
180
180
180
180
180
180
180
180
180
180
180
180
180
180
180
180
180
180
180
180.002
180.006
180.025
180.099
180.385
181.402
184.343
189.583
193.637
194.595
194.627
194.605
194.547
194.524
194.526
194.543
194.588
194.66
194.746
194.823
194.88
194.918
194.943
194.963
194.979
194.99
194.992
194.99
194.982
194.967
194.952
194.934
194.909
180
180
180
180
180
180
180
180
180
180
180
180
180
180
180
180
180
180
180
180
180
180
180
180
180
180
180
180
180
180
180
180
180
180
180
180
180
180
180
180
180
180
180
180
180
180
180
180.002
180.006
180.025
180.099
180.385
181.402
184.343
189.583
193.637
194.595
194.627
194.605
194.547
194.524
194.526
194.543
194.588
194.66
194.746
194.823
194.88
194.918
194.943
194.963
194.979
194.99
194.992
194.99
194.982
194.967
194.952
194.934
194.909
180
180
180
180
180
180
180
180
180
180
180
180
180
180
180
180
180
180
180
180
180
180
180
180
180
180
180
180
180
180
180
180
180
180
180
180
180
180
180
180
180
180
180
180
180
180
180
180.002
180.006
180.025
180.099
180.385
181.402
184.343
189.583
193.637
194.595
194.627
194.605
194.547
194.524
194.526
194.543
194.588
194.66
194.746
194.823
194.88
194.918
194.943
194.963
194.979
194.99
194.992
194.99
194.982
194.967
194.952
194.934
194.909
180
180
180
180
180
180
180
180
180
180
180
180
180
180
180
180
180
180
180
180
180
180
180
180
180
180
180
180
180
180
180
180
180
180
180
180
180
180
180
180
180
180
180
180
180
180
180
180.002
180.006
180.025
180.099
180.385
181.402
184.343
189.583
193.637
194.595
194.627
194.605
194.547
194.524
194.526
194.543
194.588
194.66
194.746
194.823
194.88
194.918
194.943
194.963
194.979
194.99
194.992
194.99
194.982
194.967
194.952
194.934
194.909
180
180
180
180
180
180
180
180
180
180
180
180
180
180
180
180
180
180
180
180
180
180
180
180
180
180
180
180
180
180
180
180
180
180
180
180
180
180
180
180
180
180
180
180
180
180
180
180.002
180.006
180.025
180.099
180.385
181.402
184.343
189.583
193.637
194.595
194.627
194.605
194.547
194.524
194.526
194.543
194.588
194.66
194.746
194.823
194.88
194.918
194.943
194.963
194.979
194.99
194.992
194.99
194.982
194.967
194.952
194.934
194.909
180
180
180
180
180
180
180
180
180
180
180
180
180
180
180
180
180
180
180
180
180
180
180
180
180
180
180
180
180
180
180
180
180
180
180
180
180
180
180
180
180
180
180
180
180
180
180
180.002
180.006
180.025
180.099
180.385
181.402
184.343
189.583
193.637
194.595
194.627
194.605
194.547
194.524
194.526
194.543
194.588
194.66
194.746
194.823
194.88
194.918
194.943
194.963
194.979
194.99
194.992
194.99
194.982
194.967
194.952
194.934
194.909
180
180
180
180
180
180
180
180
180
180
180
180
180
180
180
180
180
180
180
180
180
180
180
180
180
180
180
180
180
180
180
180
180
180
180
180
180
180
180
180
180
180
180
180
180
180
180
180.002
180.006
180.025
180.099
180.385
181.402
184.343
189.583
193.637
194.595
194.627
194.605
194.547
194.524
194.526
194.543
194.588
194.66
194.746
194.823
194.88
194.918
194.943
194.963
194.979
194.99
194.992
194.99
194.982
194.967
194.952
194.934
194.909
180
180
180
180
180
180
180
180
180
180
180
180
180
180
180
180
180
180
180
180
180
180
180
180
180
180
180
180
180
180
180
180
180
180
180
180
180
180
180
180
180
180
180
180
180
180
180
180.002
180.006
180.025
180.099
180.385
181.402
184.343
189.583
193.637
194.595
194.627
194.605
194.547
194.524
194.526
194.543
194.588
194.66
194.746
194.823
194.88
194.918
194.943
194.963
194.979
194.99
194.992
194.99
194.982
194.967
194.952
194.934
194.909
180
180
180
180
180
180
180
180
180
180
180
180
180
180
180
180
180
180
180
180
180
180
180
180
180
180
180
180
180
180
180
180
180
180
180
180
180
180
180
180
180
180
180
180
180
180
180
180.002
180.006
180.025
180.099
180.385
181.402
184.343
189.583
193.637
194.595
194.627
194.605
194.547
194.524
194.526
194.543
194.588
194.66
194.746
194.823
194.88
194.918
194.943
194.963
194.979
194.99
194.992
194.99
194.982
194.967
194.952
194.934
194.909
180
180
180
180
180
180
180
180
180
180
180
180
180
180
180
180
180
180
180
180
180
180
180
180
180
180
180
180
180
180
180
180
180
180
180
180
180
180
180
180
180
180
180
180
180
180
180
180.002
180.006
180.025
180.099
180.385
181.402
184.343
189.583
193.637
194.595
194.627
194.605
194.547
194.524
194.526
194.543
194.588
194.66
194.746
194.823
194.88
194.918
194.943
194.963
194.979
194.99
194.992
194.99
194.982
194.967
194.952
194.934
194.909
180
180
180
180
180
180
180
180
180
180
180
180
180
180
180
180
180
180
180
180
180
180
180
180
180
180
180
180
180
180
180
180
180
180
180
180
180
180
180
180
180
180
180
180
180
180
180
180.002
180.006
180.025
180.099
180.385
181.402
184.343
189.583
193.637
194.595
194.627
194.605
194.547
194.524
194.526
194.543
194.588
194.66
194.746
194.823
194.88
194.918
194.943
194.963
194.979
194.99
194.992
194.99
194.982
194.967
194.952
194.934
194.909
180
180
180
180
180
180
180
180
180
180
180
180
180
180
180
180
180
180
180
180
180
180
180
180
180
180
180
180
180
180
180
180
180
180
180
180
180
180
180
180
180
180
180
180
180
180
180
180.002
180.006
180.025
180.099
180.385
181.402
184.343
189.583
193.637
194.595
194.627
194.605
194.547
194.524
194.526
194.543
194.588
194.66
194.746
194.823
194.88
194.918
194.943
194.963
194.979
194.99
194.992
194.99
194.982
194.967
194.952
194.934
194.909
180
180
180
180
180
180
180
180
180
180
180
180
180
180
180
180
180
180
180
180
180
180
180
180
180
180
180
180
180
180
180
180
180
180
180
180
180
180
180
180
180
180
180
180
180
180
180
180.002
180.006
180.025
180.099
180.385
181.402
184.343
189.583
193.637
194.595
194.627
194.605
194.547
194.524
194.526
194.543
194.588
194.66
194.746
194.823
194.88
194.918
194.943
194.963
194.979
194.99
194.992
194.99
194.982
194.967
194.952
194.934
194.909
180
180
180
180
180
180
180
180
180
180
180
180
180
180
180
180
180
180
180
180
180
180
180
180
180
180
180
180
180
180
180
180
180
180
180
180
180
180
180
180
180
180
180
180
180
180
180
180.002
180.006
180.025
180.099
180.385
181.402
184.343
189.583
193.637
194.595
194.627
194.605
194.547
194.524
194.526
194.543
194.588
194.66
194.746
194.823
194.88
194.918
194.943
194.963
194.979
194.99
194.992
194.99
194.982
194.967
194.952
194.934
194.909
180
180
180
180
180
180
180
180
180
180
180
180
180
180
180
180
180
180
180
180
180
180
180
180
180
180
180
180
180
180
180
180
180
180
180
180
180
180
180
180
180
180
180
180
180
180
180
180.002
180.006
180.025
180.099
180.385
181.402
184.343
189.583
193.637
194.595
194.627
194.605
194.547
194.524
194.526
194.543
194.588
194.66
194.746
194.823
194.88
194.918
194.943
194.963
194.979
194.99
194.992
194.99
194.982
194.967
194.952
194.934
194.909
180
180
180
180
180
180
180
180
180
180
180
180
180
180
180
180
180
180
180
180
180
180
180
180
180
180
180
180
180
180
180
180
180
180
180
180
180
180
180
180
180
180
180
180
180
180
180
180.002
180.006
180.025
180.099
180.385
181.402
184.343
189.583
193.637
194.595
194.627
194.605
194.547
194.524
194.526
194.543
194.588
194.66
194.746
194.823
194.88
194.918
194.943
194.963
194.979
194.99
194.992
194.99
194.982
194.967
194.952
194.934
194.909
180
180
180
180
180
180
180
180
180
180
180
180
180
180
180
180
180
180
180
180
180
180
180
180
180
180
180
180
180
180
180
180
180
180
180
180
180
180
180
180
180
180
180
180
180
180
180
180.002
180.006
180.025
180.099
180.385
181.402
184.343
189.583
193.637
194.595
194.627
194.605
194.547
194.524
194.526
194.543
194.588
194.66
194.746
194.823
194.88
194.918
194.943
194.963
194.979
194.99
194.992
194.99
194.982
194.967
194.952
194.934
194.909
180
180
180
180
180
180
180
180
180
180
180
180
180
180
180
180
180
180
180
180
180
180
180
180
180
180
180
180
180
180
180
180
180
180
180
180
180
180
180
180
180
180
180
180
180
180
180
180.002
180.006
180.025
180.099
180.385
181.402
184.343
189.583
193.637
194.595
194.627
194.605
194.547
194.524
194.526
194.543
194.588
194.66
194.746
194.823
194.88
194.918
194.943
194.963
194.979
194.99
194.992
194.99
194.982
194.967
194.952
194.934
194.909
180
180
180
180
180
180
180
180
180
180
180
180
180
180
180
180
180
180
180
180
180
180
180
180
180
180
180
180
180
180
180
180
180
180
180
180
180
180
180
180
180
180
180
180
180
180
180
180.002
180.006
180.025
180.099
180.385
181.402
184.343
189.583
193.637
194.595
194.627
194.605
194.547
194.524
194.526
194.543
194.588
194.66
194.746
194.823
194.88
194.918
194.943
194.963
194.979
194.99
194.992
194.99
194.982
194.967
194.952
194.934
194.909
180
180
180
180
180
180
180
180
180
180
180
180
180
180
180
180
180
180
180
180
180
180
180
180
180
180
180
180
180
180
180
180
180
180
180
180
180
180
180
180
180
180
180
180
180
180
180
180.002
180.006
180.025
180.099
180.385
181.402
184.343
189.583
193.637
194.595
194.627
194.605
194.547
194.524
194.526
194.543
194.588
194.66
194.746
194.823
194.88
194.918
194.943
194.963
194.979
194.99
194.992
194.99
194.982
194.967
194.952
194.934
194.909
180
180
180
180
180
180
180
180
180
180
180
180
180
180
180
180
180
180
180
180
180
180
180
180
180
180
180
180
180
180
180
180
180
180
180
180
180
180
180
180
180
180
180
180
180
180
180
180.002
180.006
180.025
180.099
180.385
181.402
184.343
189.583
193.637
194.595
194.627
194.605
194.547
194.524
194.526
194.543
194.588
194.66
194.746
194.823
194.88
194.918
194.943
194.963
194.979
194.99
194.992
194.99
194.982
194.967
194.952
194.934
194.909
180
180
180
180
180
180
180
180
180
180
180
180
180
180
180
180
180
180
180
180
180
180
180
180
180
180
180
180
180
180
180
180
180
180
180
180
180
180
180
180
180
180
180
180
180
180
180
180.002
180.006
180.025
180.099
180.385
181.402
184.343
189.583
193.637
194.595
194.627
194.605
194.547
194.524
194.526
194.543
194.588
194.66
194.746
194.823
194.88
194.918
194.943
194.963
194.979
194.99
194.992
194.99
194.982
194.967
194.952
194.934
194.909
180
180
180
180
180
180
180
180
180
180
180
180
180
180
180
180
180
180
180
180
180
180
180
180
180
180
180
180
180
180
180
180
180
180
180
180
180
180
180
180
180
180
180
180
180
180
180
180.002
180.006
180.025
180.099
180.385
181.402
184.343
189.583
193.637
194.595
194.627
194.605
194.547
194.524
194.526
194.543
194.588
194.66
194.746
194.823
194.88
194.918
194.943
194.963
194.979
194.99
194.992
194.99
194.982
194.967
194.952
194.934
194.909
180
180
180
180
180
180
180
180
180
180
180
180
180
180
180
180
180
180
180
180
180
180
180
180
180
180
180
180
180
180
180
180
180
180
180
180
180
180
180
180
180
180
180
180
180
180
180
180.002
180.006
180.025
180.099
180.385
181.402
184.343
189.583
193.637
194.595
194.627
194.605
194.547
194.524
194.526
194.543
194.588
194.66
194.746
194.823
194.88
194.918
194.943
194.963
194.979
194.99
194.992
194.99
194.982
194.967
194.952
194.934
194.909
180
180
180
180
180
180
180
180
180
180
180
180
180
180
180
180
180
180
180
180
180
180
180
180
180
180
180
180
180
180
180
180
180
180
180
180
180
180
180
180
180
180
180
180
180
180
180
180.002
180.006
180.025
180.099
180.385
181.402
184.343
189.583
193.637
194.595
194.627
194.605
194.547
194.524
194.526
194.543
194.588
194.66
194.746
194.823
194.88
194.918
194.943
194.963
194.979
194.99
194.992
194.99
194.982
194.967
194.952
194.934
194.909
180
180
180
180
180
180
180
180
180
180
180
180
180
180
180
180
180
180
180
180
180
180
180
180
180
180
180
180
180
180
180
180
180
180
180
180
180
180
180
180
180
180
180
180
180
180
180
180.002
180.006
180.025
180.099
180.385
181.402
184.343
189.583
193.637
194.595
194.627
194.605
194.547
194.524
194.526
194.543
194.588
194.66
194.746
194.823
194.88
194.918
194.943
194.963
194.979
194.99
194.992
194.99
194.982
194.967
194.952
194.934
194.909
180
180
180
180
180
180
180
180
180
180
180
180
180
180
180
180
180
180
180
180
180
180
180
180
180
180
180
180
180
180
180
180
180
180
180
180
180
180
180
180
180
180
180
180
180
180
180
180.002
180.006
180.025
180.099
180.385
181.402
184.343
189.583
193.637
194.595
194.627
194.605
194.547
194.524
194.526
194.543
194.588
194.66
194.746
194.823
194.88
194.918
194.943
194.963
194.979
194.99
194.992
194.99
194.982
194.967
194.952
194.934
194.909
180
180
180
180
180
180
180
180
180
180
180
180
180
180
180
180
180
180
180
180
180
180
180
180
180
180
180
180
180
180
180
180
180
180
180
180
180
180
180
180
180
180
180
180
180
180
180
180.002
180.006
180.025
180.099
180.385
181.402
184.343
189.583
193.637
194.595
194.627
194.605
194.547
194.524
194.526
194.543
194.588
194.66
194.746
194.823
194.88
194.918
194.943
194.963
194.979
194.99
194.992
194.99
194.982
194.967
194.952
194.934
194.909
180
180
180
180
180
180
180
180
180
180
180
180
180
180
180
180
180
180
180
180
180
180
180
180
180
180
180
180
180
180
180
180
180
180
180
180
180
180
180
180
180
180
180
180
180
180
180
180.002
180.006
180.025
180.099
180.385
181.402
184.343
189.583
193.637
194.595
194.627
194.605
194.547
194.524
194.526
194.543
194.588
194.66
194.746
194.823
194.88
194.918
194.943
194.963
194.979
194.99
194.992
194.99
194.982
194.967
194.952
194.934
194.909
180
180
180
180
180
180
180
180
180
180
180
180
180
180
180
180
180
180
180
180
180
180
180
180
180
180
180
180
180
180
180
180
180
180
180
180
180
180
180
180
180
180
180
180
180
180
180
180.002
180.006
180.025
180.099
180.385
181.402
184.343
189.583
193.637
194.595
194.627
194.605
194.547
194.524
194.526
194.543
194.588
194.66
194.746
194.823
194.88
194.918
194.943
194.963
194.979
194.99
194.992
194.99
194.982
194.967
194.952
194.934
194.909
180
180
180
180
180
180
180
180
180
180
180
180
180
180
180
180
180
180
180
180
180
180
180
180
180
180
180
180
180
180
180
180
180
180
180
180
180
180
180
180
180
180
180
180
180
180
180
180.002
180.006
180.025
180.099
180.385
181.402
184.343
189.583
193.637
194.595
194.627
194.605
194.547
194.524
194.526
194.543
194.588
194.66
194.746
194.823
194.88
194.918
194.943
194.963
194.979
194.99
194.992
194.99
194.982
194.967
194.952
194.934
194.909
180
180
180
180
180
180
180
180
180
180
180
180
180
180
180
180
180
180
180
180
180
180
180
180
180
180
180
180
180
180
180
180
180
180
180
180
180
180
180
180
180
180
180
180
180
180
180
180.002
180.006
180.025
180.099
180.385
181.402
184.343
189.583
193.637
194.595
194.627
194.605
194.547
194.524
194.526
194.543
194.588
194.66
194.746
194.823
194.88
194.918
194.943
194.963
194.979
194.99
194.992
194.99
194.982
194.967
194.952
194.934
194.909
180
180
180
180
180
180
180
180
180
180
180
180
180
180
180
180
180
180
180
180
180
180
180
180
180
180
180
180
180
180
180
180
180
180
180
180
180
180
180
180
180
180
180
180
180
180
180
180.002
180.006
180.025
180.099
180.385
181.402
184.343
189.583
193.637
194.595
194.627
194.605
194.547
194.524
194.526
194.543
194.588
194.66
194.746
194.823
194.88
194.918
194.943
194.963
194.979
194.99
194.992
194.99
194.982
194.967
194.952
194.934
194.909
180
180
180
180
180
180
180
180
180
180
180
180
180
180
180
180
180
180
180
180
180
180
180
180
180
180
180
180
180
180
180
180
180
180
180
180
180
180
180
180
180
180
180
180
180
180
180
180.002
180.006
180.025
180.099
180.385
181.402
184.343
189.583
193.637
194.595
194.627
194.605
194.547
194.524
194.526
194.543
194.588
194.66
194.746
194.823
194.88
194.918
194.943
194.963
194.979
194.99
194.992
194.99
194.982
194.967
194.952
194.934
194.909
180
180
180
180
180
180
180
180
180
180
180
180
180
180
180
180
180
180
180
180
180
180
180
180
180
180
180
180
180
180
180
180
180
180
180
180
180
180
180
180
180
180
180
180
180
180
180
180.002
180.006
180.025
180.099
180.385
181.402
184.343
189.583
193.637
194.595
194.627
194.605
194.547
194.524
194.526
194.543
194.588
194.66
194.746
194.823
194.88
194.918
194.943
194.963
194.979
194.99
194.992
194.99
194.982
194.967
194.952
194.934
194.909
180
180
180
180
180
180
180
180
180
180
180
180
180
180
180
180
180
180
180
180
180
180
180
180
180
180
180
180
180
180
180
180
180
180
180
180
180
180
180
180
180
180
180
180
180
180
180
180.002
180.006
180.025
180.099
180.385
181.402
184.343
189.583
193.637
194.595
194.627
194.605
194.547
194.524
194.526
194.543
194.588
194.66
194.746
194.823
194.88
194.918
194.943
194.963
194.979
194.99
194.992
194.99
194.982
194.967
194.952
194.934
194.909
180
180
180
180
180
180
180
180
180
180
180
180
180
180
180
180
180
180
180
180
180
180
180
180
180
180
180
180
180
180
180
180
180
180
180
180
180
180
180
180
180
180
180
180
180
180
180
180.002
180.006
180.025
180.099
180.385
181.402
184.343
189.583
193.637
194.595
194.627
194.605
194.547
194.524
194.526
194.543
194.588
194.66
194.746
194.823
194.88
194.918
194.943
194.963
194.979
194.99
194.992
194.99
194.982
194.967
194.952
194.934
194.909
180
180
180
180
180
180
180
180
180
180
180
180
180
180
180
180
180
180
180
180
180
180
180
180
180
180
180
180
180
180
180
180
180
180
180
180
180
180
180
180
180
180
180
180
180
180
180
180.002
180.006
180.025
180.099
180.385
181.402
184.343
189.583
193.637
194.595
194.627
194.605
194.547
194.524
194.526
194.543
194.588
194.66
194.746
194.823
194.88
194.918
194.943
194.963
194.979
194.99
194.992
194.99
194.982
194.967
194.952
194.934
194.909
180
180
180
180
180
180
180
180
180
180
180
180
180
180
180
180
180
180
180
180
180
180
180
180
180
180
180
180
180
180
180
180
180
180
180
180
180
180
180
180
180
180
180
180
180
180
180
180.002
180.006
180.025
180.099
180.385
181.402
184.343
189.583
193.637
194.595
194.627
194.605
194.547
194.524
194.526
194.543
194.588
194.66
194.746
194.823
194.88
194.918
194.943
194.963
194.979
194.99
194.992
194.99
194.982
194.967
194.952
194.934
194.909
180
180
180
180
180
180
180
180
180
180
180
180
180
180
180
180
180
180
180
180
180
180
180
180
180
180
180
180
180
180
180
180
180
180
180
180
180
180
180
180
180
180
180
180
180
180
180
180.002
180.006
180.025
180.099
180.385
181.402
184.343
189.583
193.637
194.595
194.627
194.605
194.547
194.524
194.526
194.543
194.588
194.66
194.746
194.823
194.88
194.918
194.943
194.963
194.979
194.99
194.992
194.99
194.982
194.967
194.952
194.934
194.909
180
180
180
180
180
180
180
180
180
180
180
180
180
180
180
180
180
180
180
180
180
180
180
180
180
180
180
180
180
180
180
180
180
180
180
180
180
180
180
180
180
180
180
180
180
180
180
180.002
180.006
180.025
180.099
180.385
181.402
184.343
189.583
193.637
194.595
194.627
194.605
194.547
194.524
194.526
194.543
194.588
194.66
194.746
194.823
194.88
194.918
194.943
194.963
194.979
194.99
194.992
194.99
194.982
194.967
194.952
194.934
194.909
180
180
180
180
180
180
180
180
180
180
180
180
180
180
180
180
180
180
180
180
180
180
180
180
180
180
180
180
180
180
180
180
180
180
180
180
180
180
180
180
180
180
180
180
180
180
180
180.002
180.006
180.025
180.099
180.385
181.402
184.343
189.583
193.637
194.595
194.627
194.605
194.547
194.524
194.526
194.543
194.588
194.66
194.746
194.823
194.88
194.918
194.943
194.963
194.979
194.99
194.992
194.99
194.982
194.967
194.952
194.934
194.909
180
180
180
180
180.002
180.006
180.025
180.099
180.385
181.402
184.343
189.583
193.637
194.595
194.627
194.605
194.547
194.524
194.526
194.543
194.588
194.66
194.746
194.823
194.88
194.918
194.943
194.963
194.979
194.99
194.992
194.99
194.982
194.967
194.952
194.934
194.909
302.943
301.8
296.103
290.947
286.538
282.461
278.612
275.454
273.608
273.714
274.8
277.467
277.488
291.841
287.487
284.532
281.42
278.281
275.017
272.022
269.861
269.641
270.3
272.288
244.218
284.639
281.977
279.777
277.119
274.465
271.651
268.761
266.182
264.781
264.861
265.896
206.949
268.361
279.313
275.61
272.848
270.446
267.95
265.334
262.542
259.957
258.421
258.45
195.301
234.508
274.118
272.692
270.238
267.946
265.668
263.336
260.556
257.486
254.697
253.766
194.9
200.439
254.217
270.717
268.96
266.597
264.406
262.143
259.386
256.159
252.896
251.038
194.874
194.957
212.771
258.619
266.823
265.422
263.356
261.094
258.43
255.25
251.957
249.374
194.878
194.858
195.582
221.355
257.682
263.385
262.093
260.02
257.361
254.243
251.067
248.158
194.88
194.857
194.862
196.681
224.352
255.144
259.807
258.884
256.373
253.109
249.988
247.061
194.876
194.862
194.855
194.881
197.425
223.393
250.933
256.849
255.157
251.903
248.516
245.657
194.878
194.859
194.858
194.864
194.912
197.408
219.687
247.591
252.454
250.387
247.03
244.171
194.88
194.857
194.858
194.866
194.886
194.948
197.022
215.76
242.241
247.083
245.102
242.607
194.88
194.858
194.857
194.866
194.889
194.924
194.985
196.636
212.32
236.836
241.421
240.189
194.88
194.858
194.857
194.865
194.89
194.931
194.962
195.017
196.526
210.795
232.517
237.071
194.879
194.859
194.858
194.865
194.889
194.933
194.97
194.981
195.048
196.8
211.112
229.347
194.879
194.858
194.858
194.865
194.888
194.933
194.973
194.983
194.981
195.093
197.436
211.882
194.879
194.858
194.858
194.865
194.888
194.931
194.976
194.986
194.979
194.969
195.156
198.286
194.879
194.858
194.858
194.865
194.888
194.931
194.975
194.989
194.985
194.954
194.941
195.217
194.879
194.858
194.858
194.865
194.888
194.931
194.974
194.99
194.988
194.968
194.923
194.928
194.879
194.858
194.858
194.865
194.888
194.931
194.974
194.99
194.988
194.973
194.938
194.912
194.879
194.858
194.858
194.865
194.888
194.931
194.974
194.99
194.988
194.973
194.943
194.927
194.879
194.858
194.858
194.865
194.888
194.931
194.974
194.99
194.988
194.973
194.943
194.93
194.879
194.858
194.858
194.865
194.888
194.931
194.974
194.99
194.988
194.972
194.943
194.93
194.879
194.858
194.858
194.865
194.888
194.931
194.974
194.99
194.988
194.972
194.943
194.93
194.879
194.858
194.858
194.865
194.888
194.931
194.974
194.99
194.988
194.972
194.943
194.93
194.879
194.858
194.858
194.865
194.888
194.931
194.974
194.99
194.988
194.972
194.943
194.93
194.879
194.858
194.858
194.865
194.888
194.931
194.974
194.99
194.988
194.972
194.943
194.93
194.879
194.858
194.858
194.865
194.888
194.931
194.974
194.99
194.988
194.972
194.943
194.93
194.879
194.858
194.858
194.865
194.888
194.931
194.974
194.99
194.988
194.972
194.943
194.93
194.879
194.858
194.858
194.865
194.888
194.931
194.974
194.99
194.988
194.972
194.943
194.93
194.879
194.858
194.858
194.865
194.888
194.931
194.974
194.99
194.988
194.972
194.943
194.93
194.879
194.858
194.858
194.865
194.888
194.931
194.974
194.99
194.988
194.972
194.943
194.93
194.879
194.858
194.858
194.865
194.888
194.931
194.974
194.99
194.988
194.972
194.943
194.93
194.879
194.858
194.858
194.865
194.888
194.931
194.974
194.99
194.988
194.972
194.943
194.93
194.879
194.858
194.858
194.865
194.888
194.931
194.974
194.99
194.988
194.972
194.943
194.93
194.879
194.858
194.858
194.865
194.888
194.931
194.974
194.99
194.988
194.972
194.943
194.93
194.879
194.858
194.858
194.865
194.888
194.931
194.974
194.99
194.988
194.972
194.943
194.93
194.879
194.858
194.858
194.865
194.888
194.931
194.974
194.99
194.988
194.972
194.943
194.93
194.879
194.858
194.858
194.865
194.888
194.931
194.974
194.99
194.988
194.972
194.943
194.93
194.879
194.858
194.858
194.865
194.888
194.931
194.974
194.99
194.988
194.972
194.943
194.93
194.879
194.858
194.858
194.865
194.888
194.931
194.974
194.99
194.988
194.972
194.943
194.93
194.879
194.858
194.858
194.865
194.888
194.931
194.974
194.99
194.988
194.972
194.943
194.93
194.879
194.858
194.858
194.865
194.888
194.931
194.974
194.99
194.988
194.972
194.943
194.93
194.879
194.858
194.858
194.865
194.888
194.931
194.974
194.99
194.988
194.972
194.943
194.93
194.879
194.858
194.858
194.865
194.888
194.931
194.974
194.99
194.988
194.972
194.943
194.93
194.879
194.858
194.858
194.865
194.888
194.931
194.974
194.99
194.988
194.972
194.943
194.93
194.879
194.858
194.858
194.865
194.888
194.931
194.974
194.99
194.988
194.972
194.943
194.93
194.879
194.858
194.858
194.865
194.888
194.931
194.974
194.99
194.988
194.972
194.943
194.93
194.879
194.858
194.858
194.865
194.888
194.931
194.974
194.99
194.988
194.972
194.943
194.93
194.879
194.858
194.858
194.865
194.888
194.931
194.974
194.99
194.988
194.972
194.943
194.93
194.879
194.858
194.858
194.865
194.888
194.931
194.974
194.99
194.988
194.972
194.943
194.93
194.879
194.858
194.858
194.865
194.888
194.931
194.974
194.99
194.988
194.972
194.943
194.93
194.879
194.858
194.858
194.865
194.888
194.931
194.974
194.99
194.988
194.972
194.943
194.93
194.879
194.858
194.858
194.865
194.888
194.931
194.974
194.99
194.988
194.972
194.943
194.93
194.879
194.858
194.858
194.865
194.888
194.931
194.974
194.99
194.988
194.972
194.943
194.93
194.879
194.858
194.858
194.865
194.888
194.931
194.974
194.99
194.988
194.972
194.943
194.93
194.879
194.858
194.858
194.865
194.888
194.931
194.974
194.99
194.988
194.972
194.943
194.93
194.879
194.858
194.858
194.865
194.888
194.931
194.974
194.99
194.988
194.972
194.943
194.93
194.879
194.858
194.858
194.865
194.888
194.931
194.974
194.99
194.988
194.972
194.943
194.93
194.879
194.858
194.858
194.865
194.888
194.931
194.974
194.99
194.988
194.972
194.943
194.93
194.879
194.858
194.858
194.865
194.888
194.931
194.974
194.99
194.988
194.972
194.943
194.93
194.879
194.858
194.858
194.865
194.888
194.931
194.974
194.99
194.988
194.972
194.943
194.93
194.879
194.858
194.858
194.865
194.888
194.931
194.974
194.99
194.988
194.972
194.943
194.93
194.879
194.858
194.858
194.865
194.888
194.931
194.974
194.99
194.988
194.972
194.943
194.93
194.879
194.858
194.858
194.865
194.888
194.931
194.974
194.99
194.988
194.972
194.943
194.93
194.879
194.858
194.858
194.865
194.888
194.931
194.974
194.99
194.988
194.972
194.943
194.93
194.879
194.858
194.858
194.865
194.888
194.931
194.974
194.99
194.988
194.972
194.943
194.93
194.879
194.858
194.858
194.865
194.888
194.931
194.974
194.99
194.988
194.972
194.943
194.93
194.879
194.858
194.858
194.865
194.888
194.931
194.974
194.99
194.988
194.972
194.943
194.93
194.879
194.858
194.858
194.865
194.888
194.931
194.974
194.99
194.988
194.972
194.943
194.93
194.879
194.858
194.858
194.865
194.888
194.931
194.974
194.99
194.988
194.972
194.943
194.93
194.879
194.858
194.858
194.865
194.888
194.931
194.974
194.99
194.988
194.972
194.943
194.93
194.879
194.858
194.858
194.865
194.888
194.931
194.974
194.99
194.988
194.972
194.943
194.93
194.879
194.858
194.858
194.865
194.888
194.931
194.974
194.99
194.988
194.972
194.943
194.93
194.879
194.858
194.858
194.865
194.888
194.931
194.974
194.99
194.988
194.972
194.943
194.93
194.879
194.858
194.858
194.865
194.888
194.931
194.974
194.99
194.988
194.972
194.943
194.93
194.879
194.858
194.858
194.865
194.888
194.931
194.974
194.99
194.988
194.972
194.943
194.93
194.879
194.858
194.858
194.865
194.888
194.931
194.974
194.99
194.988
194.972
194.943
194.93
194.879
194.858
194.858
194.865
194.888
194.931
194.974
194.99
194.988
194.972
194.943
194.93
194.879
194.858
194.858
194.865
194.888
194.931
194.974
194.99
194.988
194.972
194.943
194.93
194.879
194.858
194.858
194.865
194.888
194.931
194.974
194.99
194.988
194.972
194.943
194.93
194.879
194.858
194.858
194.865
194.888
194.931
194.974
194.99
194.988
194.972
194.943
194.93
194.879
194.858
194.858
194.865
194.888
194.931
194.974
194.99
194.988
194.972
194.943
194.93
194.879
194.858
194.858
194.865
194.888
194.931
194.974
194.99
194.988
194.972
194.943
194.93
194.879
194.858
194.858
194.865
194.888
194.931
194.974
194.99
194.988
194.972
194.943
194.93
194.879
194.858
194.858
194.865
194.888
194.931
194.974
194.99
194.988
194.972
194.943
194.93
194.879
194.858
194.858
194.865
194.888
194.931
194.974
194.99
194.988
194.972
194.943
194.93
194.879
194.858
194.858
194.865
194.888
194.931
194.974
194.99
194.988
194.972
194.943
194.93
194.879
194.858
194.858
194.865
194.888
194.931
194.974
194.99
194.988
194.972
194.943
194.93
194.879
194.858
194.858
194.865
194.888
194.931
194.974
194.99
194.988
194.972
194.943
194.93
194.879
194.858
194.858
194.865
194.888
194.931
194.974
194.99
194.988
194.972
194.943
194.93
194.879
194.858
194.858
194.865
194.888
194.931
194.974
194.99
194.988
194.972
194.943
194.93
194.879
194.858
194.858
194.865
194.888
194.931
194.974
194.99
194.988
194.972
194.943
194.93
194.879
194.858
194.858
194.865
194.888
194.931
194.974
194.99
194.988
194.972
194.943
194.93
194.879
194.858
194.858
194.865
194.888
194.931
194.974
194.99
194.988
194.972
194.943
194.93
194.879
194.858
194.858
194.865
194.888
194.931
194.974
194.99
194.988
194.972
194.943
194.93
194.879
194.858
194.858
194.865
194.888
194.931
194.974
194.99
194.988
194.972
194.943
194.93
194.858
194.865
194.888
194.931
194.974
194.99
194.988
194.972
194.943
194.93
194.858
194.865
194.888
194.931
194.974
194.99
194.988
194.972
194.943
194.93
194.858
194.865
194.888
194.931
194.974
194.99
194.988
194.972
194.943
194.93
194.858
194.865
194.888
194.931
194.974
194.99
194.988
194.972
194.943
194.93
194.858
194.865
194.888
194.931
194.974
194.99
194.988
194.972
194.943
194.93
194.858
194.865
194.888
194.931
194.974
194.99
194.988
194.972
194.943
194.93
)
;

boundaryField
{
    inlet
    {
        type            fixedValue;
        value           uniform 180;
    }
    outlet
    {
        type            zeroGradient;
    }
    bottom
    {
        type            symmetryPlane;
    }
    top
    {
        type            zeroGradient;
    }
    obstacle
    {
        type            zeroGradient;
    }
    defaultFaces
    {
        type            empty;
    }
    procBoundary0to1
    {
        type            processor;
        value           nonuniform List<scalar> 
103
(
282.845
276.683
268.719
259.58
254.208
251.183
249.145
247.381
245.71
243.951
242.297
240.689
238.786
236.613
233.56
227.159
212.365
199.048
195.317
194.941
194.905
194.927
194.937
194.936
194.936
194.936
194.936
194.936
194.936
194.936
194.936
194.936
194.936
194.936
194.936
194.936
194.936
194.936
194.936
194.936
194.936
194.936
194.936
194.936
194.936
194.936
194.936
194.936
194.936
194.936
194.936
194.936
194.936
194.936
194.936
194.936
194.936
194.936
194.936
194.936
194.936
194.936
194.936
194.936
194.936
194.936
194.936
194.936
194.936
194.936
194.936
194.936
194.936
194.936
194.936
194.936
194.936
194.936
194.936
194.936
194.936
194.936
194.936
194.936
194.936
194.936
194.936
194.936
194.936
194.936
194.936
194.936
194.936
194.936
194.936
194.936
194.936
194.936
194.936
194.936
194.936
194.936
194.936
)
;
    }
    procBoundary0to2
    {
        type            processor;
        value           nonuniform List<scalar> 
97
(
180
180
180
180
180
180
180
180
180
180
180
180
180
180
180
180
180
180
180
180
180
180
180
180
180
180
180
180
180
180
180
180
180
180
180
180
180
180
180
180
180
180
180
180
180
180
180
180
180.002
180.006
180.025
180.099
180.385
181.402
184.343
189.583
193.637
194.595
194.627
194.605
194.547
194.524
194.526
194.543
194.588
194.66
194.746
194.823
194.88
194.918
194.943
194.963
194.979
194.99
194.992
194.99
194.982
194.967
194.952
194.934
194.909
194.879
194.858
194.858
194.858
194.858
194.858
194.858
194.858
194.858
194.865
194.888
194.931
194.974
194.99
194.988
194.972
)
;
    }
    procBoundary0to3
    {
        type            processor;
        value           nonuniform List<scalar> 2(194.943 194.93);
    }
}


// ************************************************************************* //
