/*--------------------------------*- C++ -*----------------------------------*\
| =========                 |                                                 |
| \\      /  F ield         | OpenFOAM: The Open Source CFD Toolbox           |
|  \\    /   O peration     | Version:  2306                                  |
|   \\  /    A nd           | Website:  www.openfoam.com                      |
|    \\/     M anipulation  |                                                 |
\*---------------------------------------------------------------------------*/
FoamFile
{
    version     2.0;
    format      ascii;
    arch        "LSB;label=32;scalar=64";
    class       volScalarField;
    location    "7e-05";
    object      rho;
}
// * * * * * * * * * * * * * * * * * * * * * * * * * * * * * * * * * * * * * //

dimensions      [1 -3 0 0 0 0 0];

internalField   nonuniform List<scalar> 
9032
(
1.41945
1.41814
1.41711
1.41696
1.41721
1.41783
1.41845
1.41887
1.419
1.41888
1.41845
1.41783
1.4172
1.4167
1.41636
1.41613
1.41595
1.41582
1.41571
1.41563
1.41552
1.41532
1.41506
1.41482
1.41458
1.41449
1.41469
1.41495
1.41529
1.41556
1.41555
1.41529
1.41478
1.41432
1.41408
1.4139
1.41389
1.41403
1.41446
1.41552
1.41753
1.42118
1.42673
1.43362
1.43919
1.44165
1.4425
1.44265
1.44247
1.44208
1.44173
1.44155
1.44153
1.44162
1.44166
1.44164
1.44152
1.44115
1.44067
1.43998
1.43907
1.43797
1.43694
1.4361
1.43534
1.43461
1.43399
1.43375
1.4174
1.41612
1.41565
1.4159
1.41649
1.41715
1.41754
1.41756
1.41738
1.41705
1.41667
1.41631
1.41597
1.41561
1.41528
1.41503
1.41484
1.41469
1.41456
1.41448
1.41447
1.41459
1.41477
1.41489
1.41493
1.41501
1.4152
1.41538
1.41539
1.41525
1.41493
1.41448
1.41406
1.4138
1.41362
1.41356
1.41376
1.41416
1.4148
1.41605
1.41834
1.42255
1.4291
1.43646
1.44132
1.44296
1.44312
1.44288
1.44247
1.44203
1.44173
1.44163
1.44168
1.44178
1.44182
1.44177
1.44155
1.44112
1.44046
1.43967
1.43876
1.43774
1.43684
1.43611
1.4354
1.43476
1.43411
1.43359
1.41236
1.41237
1.41256
1.41297
1.4135
1.41394
1.41427
1.41438
1.41432
1.41407
1.41372
1.41339
1.41317
1.41301
1.41292
1.4129
1.41287
1.41283
1.41278
1.41277
1.41282
1.41298
1.41328
1.41371
1.41424
1.41472
1.415
1.4151
1.415
1.41466
1.41415
1.41355
1.41307
1.41285
1.41272
1.41275
1.41313
1.41378
1.41476
1.41631
1.41899
1.42393
1.43104
1.43803
1.44156
1.44256
1.44253
1.44233
1.44204
1.44176
1.44162
1.44162
1.44172
1.44183
1.44184
1.44176
1.44146
1.44096
1.44028
1.43949
1.43859
1.43764
1.43682
1.43608
1.43533
1.43456
1.4338
1.4332
1.40875
1.4091
1.40943
1.40988
1.41021
1.41052
1.41089
1.41124
1.41149
1.4115
1.41137
1.41114
1.41094
1.41081
1.41082
1.41103
1.41131
1.41148
1.41155
1.4116
1.41171
1.41193
1.41227
1.41279
1.41338
1.41387
1.41408
1.41406
1.41388
1.41363
1.41332
1.41295
1.41255
1.41233
1.41223
1.41228
1.41267
1.41328
1.4143
1.41611
1.41957
1.42543
1.43286
1.43916
1.44183
1.44237
1.44231
1.44213
1.44189
1.44168
1.44166
1.44176
1.44193
1.44202
1.44201
1.44191
1.44156
1.44103
1.44034
1.43949
1.43852
1.43751
1.43665
1.43588
1.43514
1.43434
1.43349
1.43274
1.40657
1.40738
1.40806
1.4086
1.40879
1.40897
1.40934
1.40981
1.4103
1.41052
1.41042
1.4102
1.41001
1.40993
1.41005
1.41042
1.41081
1.41106
1.41119
1.41129
1.41144
1.41167
1.41198
1.41238
1.4128
1.41317
1.41344
1.41358
1.41363
1.41352
1.41324
1.41283
1.41232
1.41198
1.41187
1.41195
1.41237
1.41313
1.41434
1.41644
1.42064
1.42734
1.43476
1.44027
1.44209
1.44225
1.44219
1.44212
1.44199
1.44191
1.44201
1.4422
1.44232
1.44235
1.44225
1.44203
1.44161
1.44103
1.44028
1.43937
1.43833
1.43727
1.43639
1.43563
1.4349
1.4341
1.43323
1.43239
1.40731
1.40803
1.40953
1.41027
1.4102
1.40979
1.40975
1.41012
1.41076
1.41137
1.41151
1.41134
1.41102
1.41076
1.4107
1.41078
1.41096
1.41108
1.41118
1.41139
1.41167
1.41192
1.41215
1.41234
1.41256
1.41286
1.41318
1.41345
1.4136
1.41356
1.41336
1.41297
1.41239
1.41192
1.41178
1.41189
1.41232
1.41317
1.41463
1.41756
1.42281
1.43
1.43689
1.44114
1.44235
1.44237
1.44239
1.44243
1.4424
1.44239
1.4425
1.4426
1.44259
1.44255
1.44237
1.44201
1.44153
1.44088
1.44008
1.43914
1.43808
1.437
1.43613
1.43539
1.43469
1.43388
1.433
1.43219
1.41089
1.4112
1.41257
1.41316
1.41308
1.41243
1.41178
1.41188
1.41232
1.41308
1.41357
1.41363
1.41353
1.41336
1.41312
1.4128
1.4125
1.41236
1.41244
1.41275
1.41319
1.41357
1.41373
1.41371
1.41352
1.41342
1.41353
1.41374
1.41386
1.41381
1.4137
1.41351
1.41312
1.41269
1.41255
1.41272
1.41323
1.4142
1.41601
1.41951
1.4254
1.43281
1.43899
1.44194
1.44273
1.44288
1.44306
1.44314
1.4431
1.443
1.44297
1.44288
1.44273
1.44255
1.44235
1.44198
1.44148
1.44082
1.44003
1.43911
1.43811
1.43709
1.43626
1.43555
1.43486
1.4342
1.43334
1.4326
1.41445
1.41413
1.4164
1.41715
1.417
1.41623
1.41539
1.41518
1.41527
1.41547
1.41563
1.41566
1.41578
1.41599
1.41591
1.41564
1.41509
1.4145
1.41432
1.41448
1.41491
1.41541
1.41565
1.41566
1.41542
1.4151
1.415
1.41504
1.41507
1.41496
1.41483
1.41471
1.41451
1.41426
1.4142
1.41445
1.41499
1.41601
1.41807
1.42209
1.42848
1.4357
1.4409
1.44294
1.4436
1.4441
1.44442
1.44448
1.44436
1.44399
1.44367
1.44339
1.44313
1.44286
1.44259
1.44222
1.44171
1.44108
1.44032
1.43945
1.4385
1.43752
1.43669
1.43599
1.4353
1.43466
1.43378
1.43313
1.41512
1.41672
1.41973
1.42035
1.41971
1.41865
1.41805
1.41786
1.41791
1.4178
1.4175
1.41726
1.41731
1.41774
1.41798
1.41783
1.41748
1.4169
1.41653
1.41659
1.41686
1.41727
1.41753
1.41753
1.41728
1.41689
1.41674
1.41675
1.41683
1.41679
1.41665
1.41644
1.41619
1.416
1.41605
1.41642
1.41707
1.41826
1.42077
1.42545
1.43222
1.43876
1.44283
1.44443
1.44514
1.44571
1.44601
1.44606
1.44587
1.44536
1.44475
1.44426
1.44383
1.44342
1.44306
1.4427
1.44226
1.44169
1.44103
1.44025
1.43936
1.43842
1.43754
1.43677
1.43604
1.43534
1.43438
1.43379
1.41702
1.42207
1.42259
1.42069
1.41922
1.41843
1.41894
1.41956
1.41977
1.41942
1.41858
1.41803
1.41788
1.41819
1.41872
1.41891
1.41886
1.41848
1.41803
1.41799
1.41814
1.41846
1.41871
1.41874
1.41853
1.41815
1.41797
1.41795
1.41805
1.41809
1.418
1.41777
1.41756
1.41748
1.41766
1.41816
1.41903
1.42042
1.42334
1.42862
1.43553
1.44135
1.44457
1.44602
1.44679
1.44731
1.44756
1.44757
1.44724
1.44658
1.4458
1.44513
1.44457
1.44406
1.44362
1.44326
1.44287
1.44238
1.44183
1.44117
1.44042
1.4396
1.43873
1.43786
1.43703
1.43619
1.43511
1.43448
1.42104
1.42582
1.42336
1.4193
1.41796
1.41822
1.41907
1.42039
1.42104
1.42079
1.41964
1.41838
1.41801
1.41806
1.41872
1.41943
1.41952
1.41926
1.41875
1.41849
1.41845
1.41861
1.41883
1.41883
1.41861
1.41829
1.41824
1.4183
1.41845
1.41855
1.41849
1.41834
1.41831
1.41837
1.41858
1.41918
1.42026
1.42205
1.42562
1.43157
1.43844
1.44346
1.44613
1.44745
1.44819
1.44857
1.44865
1.44848
1.44797
1.44726
1.44651
1.44583
1.44521
1.44465
1.44415
1.44372
1.4433
1.4429
1.44244
1.44192
1.44129
1.44055
1.43969
1.43874
1.43784
1.43689
1.43574
1.43504
1.41781
1.42792
1.42139
1.41837
1.4168
1.41719
1.41822
1.42031
1.42126
1.42104
1.42001
1.41881
1.41833
1.41829
1.41883
1.41928
1.4194
1.41925
1.41876
1.41852
1.41841
1.41836
1.41835
1.41828
1.41814
1.4181
1.41829
1.41863
1.41897
1.4191
1.41905
1.41886
1.41881
1.41887
1.41911
1.4198
1.42107
1.4233
1.42757
1.43402
1.44058
1.44486
1.44697
1.44805
1.44869
1.449
1.44898
1.44872
1.44819
1.44755
1.4469
1.44628
1.44565
1.44505
1.4445
1.44399
1.44358
1.44324
1.44289
1.44249
1.44193
1.44122
1.44037
1.43938
1.43835
1.43726
1.43605
1.43521
1.31985
1.41628
1.41908
1.42024
1.41603
1.41411
1.41538
1.41903
1.42024
1.42024
1.4196
1.41884
1.41872
1.41878
1.41908
1.41925
1.41931
1.41906
1.41865
1.41842
1.41821
1.41816
1.41801
1.41785
1.41767
1.41785
1.41833
1.41907
1.41968
1.41987
1.41984
1.41942
1.41897
1.41894
1.41915
1.41987
1.42143
1.42422
1.42916
1.43589
1.4421
1.44555
1.44723
1.44822
1.44896
1.44924
1.44921
1.44891
1.44839
1.44774
1.44708
1.44643
1.4458
1.44518
1.44463
1.4441
1.44373
1.44344
1.44319
1.44287
1.4423
1.44157
1.44066
1.4396
1.43846
1.43727
1.43604
1.43511
0.923138
1.31393
1.42378
1.42857
1.41209
1.41135
1.41394
1.41847
1.41928
1.41892
1.41851
1.41862
1.41874
1.41925
1.41959
1.41969
1.41943
1.41885
1.41842
1.41814
1.41797
1.41788
1.41762
1.41746
1.41736
1.41768
1.41834
1.41923
1.42001
1.42029
1.42032
1.41988
1.4191
1.41878
1.41889
1.41952
1.42126
1.42479
1.43038
1.4373
1.4427
1.44546
1.44698
1.44802
1.449
1.4494
1.44938
1.4491
1.44857
1.44788
1.44713
1.44642
1.44575
1.44513
1.44458
1.44412
1.44378
1.44351
1.44324
1.44285
1.44224
1.44146
1.44051
1.43942
1.43826
1.43703
1.43577
1.43479
0.641977
0.907795
1.31491
1.40631
1.40656
1.41142
1.41844
1.42088
1.4193
1.4178
1.41752
1.41808
1.41856
1.41944
1.42002
1.42006
1.41966
1.41872
1.41811
1.41779
1.41762
1.41759
1.41735
1.4172
1.41716
1.41741
1.41801
1.41898
1.41993
1.42032
1.4204
1.42014
1.41932
1.41859
1.4186
1.41922
1.42118
1.42546
1.43178
1.4388
1.44339
1.44563
1.44687
1.44776
1.44852
1.44893
1.44898
1.44872
1.44824
1.44755
1.44677
1.44607
1.44547
1.44491
1.44435
1.44397
1.4437
1.44338
1.44304
1.44261
1.44195
1.44112
1.44011
1.43897
1.43778
1.43657
1.43533
1.43441
0.620167
0.63763
0.905564
1.31084
1.41049
1.41834
1.42432
1.42104
1.41708
1.41635
1.41673
1.41734
1.41805
1.41943
1.42018
1.42007
1.41952
1.41851
1.41788
1.41762
1.41752
1.41753
1.41727
1.4171
1.41706
1.41709
1.41748
1.41829
1.41937
1.4201
1.42025
1.4201
1.41958
1.41871
1.4185
1.41925
1.42151
1.42651
1.43361
1.4405
1.44426
1.44604
1.44695
1.44758
1.44804
1.44826
1.44835
1.44817
1.44775
1.44716
1.44645
1.44579
1.44517
1.44458
1.44408
1.44371
1.44335
1.44285
1.44243
1.44198
1.44129
1.44042
1.4394
1.43825
1.43708
1.43595
1.43483
1.43403
0.62007
0.620141
0.638652
0.898207
1.28521
1.40875
1.4283
1.41444
1.41131
1.41516
1.41643
1.41642
1.41721
1.41873
1.41976
1.41963
1.41912
1.41824
1.41751
1.41722
1.41715
1.41724
1.4171
1.41695
1.41686
1.41682
1.41701
1.41751
1.41828
1.41916
1.41973
1.41981
1.41957
1.41908
1.4188
1.41959
1.42232
1.42802
1.43576
1.4423
1.44522
1.44655
1.44716
1.44752
1.44768
1.44775
1.44768
1.44757
1.44726
1.44681
1.44625
1.44565
1.44507
1.44451
1.44402
1.44356
1.44303
1.44236
1.44168
1.44105
1.44031
1.43942
1.43842
1.43735
1.43628
1.43524
1.4342
1.43361
0.62007
0.62007
0.620148
0.635975
0.874422
1.2959
1.41704
1.40514
1.4128
1.41731
1.41671
1.41584
1.41746
1.41883
1.41918
1.41876
1.41834
1.41785
1.41713
1.41662
1.41641
1.41637
1.41642
1.41653
1.41661
1.41674
1.41688
1.4171
1.41751
1.41806
1.41875
1.41925
1.41932
1.41927
1.4193
1.42023
1.42354
1.42995
1.43806
1.44386
1.44606
1.44702
1.44739
1.44749
1.44742
1.44734
1.44722
1.44708
1.44694
1.44667
1.44622
1.4457
1.44514
1.44455
1.44396
1.44337
1.44271
1.44188
1.44097
1.44014
1.43935
1.43847
1.43752
1.43657
1.43566
1.43471
1.43368
1.43312
0.62007
0.62007
0.62007
0.620131
0.632988
0.857583
1.27426
1.39641
1.42505
1.42369
1.41793
1.41754
1.42078
1.42066
1.41918
1.4179
1.41758
1.41741
1.41698
1.4164
1.416
1.41578
1.4157
1.41592
1.41641
1.41677
1.41706
1.41714
1.41723
1.41752
1.41789
1.41848
1.41898
1.41925
1.41972
1.42107
1.42515
1.43223
1.44013
1.44491
1.44657
1.44727
1.44759
1.44761
1.4474
1.44718
1.44706
1.44693
1.44682
1.44666
1.44639
1.44594
1.4454
1.44475
1.44404
1.44331
1.44248
1.4415
1.44041
1.43949
1.43866
1.43782
1.43698
1.43614
1.43531
1.43442
1.43342
1.43277
0.62007
0.62007
0.62007
0.62007
0.62011
0.631062
0.832729
1.24174
1.42045
1.42318
1.41216
1.42017
1.42516
1.42121
1.41848
1.41696
1.41692
1.41703
1.41687
1.4164
1.41596
1.41563
1.41547
1.41568
1.41644
1.4171
1.41747
1.41751
1.41729
1.41732
1.41746
1.41781
1.41855
1.41924
1.4201
1.42216
1.42719
1.43485
1.44188
1.44539
1.4468
1.44732
1.44766
1.44776
1.44755
1.44722
1.4471
1.44699
1.44689
1.44679
1.44663
1.44626
1.44572
1.44505
1.44424
1.44334
1.44236
1.44126
1.44009
1.43915
1.43832
1.43755
1.43677
1.43599
1.43518
1.43435
1.4334
1.43256
0.62007
0.62007
0.62007
0.62007
0.62007
0.620104
0.627588
0.813759
1.24408
1.38863
1.40264
1.4289
1.42582
1.41763
1.41627
1.41643
1.417
1.41686
1.4169
1.41704
1.41674
1.41618
1.41583
1.41607
1.41692
1.41781
1.41821
1.41819
1.41759
1.41717
1.41718
1.41736
1.4181
1.41929
1.42066
1.42367
1.42981
1.43776
1.44336
1.44551
1.4466
1.44708
1.44746
1.44775
1.44773
1.44742
1.44716
1.44709
1.44702
1.44695
1.44681
1.4465
1.44596
1.44523
1.44435
1.44337
1.4423
1.44115
1.44
1.43906
1.43825
1.43751
1.43684
1.43608
1.43531
1.43449
1.43355
1.43248
0.62007
0.62007
0.62007
0.62007
0.62007
0.62007
0.620089
0.626795
0.79034
1.1994
1.39723
1.4391
1.42111
1.40915
1.41504
1.41693
1.41688
1.41707
1.41738
1.4178
1.41798
1.41785
1.41744
1.4174
1.41794
1.41871
1.419
1.41882
1.41817
1.41727
1.41689
1.41704
1.41773
1.41931
1.42151
1.42568
1.43301
1.44071
1.4445
1.44564
1.44628
1.44672
1.44712
1.44753
1.44772
1.44762
1.44727
1.44719
1.44712
1.447
1.44686
1.4466
1.44605
1.44527
1.44431
1.44324
1.44211
1.44096
1.43996
1.43921
1.43851
1.43785
1.43723
1.43649
1.43569
1.43479
1.43378
1.43249
0.62007
0.62007
0.62007
0.62007
0.62007
0.62007
0.62007
0.620087
0.624432
0.763415
1.17002
1.41354
1.4006
1.41315
1.42009
1.4189
1.41761
1.41699
1.417
1.4176
1.41846
1.41877
1.41879
1.41888
1.41907
1.41929
1.41931
1.41901
1.41846
1.41756
1.41678
1.41691
1.41761
1.41932
1.42249
1.42802
1.43628
1.44318
1.44527
1.44574
1.44609
1.44651
1.44704
1.44752
1.44778
1.44777
1.4475
1.44731
1.44716
1.447
1.44683
1.44648
1.44584
1.44496
1.44386
1.44267
1.44157
1.4406
1.43986
1.43925
1.43876
1.43826
1.43763
1.43682
1.43596
1.435
1.43393
1.43257
0.62007
0.62007
0.62007
0.62007
0.62007
0.62007
0.62007
0.62007
0.620078
0.623171
0.734479
1.14119
1.36157
1.43595
1.42886
1.4195
1.41796
1.41585
1.41575
1.41707
1.41863
1.41933
1.41944
1.41945
1.41941
1.41935
1.41921
1.4189
1.4186
1.418
1.41719
1.41713
1.41789
1.41977
1.42368
1.4305
1.43917
1.44476
1.44578
1.4458
1.44604
1.44643
1.44702
1.4476
1.44796
1.44803
1.44781
1.44753
1.44724
1.44699
1.44678
1.44623
1.44543
1.44442
1.44322
1.44194
1.4409
1.44011
1.43954
1.43916
1.43887
1.43845
1.43774
1.43688
1.43596
1.43494
1.43381
1.43251
0.62007
0.62007
0.62007
0.62007
0.62007
0.62007
0.62007
0.62007
0.62007
0.620075
0.622002
0.711352
1.07217
1.39153
1.41853
1.41466
1.41695
1.41531
1.41532
1.41692
1.41849
1.4191
1.41936
1.41926
1.41911
1.41884
1.41878
1.41893
1.41884
1.41857
1.41794
1.4178
1.41868
1.42081
1.42546
1.4332
1.44171
1.44563
1.44594
1.44588
1.44599
1.44643
1.44715
1.44787
1.44835
1.44844
1.44823
1.44786
1.44747
1.44715
1.44672
1.44596
1.44506
1.44401
1.44276
1.44144
1.44045
1.43973
1.43919
1.43885
1.43869
1.43838
1.43763
1.4367
1.43572
1.43462
1.43343
1.43216
0.62007
0.62007
0.62007
0.62007
0.62007
0.62007
0.62007
0.62007
0.62007
0.62007
0.620073
0.621181
0.685926
1.03872
1.35036
1.4149
1.42059
1.41595
1.41679
1.41895
1.41888
1.4188
1.41888
1.41857
1.4184
1.41816
1.41843
1.41898
1.4191
1.41893
1.41836
1.41844
1.41967
1.42239
1.42783
1.43601
1.44377
1.44613
1.44611
1.44602
1.44611
1.44659
1.44738
1.44814
1.44868
1.44881
1.44863
1.44829
1.44781
1.44731
1.4467
1.44585
1.44487
1.44374
1.44249
1.44122
1.44023
1.43952
1.43895
1.43849
1.43819
1.43788
1.43712
1.43613
1.4351
1.43398
1.43277
1.43162
0.62007
0.62007
0.62007
0.62007
0.62007
0.62007
0.62007
0.62007
0.62007
0.62007
0.62007
0.620071
0.620719
0.666373
0.981171
1.33088
1.42326
1.41803
1.42025
1.42085
1.41996
1.41965
1.4187
1.4177
1.41749
1.41746
1.41806
1.41855
1.41857
1.41846
1.41814
1.41865
1.42023
1.42363
1.43
1.43836
1.44466
1.44612
1.44613
1.44618
1.4465
1.447
1.4477
1.44838
1.44886
1.44906
1.44893
1.44862
1.44812
1.44749
1.44675
1.44588
1.44484
1.4437
1.44249
1.44124
1.44015
1.43939
1.43878
1.43818
1.43758
1.43698
1.43611
1.4351
1.43409
1.43306
1.43197
1.43102
0.62007
0.62007
0.62007
0.62007
0.62007
0.62007
0.62007
0.62007
0.62007
0.62007
0.62007
0.62007
0.620071
0.620401
0.653016
0.916567
1.31153
1.39392
1.41426
1.41986
1.42051
1.42088
1.41831
1.41628
1.41605
1.4167
1.41775
1.41795
1.41779
1.41729
1.41707
1.41799
1.42003
1.42426
1.43137
1.43919
1.44433
1.44566
1.44597
1.44632
1.44684
1.4473
1.44776
1.44827
1.44862
1.44875
1.44887
1.44876
1.44825
1.44761
1.44683
1.44595
1.44493
1.44382
1.44269
1.44152
1.44036
1.43937
1.4386
1.43788
1.43707
1.43619
1.43515
1.43409
1.43307
1.43218
1.43121
1.43045
0.62007
0.62007
0.62007
0.62007
0.62007
0.62007
0.62007
0.62007
0.62007
0.62007
0.62007
0.62007
0.62007
0.62007
0.62026
0.637863
0.874719
1.24729
1.41705
1.42444
1.42431
1.42076
1.41604
1.41486
1.415
1.41632
1.4179
1.41816
1.41792
1.41705
1.41681
1.41777
1.42011
1.42494
1.43253
1.43982
1.44378
1.44507
1.44568
1.44645
1.44716
1.44765
1.44799
1.44813
1.44819
1.44813
1.44811
1.44813
1.44776
1.44725
1.44675
1.44599
1.44503
1.444
1.44292
1.44181
1.44068
1.43959
1.43856
1.43761
1.43667
1.43565
1.43454
1.43347
1.43244
1.43161
1.43072
1.42991
0.62007
0.62007
0.62007
0.62007
0.62007
0.62007
0.62007
0.62007
0.62007
0.62007
0.62007
0.62007
0.62007
0.62007
0.62007
0.62014
0.63198
0.802971
1.22072
1.38785
1.41657
1.41731
1.41416
1.41506
1.41597
1.41691
1.41855
1.41953
1.41962
1.41891
1.4183
1.41882
1.42102
1.4262
1.43408
1.4409
1.44401
1.44501
1.44563
1.44663
1.44754
1.44802
1.44823
1.44818
1.44796
1.44769
1.44744
1.44724
1.44691
1.44654
1.44617
1.44573
1.445
1.44402
1.44296
1.44186
1.44079
1.43974
1.43865
1.43755
1.43646
1.43537
1.43427
1.43321
1.4322
1.43136
1.43043
1.42947
0.62007
0.62007
0.62007
0.62007
0.62007
0.62007
0.62007
0.62007
0.62007
0.62007
0.62007
0.62007
0.62007
0.62007
0.62007
0.62007
0.620106
0.625312
0.762651
1.13941
1.39975
1.42264
1.4189
1.41839
1.4172
1.41766
1.41879
1.42004
1.42028
1.41998
1.4199
1.42048
1.42253
1.42777
1.43584
1.44229
1.44491
1.44571
1.44621
1.44715
1.44815
1.44853
1.44863
1.44839
1.44792
1.44752
1.44714
1.44678
1.44638
1.44603
1.44562
1.44519
1.44469
1.44383
1.44281
1.44174
1.44069
1.43971
1.4387
1.43763
1.43651
1.43539
1.43429
1.4332
1.43214
1.43126
1.43026
1.42919
0.62007
0.62007
0.62007
0.62007
0.62007
0.62007
0.62007
0.62007
0.62007
0.62007
0.62007
0.62007
0.62007
0.62007
0.62007
0.62007
0.62007
0.62008
0.622939
0.714195
1.09097
1.34691
1.41503
1.42131
1.41662
1.41625
1.41812
1.41971
1.41996
1.41984
1.41999
1.42113
1.42362
1.42943
1.43791
1.44436
1.44666
1.44718
1.44756
1.44816
1.44871
1.44895
1.44895
1.44869
1.4482
1.44768
1.44714
1.44666
1.44633
1.44597
1.44542
1.44481
1.44427
1.44345
1.44246
1.44147
1.44051
1.43959
1.43864
1.43765
1.43663
1.43553
1.43441
1.43327
1.43215
1.43111
1.43003
1.42891
0.62007
0.62007
0.62007
0.62007
0.62007
0.62007
0.62007
0.62007
0.62007
0.62007
0.62007
0.62007
0.62007
0.62007
0.62007
0.62007
0.62007
0.62007
0.620074
0.621331
0.682386
0.99502
1.34257
1.41654
1.41277
1.41767
1.41872
1.41742
1.41774
1.41808
1.41942
1.42131
1.42451
1.43111
1.43981
1.44559
1.44747
1.44801
1.44839
1.44878
1.44898
1.44911
1.44902
1.44876
1.44838
1.44799
1.44755
1.44709
1.44669
1.44618
1.44545
1.44479
1.44415
1.44327
1.44224
1.44114
1.44005
1.4391
1.43835
1.43755
1.43662
1.4356
1.43449
1.4333
1.43207
1.43086
1.42967
1.42851
0.62007
0.62007
0.62007
0.62007
0.62007
0.62007
0.62007
0.62007
0.62007
0.62007
0.62007
0.62007
0.62007
0.62007
0.62007
0.62007
0.62007
0.62007
0.62007
0.620072
0.620597
0.655993
0.915671
1.2923
1.40398
1.42692
1.42215
1.41605
1.41638
1.41675
1.4189
1.42153
1.42568
1.43311
1.44137
1.44564
1.44711
1.44794
1.44815
1.44822
1.44833
1.44836
1.44835
1.44832
1.44829
1.4482
1.44792
1.44759
1.44723
1.44667
1.44591
1.44511
1.44424
1.44328
1.44224
1.44114
1.43993
1.4387
1.43777
1.43707
1.43645
1.43554
1.43445
1.43321
1.43188
1.43048
1.42913
1.42791
0.62007
0.62007
0.62007
0.62007
0.62007
0.62007
0.62007
0.62007
0.62007
0.62007
0.62007
0.62007
0.62007
0.62007
0.62007
0.62007
0.62007
0.62007
0.62007
0.62007
0.620071
0.620287
0.636626
0.84743
1.21739
1.41506
1.41965
1.41766
1.41593
1.41637
1.4195
1.42211
1.42747
1.43587
1.44303
1.4459
1.44687
1.44765
1.44781
1.44771
1.44755
1.44753
1.44761
1.4477
1.44778
1.44793
1.44801
1.44785
1.44746
1.44683
1.44608
1.44526
1.44436
1.4434
1.44239
1.4413
1.44003
1.43862
1.4374
1.43653
1.43594
1.43531
1.43428
1.43302
1.43163
1.43014
1.42864
1.42726
0.62007
0.62007
0.62007
0.62007
0.62007
0.62007
0.62007
0.62007
0.62007
0.62007
0.62007
0.62007
0.62007
0.62007
0.62007
0.62007
0.62007
0.62007
0.62007
0.62007
0.62007
0.62007
0.62013
0.62898
0.766911
1.1633
1.36947
1.42217
1.41995
1.4174
1.42062
1.4237
1.43022
1.43913
1.44433
1.44621
1.44707
1.44778
1.44799
1.44796
1.44774
1.44761
1.44773
1.44783
1.44791
1.4479
1.44783
1.44772
1.44734
1.44672
1.44599
1.44517
1.4443
1.44343
1.44259
1.44166
1.44051
1.43894
1.43729
1.43603
1.43513
1.43446
1.43368
1.43256
1.43135
1.42998
1.42845
1.4269
0.62007
0.62007
0.62007
0.62007
0.62007
0.62007
0.62007
0.62007
0.62007
0.62007
0.62007
0.62007
0.62007
0.62007
0.62007
0.62007
0.62007
0.62007
0.62007
0.62007
0.62007
0.62007
0.62007
0.620092
0.623259
0.716823
1.05785
1.36589
1.41472
1.41631
1.42227
1.42681
1.43293
1.44087
1.44519
1.44699
1.44826
1.44909
1.44945
1.44948
1.44913
1.44873
1.44868
1.44881
1.44872
1.44837
1.44792
1.44732
1.44661
1.44594
1.44517
1.44438
1.44367
1.44309
1.44256
1.4418
1.44074
1.43927
1.43744
1.43563
1.43427
1.43335
1.43262
1.43179
1.43071
1.42954
1.4282
1.42657
0.62007
0.62007
0.62007
0.62007
0.62007
0.62007
0.62007
0.62007
0.62007
0.62007
0.62007
0.62007
0.62007
0.62007
0.62007
0.62007
0.62007
0.62007
0.62007
0.62007
0.62007
0.62007
0.62007
0.62007
0.620075
0.621312
0.675139
0.969798
1.30178
1.4135
1.42807
1.42782
1.43385
1.44055
1.44547
1.44742
1.44878
1.44986
1.45063
1.45113
1.45107
1.45047
1.45008
1.45004
1.44978
1.44929
1.44845
1.4472
1.44594
1.44501
1.44419
1.4434
1.44264
1.44195
1.44138
1.44081
1.4399
1.43867
1.43707
1.43515
1.43335
1.43211
1.43119
1.4303
1.42927
1.42817
1.42701
1.42544
0.62007
0.62007
0.62007
0.62007
0.62007
0.62007
0.62007
0.62007
0.62007
0.62007
0.62007
0.62007
0.62007
0.62007
0.62007
0.62007
0.62007
0.62007
0.62007
0.62007
0.62007
0.62007
0.62007
0.62007
0.62007
0.620072
0.62052
0.645984
0.870001
1.25895
1.39009
1.41773
1.43599
1.4434
1.44475
1.44531
1.44608
1.44791
1.45015
1.45144
1.45194
1.45125
1.45043
1.45013
1.44979
1.44928
1.44852
1.44724
1.44566
1.44457
1.44377
1.44295
1.44201
1.4409
1.43987
1.439
1.4381
1.43702
1.43577
1.43424
1.43246
1.43081
1.42963
1.42858
1.4275
1.42642
1.42532
1.42381
0.62007
0.62007
0.62007
0.62007
0.62007
0.62007
0.62007
0.62007
0.62007
0.62007
0.62007
0.62007
0.62007
0.62007
0.62007
0.62007
0.62007
0.62007
0.62007
0.62007
0.62007
0.62007
0.62007
0.62007
0.62007
0.62007
0.620071
0.620192
0.631502
0.787884
1.14261
1.40623
1.44923
1.45008
1.4442
1.44303
1.44361
1.44678
1.44982
1.45098
1.45114
1.45007
1.44871
1.44815
1.44786
1.4475
1.44695
1.44606
1.44478
1.44382
1.44308
1.44227
1.4412
1.4397
1.43804
1.43681
1.43588
1.43501
1.43401
1.43283
1.43135
1.4296
1.42808
1.42694
1.42584
1.42479
1.42369
1.42226
0.62007
0.62007
0.62007
0.62007
0.62007
0.62007
0.62007
0.62007
0.62007
0.62007
0.62007
0.62007
0.62007
0.62007
0.62007
0.62007
0.62007
0.62007
0.62007
0.62007
0.62007
0.62007
0.62007
0.62007
0.62007
0.62007
0.62007
0.62007
0.620103
0.623929
0.71545
1.0742
1.37985
1.43519
1.44174
1.44315
1.4456
1.44922
1.45117
1.45108
1.45014
1.44792
1.44633
1.44575
1.44562
1.44543
1.44498
1.44414
1.44301
1.44236
1.44182
1.44105
1.43995
1.4384
1.43644
1.43478
1.43373
1.43295
1.43217
1.43123
1.43003
1.42844
1.42676
1.4255
1.42436
1.42333
1.42223
1.42089
0.62007
0.62007
0.62007
0.62007
0.62007
0.62007
0.62007
0.62007
0.62007
0.62007
0.62007
0.62007
0.62007
0.62007
0.62007
0.62007
0.62007
0.62007
0.62007
0.62007
0.62007
0.62007
0.62007
0.62007
0.62007
0.62007
0.62007
0.62007
0.62007
0.620076
0.62139
0.674949
0.981207
1.32917
1.45146
1.45433
1.45112
1.45121
1.45017
1.44989
1.44843
1.44543
1.44442
1.44429
1.44494
1.44497
1.44439
1.4432
1.44165
1.44087
1.44035
1.43961
1.43857
1.43724
1.43547
1.43364
1.43247
1.43167
1.43093
1.43002
1.42885
1.42739
1.42583
1.42453
1.42334
1.42228
1.42114
1.41986
0.62007
0.62007
0.62007
0.62007
0.62007
0.62007
0.62007
0.62007
0.62007
0.62007
0.62007
0.62007
0.62007
0.62007
0.62007
0.62007
0.62007
0.62007
0.62007
0.62007
0.62007
0.62007
0.62007
0.62007
0.62007
0.62007
0.62007
0.62007
0.62007
0.62007
0.620072
0.620494
0.648997
0.877038
1.3075
1.41803
1.43803
1.44334
1.44529
1.44635
1.4451
1.44326
1.44265
1.44341
1.44495
1.44496
1.44416
1.44246
1.44048
1.43942
1.43874
1.43819
1.43734
1.43631
1.43494
1.4332
1.43179
1.43082
1.42993
1.42898
1.4279
1.4267
1.42537
1.42408
1.42279
1.42162
1.42043
1.41911
0.62007
0.62007
0.62007
0.62007
0.62007
0.62007
0.62007
0.62007
0.62007
0.62007
0.62007
0.62007
0.62007
0.62007
0.62007
0.62007
0.62007
0.62007
0.62007
0.62007
0.62007
0.62007
0.62007
0.62007
0.62007
0.62007
0.62007
0.62007
0.62007
0.62007
0.62007
0.620071
0.620212
0.631277
0.823201
1.21309
1.43656
1.45322
1.45271
1.44895
1.44294
1.44154
1.44166
1.44311
1.44445
1.44412
1.44306
1.44104
1.43921
1.4382
1.43747
1.43713
1.43656
1.43568
1.43451
1.43291
1.43139
1.43032
1.42937
1.42845
1.42745
1.42637
1.42515
1.42388
1.42254
1.42123
1.41989
1.41845
0.62007
0.62007
0.62007
0.62007
0.62007
0.62007
0.62007
0.62007
0.62007
0.62007
0.62007
0.62007
0.62007
0.62007
0.62007
0.62007
0.62007
0.62007
0.62007
0.62007
0.62007
0.62007
0.62007
0.62007
0.62007
0.62007
0.62007
0.62007
0.62007
0.62007
0.62007
0.62007
0.62007
0.620104
0.626024
0.750629
1.15182
1.39558
1.45017
1.45242
1.44661
1.44528
1.44433
1.44452
1.44448
1.4437
1.44219
1.44011
1.43862
1.43769
1.43704
1.43665
1.4361
1.43524
1.43412
1.43266
1.43125
1.43012
1.42904
1.42801
1.42699
1.426
1.42496
1.42384
1.42259
1.42116
1.41958
1.41791
0.62007
0.62007
0.62007
0.62007
0.62007
0.62007
0.62007
0.62007
0.62007
0.62007
0.62007
0.62007
0.62007
0.62007
0.62007
0.62007
0.62007
0.62007
0.62007
0.62007
0.62007
0.62007
0.62007
0.62007
0.62007
0.62007
0.62007
0.62007
0.62007
0.62007
0.62007
0.62007
0.62007
0.62007
0.620082
0.622387
0.70154
1.05765
1.37174
1.44968
1.45065
1.44842
1.44553
1.44458
1.44454
1.44334
1.44191
1.44
1.43898
1.43828
1.43752
1.4368
1.43587
1.43485
1.43366
1.43238
1.43117
1.42993
1.42869
1.42746
1.42631
1.42532
1.42449
1.42349
1.42226
1.42088
1.41928
1.41756
0.62007
0.62007
0.62007
0.62007
0.62007
0.62007
0.62007
0.62007
0.62007
0.62007
0.62007
0.62007
0.62007
0.62007
0.62007
0.62007
0.62007
0.62007
0.62007
0.62007
0.62007
0.62007
0.62007
0.62007
0.62007
0.62007
0.62007
0.62007
0.62007
0.62007
0.62007
0.62007
0.62007
0.62007
0.62007
0.620073
0.620919
0.668166
0.946098
1.34959
1.43469
1.44497
1.44264
1.44473
1.4448
1.44342
1.44122
1.43999
1.4396
1.43933
1.43847
1.43715
1.43559
1.43434
1.43328
1.4323
1.43123
1.42999
1.42861
1.42713
1.42582
1.42477
1.42391
1.42297
1.42181
1.42054
1.41913
1.41749
0.62007
0.62007
0.62007
0.62007
0.62007
0.62007
0.62007
0.62007
0.62007
0.62007
0.62007
0.62007
0.62007
0.62007
0.62007
0.62007
0.62007
0.62007
0.62007
0.62007
0.62007
0.62007
0.62007
0.62007
0.62007
0.62007
0.62007
0.62007
0.62007
0.62007
0.62007
0.62007
0.62007
0.62007
0.62007
0.62007
0.620071
0.620407
0.641301
0.872929
1.27831
1.42569
1.44943
1.44918
1.44568
1.44204
1.43979
1.43918
1.43936
1.43939
1.43865
1.4373
1.43545
1.43378
1.43261
1.43172
1.43096
1.42991
1.42869
1.42727
1.42578
1.42454
1.42353
1.42259
1.4215
1.4203
1.41895
1.41743
0.62007
0.62007
0.62007
0.62007
0.62007
0.62007
0.62007
0.62007
0.62007
0.62007
0.62007
0.62007
0.62007
0.62007
0.62007
0.62007
0.62007
0.62007
0.62007
0.62007
0.62007
0.62007
0.62007
0.62007
0.62007
0.62007
0.62007
0.62007
0.62007
0.62007
0.62007
0.62007
0.62007
0.62007
0.62007
0.62007
0.62007
0.62007
0.620162
0.63017
0.795057
1.17058
1.42864
1.44517
1.44212
1.43935
1.43925
1.43933
1.43946
1.43965
1.43876
1.43711
1.43497
1.43304
1.43186
1.43102
1.43042
1.42958
1.42839
1.42707
1.42578
1.4247
1.42367
1.4226
1.42146
1.42025
1.41891
1.41748
0.62007
0.62007
0.62007
0.62007
0.62007
0.62007
0.62007
0.62007
0.62007
0.62007
0.62007
0.62007
0.62007
0.62007
0.62007
0.62007
0.62007
0.62007
0.62007
0.62007
0.62007
0.62007
0.62007
0.62007
0.62007
0.62007
0.62007
0.62007
0.62007
0.62007
0.62007
0.62007
0.62007
0.62007
0.62007
0.62007
0.62007
0.62007
0.62007
0.620097
0.624213
0.716044
1.10173
1.37056
1.44216
1.44527
1.44469
1.44169
1.44066
1.44015
1.43891
1.4369
1.43504
1.43319
1.43187
1.43096
1.43016
1.42909
1.4278
1.42653
1.42549
1.42466
1.4238
1.42275
1.42163
1.42037
1.41899
1.41755
0.62007
0.62007
0.62007
0.62007
0.62007
0.62007
0.62007
0.62007
0.62007
0.62007
0.62007
0.62007
0.62007
0.62007
0.62007
0.62007
0.62007
0.62007
0.62007
0.62007
0.62007
0.62007
0.62007
0.62007
0.62007
0.62007
0.62007
0.62007
0.62007
0.62007
0.62007
0.62007
0.62007
0.62007
0.62007
0.62007
0.62007
0.62007
0.62007
0.62007
0.620077
0.6213
0.679345
0.968905
1.33321
1.4409
1.44335
1.44158
1.44021
1.43918
1.43817
1.43683
1.43545
1.43428
1.4332
1.43213
1.43068
1.42902
1.42739
1.42612
1.42519
1.42452
1.42393
1.42298
1.42184
1.42053
1.41908
1.41754
0.62007
0.62007
0.62007
0.62007
0.62007
0.62007
0.62007
0.62007
0.62007
0.62007
0.62007
0.62007
0.62007
0.62007
0.62007
0.62007
0.62007
0.62007
0.62007
0.62007
0.62007
0.62007
0.62007
0.62007
0.62007
0.62007
0.62007
0.62007
0.62007
0.62007
0.62007
0.62007
0.62007
0.62007
0.62007
0.62007
0.62007
0.62007
0.62007
0.62007
0.62007
0.620072
0.62055
0.645343
0.860803
1.27324
1.4193
1.44377
1.44273
1.43865
1.43634
1.4361
1.43559
1.43481
1.4338
1.43256
1.43104
1.42939
1.42762
1.42607
1.42511
1.42443
1.42398
1.42316
1.422
1.42066
1.41916
1.4175
0.62007
0.62007
0.62007
0.62007
0.62007
0.62007
0.62007
0.62007
0.62007
0.62007
0.62007
0.62007
0.62007
0.62007
0.62007
0.62007
0.62007
0.62007
0.62007
0.62007
0.62007
0.62007
0.62007
0.62007
0.62007
0.62007
0.62007
0.62007
0.62007
0.62007
0.62007
0.62007
0.62007
0.62007
0.62007
0.62007
0.62007
0.62007
0.62007
0.62007
0.62007
0.62007
0.620071
0.620184
0.629249
0.785515
1.14569
1.41546
1.44193
1.43486
1.43427
1.43457
1.43483
1.43406
1.43254
1.4315
1.43043
1.42917
1.4279
1.4265
1.4253
1.42445
1.42386
1.42312
1.42197
1.42065
1.41922
1.41753
0.62007
0.62007
0.62007
0.62007
0.62007
0.62007
0.62007
0.62007
0.62007
0.62007
0.62007
0.62007
0.62007
0.62007
0.62007
0.62007
0.62007
0.62007
0.62007
0.62007
0.62007
0.62007
0.62007
0.62007
0.62007
0.62007
0.62007
0.62007
0.62007
0.62007
0.62007
0.62007
0.62007
0.62007
0.62007
0.62007
0.62007
0.62007
0.62007
0.62007
0.62007
0.62007
0.62007
0.62007
0.620094
0.623729
0.702615
1.03899
1.34742
1.43287
1.44566
1.44177
1.43682
1.43295
1.4311
1.43033
1.42996
1.429
1.42795
1.42683
1.42538
1.42431
1.42356
1.4228
1.42168
1.42041
1.41908
1.4175
0.62007
0.62007
0.62007
0.62007
0.62007
0.62007
0.62007
0.62007
0.62007
0.62007
0.62007
0.62007
0.62007
0.62007
0.62007
0.62007
0.62007
0.62007
0.62007
0.62007
0.62007
0.62007
0.62007
0.62007
0.62007
0.62007
0.62007
0.62007
0.62007
0.62007
0.62007
0.62007
0.62007
0.62007
0.62007
0.62007
0.62007
0.62007
0.62007
0.62007
0.62007
0.62007
0.62007
0.62007
0.62007
0.620076
0.62097
0.658695
0.908773
1.26475
1.42993
1.44103
1.43518
1.43158
1.43184
1.43218
1.43141
1.43013
1.42864
1.42715
1.42568
1.42449
1.42352
1.42247
1.42122
1.41992
1.41865
1.41729
0.62007
0.62007
0.62007
0.62007
0.62007
0.62007
0.62007
0.62007
0.62007
0.62007
0.62007
0.62007
0.62007
0.62007
0.62007
0.62007
0.62007
0.62007
0.62007
0.62007
0.62007
0.62007
0.62007
0.62007
0.62007
0.62007
0.62007
0.62007
0.62007
0.62007
0.62007
0.62007
0.62007
0.62007
0.62007
0.62007
0.62007
0.62007
0.62007
0.62007
0.62007
0.62007
0.62007
0.62007
0.62007
0.62007
0.620071
0.620307
0.634565
0.784659
1.18188
1.38592
1.43049
1.43695
1.43645
1.43584
1.43366
1.43141
1.42928
1.4277
1.42652
1.42527
1.42393
1.42238
1.42092
1.41955
1.41834
1.41716
0.62007
0.62007
0.62007
0.62007
0.62007
0.62007
0.62007
0.62007
0.62007
0.62007
0.62007
0.62007
0.62007
0.62007
0.62007
0.62007
0.62007
0.62007
0.62007
0.62007
0.62007
0.62007
0.62007
0.62007
0.62007
0.62007
0.62007
0.62007
0.62007
0.62007
0.62007
0.62007
0.62007
0.62007
0.62007
0.62007
0.62007
0.62007
0.62007
0.62007
0.62007
0.62007
0.62007
0.62007
0.62007
0.62007
0.62007
0.62007
0.620115
0.623885
0.715027
1.03464
1.33612
1.43526
1.4392
1.4343
1.42993
1.42753
1.42679
1.42643
1.42627
1.42557
1.42425
1.4226
1.42107
1.41968
1.41856
1.41748
0.62007
0.62007
0.62007
0.62007
0.62007
0.62007
0.62007
0.62007
0.62007
0.62007
0.62007
0.62007
0.62007
0.62007
0.62007
0.62007
0.62007
0.62007
0.62007
0.62007
0.62007
0.62007
0.62007
0.62007
0.62007
0.62007
0.62007
0.62007
0.62007
0.62007
0.62007
0.62007
0.62007
0.62007
0.62007
0.62007
0.62007
0.62007
0.62007
0.62007
0.62007
0.62007
0.62007
0.62007
0.62007
0.62007
0.62007
0.62007
0.62007
0.620077
0.62122
0.660169
0.877814
1.27533
1.40974
1.42821
1.4264
1.42295
1.4241
1.42519
1.42584
1.42545
1.42395
1.42232
1.42093
1.41976
1.41884
1.41783
0.62007
0.62007
0.62007
0.62007
0.62007
0.62007
0.62007
0.62007
0.62007
0.62007
0.62007
0.62007
0.62007
0.62007
0.62007
0.62007
0.62007
0.62007
0.62007
0.62007
0.62007
0.62007
0.62007
0.62007
0.62007
0.62007
0.62007
0.62007
0.62007
0.62007
0.62007
0.62007
0.62007
0.62007
0.62007
0.62007
0.62007
0.62007
0.62007
0.62007
0.62007
0.62007
0.62007
0.62007
0.62007
0.62007
0.62007
0.62007
0.62007
0.62007
0.620071
0.62031
0.630931
0.782209
1.11443
1.38478
1.4339
1.42668
1.42779
1.42824
1.42687
1.42551
1.42378
1.42193
1.4206
1.41949
1.4187
1.41779
0.62007
0.62007
0.62007
0.62007
0.62007
0.62007
0.62007
0.62007
0.62007
0.62007
0.62007
0.62007
0.62007
0.62007
0.62007
0.62007
0.62007
0.62007
0.62007
0.62007
0.62007
0.62007
0.62007
0.62007
0.62007
0.62007
0.62007
0.62007
0.62007
0.62007
0.62007
0.62007
0.62007
0.62007
0.62007
0.62007
0.62007
0.62007
0.62007
0.62007
0.62007
0.62007
0.62007
0.62007
0.62007
0.62007
0.62007
0.62007
0.62007
0.62007
0.62007
0.62007
0.6201
0.623526
0.688358
0.97608
1.29139
1.41341
1.43662
1.43565
1.42832
1.42642
1.42405
1.42164
1.42021
1.41909
1.4184
1.41752
0.62007
0.62007
0.62007
0.62007
0.62007
0.62007
0.62007
0.62007
0.62007
0.62007
0.62007
0.62007
0.62007
0.62007
0.62007
0.62007
0.62007
0.62007
0.62007
0.62007
0.62007
0.62007
0.62007
0.62007
0.62007
0.62007
0.62007
0.62007
0.62007
0.62007
0.62007
0.62007
0.62007
0.62007
0.62007
0.62007
0.62007
0.62007
0.62007
0.62007
0.62007
0.62007
0.62007
0.62007
0.62007
0.62007
0.62007
0.62007
0.62007
0.62007
0.62007
0.62007
0.62007
0.620075
0.620702
0.644062
0.824053
1.17751
1.39256
1.41623
1.4183
1.42322
1.4248
1.4227
1.42063
1.41937
1.41842
1.41744
0.62007
0.62007
0.62007
0.62007
0.62007
0.62007
0.62007
0.62007
0.62007
0.62007
0.62007
0.62007
0.62007
0.62007
0.62007
0.62007
0.62007
0.62007
0.62007
0.62007
0.62007
0.62007
0.62007
0.62007
0.62007
0.62007
0.62007
0.62007
0.62007
0.62007
0.62007
0.62007
0.62007
0.62007
0.62007
0.62007
0.62007
0.62007
0.62007
0.62007
0.62007
0.62007
0.62007
0.62007
0.62007
0.62007
0.62007
0.62007
0.62007
0.62007
0.62007
0.62007
0.62007
0.62007
0.620071
0.620172
0.626292
0.714234
1.02836
1.30362
1.42211
1.43505
1.43384
1.42557
1.42075
1.41874
1.41768
1.41679
0.62007
0.62007
0.62007
0.62007
0.62007
0.62007
0.62007
0.62007
0.62007
0.62007
0.62007
0.62007
0.62007
0.62007
0.62007
0.62007
0.62007
0.62007
0.62007
0.62007
0.62007
0.62007
0.62007
0.62007
0.62007
0.62007
0.62007
0.62007
0.62007
0.62007
0.62007
0.62007
0.62007
0.62007
0.62007
0.62007
0.62007
0.62007
0.62007
0.62007
0.62007
0.62007
0.62007
0.62007
0.62007
0.62007
0.62007
0.62007
0.62007
0.62007
0.62007
0.62007
0.62007
0.62007
0.62007
0.62007
0.620082
0.621222
0.656985
0.849652
1.21642
1.37953
1.41786
1.41723
1.41709
1.41587
1.41573
1.41601
0.62007
0.62007
0.62007
0.62007
0.62007
0.62007
0.62007
0.62007
0.62007
0.62007
0.62007
0.62007
0.62007
0.62007
0.62007
0.62007
0.62007
0.62007
0.62007
0.62007
0.62007
0.62007
0.62007
0.62007
0.62007
0.62007
0.62007
0.62007
0.62007
0.62007
0.62007
0.62007
0.62007
0.62007
0.62007
0.62007
0.62007
0.62007
0.62007
0.62007
0.62007
0.62007
0.62007
0.62007
0.62007
0.62007
0.62007
0.62007
0.62007
0.62007
0.62007
0.62007
0.62007
0.62007
0.62007
0.62007
0.62007
0.620071
0.620288
0.628348
0.736053
1.03835
1.32044
1.42337
1.42685
1.42006
1.41787
1.41802
0.62007
0.62007
0.62007
0.62007
0.62007
0.62007
0.62007
0.62007
0.62007
0.62007
0.62007
0.62007
0.62007
0.62007
0.62007
0.62007
0.62007
0.62007
0.62007
0.62007
0.62007
0.62007
0.62007
0.62007
0.62007
0.62007
0.62007
0.62007
0.62007
0.62007
0.62007
0.62007
0.62007
0.62007
0.62007
0.62007
0.62007
0.62007
0.62007
0.62007
0.62007
0.62007
0.62007
0.62007
0.62007
0.62007
0.62007
0.62007
0.62007
0.62007
0.62007
0.62007
0.62007
0.62007
0.62007
0.62007
0.62007
0.62007
0.62007
0.620089
0.621765
0.661952
0.859594
1.21876
1.36661
1.41654
1.42188
1.42046
0.62007
0.62007
0.62007
0.62007
0.62007
0.62007
0.62007
0.62007
0.62007
0.62007
0.62007
0.62007
0.62007
0.62007
0.62007
0.62007
0.62007
0.62007
0.62007
0.62007
0.62007
0.62007
0.62007
0.62007
0.62007
0.62007
0.62007
0.62007
0.62007
0.62007
0.62007
0.62007
0.62007
0.62007
0.62007
0.62007
0.62007
0.62007
0.62007
0.62007
0.62007
0.62007
0.62007
0.62007
0.62007
0.62007
0.62007
0.62007
0.62007
0.62007
0.62007
0.62007
0.62007
0.62007
0.62007
0.62007
0.62007
0.62007
0.62007
0.62007
0.620072
0.620333
0.628855
0.738223
1.01315
1.32872
1.4009
1.41261
0.62007
0.62007
0.62007
0.62007
0.62007
0.62007
0.62007
0.62007
0.62007
0.62007
0.62007
0.62007
0.62007
0.62007
0.62007
0.62007
0.62007
0.62007
0.62007
0.62007
0.62007
0.62007
0.62007
0.62007
0.62007
0.62007
0.62007
0.62007
0.62007
0.62007
0.62007
0.62007
0.62007
0.62007
0.62007
0.62007
0.62007
0.62007
0.62007
0.62007
0.62007
0.62007
0.62007
0.62007
0.62007
0.62007
0.62007
0.62007
0.62007
0.62007
0.62007
0.62007
0.62007
0.62007
0.62007
0.62007
0.62007
0.62007
0.62007
0.62007
0.62007
0.62007
0.620091
0.621879
0.654797
0.851554
1.1644
1.3721
0.62007
0.62007
0.62007
0.62007
0.62007
0.62007
0.62007
0.62007
0.62007
0.62007
0.62007
0.62007
0.62007
0.62007
0.62007
0.62007
0.62007
0.62007
0.62007
0.62007
0.62007
0.62007
0.62007
0.62007
0.62007
0.62007
0.62007
0.62007
0.62007
0.62007
0.62007
0.62007
0.62007
0.62007
0.62007
0.62007
0.62007
0.62007
0.62007
0.62007
0.62007
0.62007
0.62007
0.62007
0.62007
0.62007
0.62007
0.62007
0.62007
0.62007
0.62007
0.62007
0.62007
0.62007
0.62007
0.62007
0.62007
0.62007
0.62007
0.62007
0.62007
0.62007
0.62007
0.620072
0.620264
0.627943
0.715001
0.968625
0.62007
0.62007
0.62007
0.62007
0.62007
0.62007
0.62007
0.62007
0.62007
0.62007
0.62007
0.62007
0.62007
0.62007
0.62007
0.62007
0.62007
0.62007
0.62007
0.62007
0.62007
0.62007
0.62007
0.62007
0.62007
0.62007
0.62007
0.62007
0.62007
0.62007
0.62007
0.62007
0.62007
0.62007
0.62007
0.62007
0.62007
0.62007
0.62007
0.62007
0.62007
0.62007
0.62007
0.62007
0.62007
0.62007
0.62007
0.62007
0.62007
0.62007
0.62007
0.62007
0.62007
0.62007
0.62007
0.62007
0.62007
0.62007
0.62007
0.62007
0.62007
0.62007
0.62007
0.62007
0.62007
0.620087
0.621784
0.624278
0.62007
0.62007
0.62007
0.62007
0.62007
0.62007
0.62007
0.62007
0.62007
0.62007
0.62007
0.62007
0.62007
0.62007
0.62007
0.62007
0.62007
0.62007
0.62007
0.62007
0.62007
0.62007
0.62007
0.62007
0.62007
0.62007
0.62007
0.62007
0.62007
0.62007
0.62007
0.62007
0.62007
0.62007
0.62007
0.62007
0.62007
0.62007
0.62007
0.62007
0.62007
0.62007
0.62007
0.62007
0.62007
0.62007
0.62007
0.62007
0.62007
0.62007
0.62007
0.62007
0.62007
0.62007
0.62007
0.62007
0.62007
0.62007
0.62007
0.62007
0.62007
0.62007
0.62007
0.62007
0.62007
0.62007
0.620076
0.619768
0.62007
0.62007
0.62007
0.62007
0.62007
0.62007
0.62007
0.62007
0.62007
0.62007
0.62007
0.62007
0.62007
0.62007
0.62007
0.62007
0.62007
0.62007
0.62007
0.62007
0.62007
0.62007
0.62007
0.62007
0.62007
0.62007
0.62007
0.62007
0.62007
0.62007
0.62007
0.62007
0.62007
0.62007
0.62007
0.62007
0.62007
0.62007
0.62007
0.62007
0.62007
0.62007
0.62007
0.62007
0.62007
0.62007
0.62007
0.62007
0.62007
0.62007
0.62007
0.62007
0.62007
0.62007
0.62007
0.62007
0.62007
0.62007
0.62007
0.62007
0.62007
0.62007
0.62007
0.62007
0.62007
0.62007
0.62007
0.620039
0.62007
0.62007
0.62007
0.62007
0.62007
0.62007
0.62007
0.62007
0.62007
0.62007
0.62007
0.62007
0.62007
0.62007
0.62007
0.62007
0.62007
0.62007
0.62007
0.62007
0.62007
0.62007
0.62007
0.62007
0.62007
0.62007
0.62007
0.62007
0.62007
0.62007
0.62007
0.62007
0.62007
0.62007
0.62007
0.62007
0.62007
0.62007
0.62007
0.62007
0.62007
0.62007
0.62007
0.62007
0.62007
0.62007
0.62007
0.62007
0.62007
0.62007
0.62007
0.62007
0.62007
0.62007
0.62007
0.62007
0.62007
0.62007
0.62007
0.62007
0.62007
0.62007
0.62007
0.62007
0.62007
0.62007
0.62007
0.62007
0.62007
0.62007
0.62007
0.62007
0.62007
0.62007
0.62007
0.62007
0.62007
0.62007
0.62007
0.62007
0.62007
0.62007
0.62007
0.62007
0.62007
0.62007
0.62007
0.62007
0.62007
0.62007
0.62007
0.62007
0.62007
0.62007
0.62007
0.62007
0.62007
0.62007
0.62007
0.62007
0.62007
0.62007
0.62007
0.62007
0.62007
0.62007
0.62007
0.62007
0.62007
0.62007
0.62007
0.62007
0.62007
0.62007
0.62007
0.62007
0.62007
0.62007
0.62007
0.62007
0.62007
0.62007
0.62007
0.62007
0.62007
0.62007
0.62007
0.62007
0.62007
0.62007
0.62007
0.62007
0.62007
0.62007
0.62007
0.62007
0.62007
0.62007
0.62007
0.62007
0.62007
0.62007
0.62007
0.62007
0.62007
0.62007
0.62007
0.62007
0.62007
0.62007
0.62007
0.62007
0.62007
0.62007
0.62007
0.62007
0.62007
0.62007
0.62007
0.62007
0.62007
0.62007
0.62007
0.62007
0.62007
0.62007
0.62007
0.62007
0.62007
0.62007
0.62007
0.62007
0.62007
0.62007
0.62007
0.62007
0.62007
0.62007
0.62007
0.62007
0.62007
0.62007
0.62007
0.62007
0.62007
0.62007
0.62007
0.62007
0.62007
0.62007
0.62007
0.62007
0.62007
0.62007
0.62007
0.62007
0.62007
0.62007
0.62007
0.62007
0.62007
0.62007
0.62007
0.62007
0.62007
0.62007
0.62007
0.62007
0.62007
0.62007
0.62007
0.62007
0.62007
0.62007
0.62007
0.62007
0.62007
0.62007
0.62007
0.62007
0.62007
0.62007
0.62007
0.62007
0.62007
0.62007
0.62007
0.62007
0.62007
0.62007
0.62007
0.62007
0.62007
0.62007
0.62007
0.62007
0.62007
0.62007
0.62007
0.62007
0.62007
0.62007
0.62007
0.62007
0.62007
0.62007
0.62007
0.62007
0.62007
0.62007
0.62007
0.62007
0.62007
0.62007
0.62007
0.62007
0.62007
0.62007
0.62007
0.62007
0.62007
0.62007
0.62007
0.62007
0.62007
0.62007
0.62007
0.62007
0.62007
0.62007
0.62007
0.62007
0.62007
0.62007
0.62007
0.62007
0.62007
0.62007
0.62007
0.62007
0.62007
0.62007
0.62007
0.62007
0.62007
0.62007
0.62007
0.62007
0.62007
0.62007
0.62007
0.62007
0.62007
0.62007
0.62007
0.62007
0.62007
0.62007
0.62007
0.62007
0.62007
0.62007
0.62007
0.62007
0.62007
0.62007
0.62007
0.62007
0.62007
0.62007
0.62007
0.62007
0.62007
0.62007
0.62007
0.62007
0.62007
0.62007
0.62007
0.62007
0.62007
0.62007
0.62007
0.62007
0.62007
0.62007
0.62007
0.62007
0.62007
0.62007
0.62007
0.62007
0.62007
0.62007
0.62007
0.62007
0.62007
0.62007
0.62007
0.62007
0.62007
0.62007
0.62007
0.62007
0.62007
0.62007
0.62007
0.62007
0.62007
0.62007
0.62007
0.62007
0.62007
0.62007
0.62007
0.62007
0.62007
0.62007
0.62007
0.62007
0.62007
0.62007
0.62007
0.62007
0.62007
0.62007
0.62007
0.62007
0.62007
0.62007
0.62007
0.62007
0.62007
0.62007
0.62007
0.62007
0.62007
0.62007
0.62007
0.62007
0.62007
0.62007
0.62007
0.62007
0.62007
0.62007
0.62007
0.62007
0.62007
0.62007
0.62007
0.62007
0.62007
0.62007
0.62007
0.62007
0.62007
0.62007
0.62007
0.62007
0.62007
0.62007
0.62007
0.62007
0.62007
0.62007
0.62007
0.62007
0.62007
0.62007
0.62007
0.62007
0.62007
0.62007
0.62007
0.62007
0.62007
0.62007
0.62007
0.62007
0.62007
0.62007
0.62007
0.62007
0.62007
0.62007
0.62007
0.62007
0.62007
0.62007
0.62007
0.62007
0.62007
0.62007
0.62007
0.62007
0.62007
0.62007
0.62007
0.62007
0.62007
0.62007
0.62007
0.62007
0.62007
0.62007
0.62007
0.62007
0.62007
0.62007
0.62007
0.62007
0.62007
0.62007
0.62007
0.62007
0.62007
0.62007
0.62007
0.62007
0.62007
0.62007
0.62007
0.62007
0.62007
0.62007
0.62007
0.62007
0.62007
0.62007
0.62007
0.62007
0.62007
0.62007
0.62007
0.62007
0.62007
0.62007
0.62007
0.62007
0.62007
0.62007
0.62007
0.62007
0.62007
0.62007
0.62007
0.62007
0.62007
0.62007
0.62007
0.62007
0.62007
0.62007
0.62007
0.62007
0.62007
0.62007
0.62007
0.62007
0.62007
0.62007
0.62007
0.62007
0.62007
0.62007
0.62007
0.62007
0.62007
0.62007
0.62007
0.62007
0.62007
0.62007
0.62007
0.62007
0.62007
0.62007
0.62007
0.62007
0.62007
0.62007
0.62007
0.62007
0.62007
0.62007
0.62007
0.62007
0.62007
0.62007
0.62007
0.62007
0.62007
0.62007
0.62007
0.62007
0.62007
0.62007
0.62007
0.62007
0.62007
0.62007
0.62007
0.62007
0.62007
0.62007
0.62007
0.62007
0.62007
0.62007
0.62007
0.62007
0.62007
0.62007
0.62007
0.62007
0.62007
0.62007
0.62007
0.62007
0.62007
0.62007
0.62007
0.62007
0.62007
0.62007
0.62007
0.62007
0.62007
0.62007
0.62007
0.62007
0.62007
0.62007
0.62007
0.62007
0.62007
0.62007
0.62007
0.62007
0.62007
0.62007
0.62007
0.62007
0.62007
0.62007
0.62007
0.62007
0.62007
0.62007
0.62007
0.62007
0.62007
0.62007
0.62007
0.62007
0.62007
0.62007
0.62007
0.62007
0.62007
0.62007
0.62007
0.62007
0.62007
0.62007
0.62007
0.62007
0.62007
0.62007
0.62007
0.62007
0.62007
0.62007
0.62007
0.62007
0.62007
0.62007
0.62007
0.62007
0.62007
0.62007
0.62007
0.62007
0.62007
0.62007
0.62007
0.62007
0.62007
0.62007
0.62007
0.62007
0.62007
0.62007
0.62007
0.62007
0.62007
0.62007
0.62007
0.62007
0.62007
0.62007
0.62007
0.62007
0.62007
0.62007
0.62007
0.62007
0.62007
0.62007
0.62007
0.62007
0.62007
0.62007
0.62007
0.62007
0.62007
0.62007
0.62007
0.62007
0.62007
0.62007
0.62007
0.62007
0.62007
0.62007
0.62007
0.62007
0.62007
0.62007
0.62007
0.62007
0.62007
0.62007
0.62007
0.62007
0.62007
0.62007
0.62007
0.62007
0.62007
0.62007
0.62007
0.62007
0.62007
0.62007
0.62007
0.62007
0.62007
0.62007
0.62007
0.62007
0.62007
0.62007
0.62007
0.62007
0.62007
0.62007
0.62007
0.62007
0.62007
0.62007
0.62007
0.62007
0.62007
0.62007
0.62007
0.62007
0.62007
0.62007
0.62007
0.62007
0.62007
0.62007
0.62007
0.62007
0.62007
0.62007
0.62007
0.62007
0.62007
0.62007
0.62007
0.62007
0.62007
0.62007
0.62007
0.62007
0.62007
0.62007
0.62007
0.62007
0.62007
0.62007
0.62007
0.62007
0.62007
0.62007
0.62007
0.62007
0.62007
0.62007
0.62007
0.62007
0.62007
0.62007
0.62007
0.62007
0.62007
0.62007
0.62007
0.62007
0.62007
0.62007
0.62007
0.62007
0.62007
0.62007
0.62007
0.62007
0.62007
0.62007
0.62007
0.62007
0.62007
0.62007
0.62007
0.62007
0.62007
0.62007
0.62007
0.62007
0.62007
0.62007
0.62007
0.62007
0.62007
0.62007
0.62007
0.62007
0.62007
0.62007
0.62007
0.62007
0.62007
0.62007
0.62007
0.62007
0.62007
0.62007
0.62007
0.62007
0.62007
0.62007
0.62007
0.62007
0.62007
0.62007
0.62007
0.62007
0.62007
0.62007
0.62007
0.62007
0.62007
0.62007
0.62007
0.62007
0.62007
0.62007
0.62007
0.62007
0.62007
0.62007
0.62007
0.62007
0.62007
0.62007
0.62007
0.62007
0.62007
0.62007
0.62007
0.62007
0.62007
0.62007
0.62007
0.62007
0.62007
0.62007
0.62007
0.62007
0.62007
0.62007
0.62007
0.62007
0.62007
0.62007
0.62007
0.62007
0.62007
0.62007
0.62007
0.62007
0.62007
0.62007
0.62007
0.62007
0.62007
0.62007
0.62007
0.62007
0.62007
0.62007
0.62007
0.62007
0.62007
0.62007
0.62007
0.62007
0.62007
0.62007
0.62007
0.62007
0.62007
0.62007
0.62007
0.62007
0.62007
0.62007
0.62007
0.62007
0.62007
0.62007
0.62007
0.62007
0.62007
0.62007
0.62007
0.62007
0.62007
0.62007
0.62007
0.62007
0.62007
0.62007
0.62007
0.62007
0.62007
0.62007
0.62007
0.62007
0.62007
0.62007
0.62007
0.62007
0.62007
0.62007
0.62007
0.62007
0.62007
0.62007
0.62007
0.62007
0.62007
0.62007
0.62007
0.62007
0.62007
0.62007
0.62007
0.62007
0.62007
0.62007
0.62007
0.62007
0.62007
0.62007
0.62007
0.62007
0.62007
0.62007
0.62007
0.62007
0.62007
0.62007
0.62007
0.62007
0.62007
0.62007
0.62007
0.62007
0.62007
0.62007
0.62007
0.62007
0.62007
0.62007
0.62007
0.62007
0.62007
0.62007
0.62007
0.62007
0.62007
0.62007
0.62007
0.62007
0.62007
0.62007
0.62007
0.62007
0.62007
0.62007
0.62007
0.62007
0.62007
0.62007
0.62007
0.62007
0.62007
0.62007
0.62007
0.62007
0.62007
0.62007
0.62007
0.62007
0.62007
0.62007
0.62007
0.62007
0.62007
0.62007
0.62007
0.62007
0.62007
0.62007
0.62007
0.62007
0.62007
0.62007
0.62007
0.62007
0.62007
0.62007
0.62007
0.62007
0.62007
0.62007
0.62007
0.62007
0.62007
0.62007
0.62007
0.62007
0.62007
0.62007
0.62007
0.62007
0.62007
0.62007
0.62007
0.62007
0.62007
0.62007
0.62007
0.62007
0.62007
0.62007
0.62007
0.62007
0.62007
0.62007
0.62007
0.62007
0.62007
0.62007
0.62007
0.62007
0.62007
0.62007
0.62007
0.62007
0.62007
0.62007
0.62007
0.62007
0.62007
0.62007
0.62007
0.62007
0.62007
0.62007
0.62007
0.62007
0.62007
0.62007
0.62007
0.62007
0.62007
0.62007
0.62007
0.62007
0.62007
0.62007
0.62007
0.62007
0.62007
0.62007
0.62007
0.62007
0.62007
0.62007
0.62007
0.62007
0.62007
0.62007
0.62007
0.62007
0.62007
0.62007
0.62007
0.62007
0.62007
0.62007
0.62007
0.62007
0.62007
0.62007
0.62007
0.62007
0.62007
0.62007
0.62007
0.62007
0.62007
0.62007
0.62007
0.62007
0.62007
0.62007
0.62007
0.62007
0.62007
0.62007
0.62007
0.62007
0.62007
0.62007
0.62007
0.62007
0.62007
0.62007
0.62007
0.62007
0.62007
0.62007
0.62007
0.62007
0.62007
0.62007
0.62007
0.62007
0.62007
0.62007
0.62007
0.62007
0.62007
0.62007
0.62007
0.62007
0.62007
0.62007
0.62007
0.62007
0.62007
0.62007
0.62007
0.62007
0.62007
0.62007
0.62007
0.62007
0.62007
0.62007
0.62007
0.62007
0.62007
0.62007
0.62007
0.62007
0.62007
0.62007
0.62007
0.62007
0.62007
0.62007
0.62007
0.62007
0.62007
0.62007
0.62007
0.62007
0.62007
0.62007
0.62007
0.62007
0.62007
0.62007
0.62007
0.62007
0.62007
0.62007
0.62007
0.62007
0.62007
0.62007
0.62007
0.62007
0.62007
0.62007
0.62007
0.62007
0.62007
0.62007
0.62007
0.62007
0.62007
0.62007
0.62007
0.62007
0.62007
0.62007
0.62007
0.62007
0.62007
0.62007
0.62007
0.62007
0.62007
0.62007
0.62007
0.62007
0.62007
0.62007
0.62007
0.62007
0.62007
0.62007
0.62007
0.62007
0.62007
0.62007
0.62007
0.62007
0.62007
0.62007
0.62007
0.62007
0.62007
0.62007
0.62007
0.62007
0.62007
0.62007
0.62007
0.62007
0.62007
0.62007
0.62007
0.62007
0.62007
0.62007
0.62007
0.62007
0.62007
0.62007
0.62007
0.62007
0.62007
0.62007
0.62007
0.62007
0.62007
0.62007
0.62007
0.62007
0.62007
0.62007
0.62007
0.62007
0.62007
0.62007
0.62007
0.62007
0.62007
0.62007
0.62007
0.62007
0.62007
0.62007
0.62007
0.62007
0.62007
0.62007
0.62007
0.62007
0.62007
0.62007
0.62007
0.62007
0.62007
0.62007
0.62007
0.62007
0.62007
0.62007
0.62007
0.62007
0.62007
0.62007
0.62007
0.62007
0.62007
0.62007
0.62007
0.62007
0.62007
0.62007
0.62007
0.62007
0.62007
0.62007
0.62007
0.62007
0.62007
0.62007
0.62007
0.62007
0.62007
0.62007
0.62007
0.62007
0.62007
0.62007
0.62007
0.62007
0.62007
0.62007
0.62007
0.62007
0.62007
0.62007
0.62007
0.62007
0.62007
0.62007
0.62007
0.62007
0.62007
0.62007
0.62007
0.62007
0.62007
0.62007
0.62007
0.62007
0.62007
0.62007
0.62007
0.62007
0.62007
0.62007
0.62007
0.62007
0.62007
0.62007
0.62007
0.62007
0.62007
0.62007
0.62007
0.62007
0.62007
0.62007
0.62007
0.62007
0.62007
0.62007
0.62007
0.62007
0.62007
0.62007
0.62007
0.62007
0.62007
0.62007
0.62007
0.62007
0.62007
0.62007
0.62007
0.62007
0.62007
0.62007
0.62007
0.62007
0.62007
0.62007
0.62007
0.62007
0.62007
0.62007
0.62007
0.62007
0.62007
0.62007
0.62007
0.62007
0.62007
0.62007
0.62007
0.62007
0.62007
0.62007
0.62007
0.62007
0.62007
0.62007
0.62007
0.62007
0.62007
0.62007
0.62007
0.62007
0.62007
0.62007
0.62007
0.62007
0.62007
0.62007
0.62007
0.62007
0.62007
0.62007
0.62007
0.62007
0.62007
0.62007
0.62007
0.62007
0.62007
0.62007
0.62007
0.62007
0.62007
0.62007
0.62007
0.62007
0.62007
0.62007
0.62007
0.62007
0.62007
0.62007
0.62007
0.62007
0.62007
0.62007
0.62007
0.62007
0.62007
0.62007
0.62007
0.62007
0.62007
0.62007
0.62007
0.62007
0.62007
0.62007
0.62007
0.62007
0.62007
0.62007
0.62007
0.62007
0.62007
0.62007
0.62007
0.62007
0.62007
0.62007
0.62007
0.62007
0.62007
0.62007
0.62007
0.62007
0.62007
0.62007
0.62007
0.62007
0.62007
0.62007
0.62007
0.62007
0.62007
0.62007
0.62007
0.62007
0.62007
0.62007
0.62007
0.62007
0.62007
0.62007
0.62007
0.62007
0.62007
0.62007
0.62007
0.62007
0.62007
0.62007
0.62007
0.62007
0.62007
0.62007
0.62007
0.62007
0.62007
0.62007
0.62007
0.62007
0.62007
0.62007
0.62007
0.62007
0.62007
0.62007
0.62007
0.62007
0.62007
0.62007
0.62007
0.62007
0.62007
0.62007
0.62007
0.62007
0.62007
0.62007
0.62007
0.62007
0.62007
0.62007
0.62007
0.62007
0.62007
0.62007
0.62007
0.62007
0.62007
0.62007
0.62007
0.62007
0.62007
0.62007
0.62007
0.62007
0.62007
0.62007
0.62007
0.62007
0.62007
0.62007
0.62007
0.62007
0.62007
0.62007
0.62007
0.62007
0.62007
0.62007
0.62007
0.62007
0.62007
0.62007
0.62007
0.62007
0.62007
0.62007
0.62007
0.62007
0.62007
0.62007
0.62007
0.62007
0.62007
0.62007
0.62007
0.62007
0.62007
0.62007
0.62007
0.62007
0.62007
0.62007
0.62007
0.62007
0.62007
0.62007
0.62007
0.62007
0.62007
0.62007
0.62007
0.62007
0.62007
0.62007
0.62007
0.62007
0.62007
0.62007
0.62007
0.62007
0.62007
0.62007
0.62007
0.62007
0.62007
0.62007
0.62007
0.62007
0.62007
0.62007
0.62007
0.62007
0.62007
0.62007
0.62007
0.62007
0.62007
0.62007
0.62007
0.62007
0.62007
0.62007
0.62007
0.62007
0.62007
0.62007
0.62007
0.62007
0.62007
0.62007
0.62007
0.62007
0.62007
0.62007
0.62007
0.62007
0.62007
0.62007
0.62007
0.62007
0.62007
0.62007
0.62007
0.62007
0.62007
0.62007
0.62007
0.62007
0.62007
0.62007
0.62007
0.62007
0.62007
0.62007
0.62007
0.62007
0.62007
0.62007
0.62007
0.62007
0.62007
0.62007
0.62007
0.62007
0.62007
0.62007
0.62007
0.62007
0.62007
0.62007
0.62007
0.62007
0.62007
0.62007
0.62007
0.62007
0.62007
0.62007
0.62007
0.62007
0.62007
0.62007
0.62007
0.62007
0.62007
0.62007
0.62007
0.62007
0.62007
0.62007
0.62007
0.62007
0.62007
0.62007
0.62007
0.62007
0.62007
0.62007
0.62007
0.62007
0.62007
0.62007
0.62007
0.62007
0.62007
0.62007
0.62007
0.62007
0.62007
0.62007
0.62007
0.62007
0.62007
0.62007
0.62007
0.62007
0.62007
0.62007
0.62007
0.62007
0.62007
0.62007
0.62007
0.62007
0.62007
0.62007
0.62007
0.62007
0.62007
0.62007
0.62007
0.62007
0.62007
0.62007
0.62007
0.62007
0.62007
0.62007
0.62007
0.62007
0.62007
0.62007
0.62007
0.62007
0.62007
0.62007
0.62007
0.62007
0.62007
0.62007
0.62007
0.62007
0.62007
0.62007
0.62007
0.62007
0.62007
0.62007
0.62007
0.62007
0.62007
0.62007
0.62007
0.62007
0.62007
0.62007
0.62007
0.62007
0.62007
0.62007
0.62007
0.62007
0.62007
0.62007
0.62007
0.62007
0.62007
0.62007
0.62007
0.62007
0.62007
0.62007
0.62007
0.62007
0.62007
0.62007
0.62007
0.62007
0.62007
0.62007
0.62007
0.62007
0.62007
0.62007
0.62007
0.62007
0.62007
0.62007
0.62007
0.62007
0.62007
0.62007
0.62007
0.62007
0.62007
0.62007
0.62007
0.62007
0.62007
0.62007
0.62007
0.62007
0.62007
0.62007
0.62007
0.62007
0.62007
0.62007
0.62007
0.62007
0.62007
0.62007
0.62007
0.62007
0.62007
0.62007
0.62007
0.62007
0.62007
0.62007
0.62007
0.62007
0.62007
0.62007
0.62007
0.62007
0.62007
0.62007
0.62007
0.62007
0.62007
0.62007
0.62007
0.62007
0.62007
0.62007
0.62007
0.62007
0.62007
0.62007
0.62007
0.62007
0.62007
0.62007
0.62007
0.62007
0.62007
0.62007
0.62007
0.62007
0.62007
0.62007
0.62007
0.62007
0.62007
0.62007
0.62007
0.62007
0.62007
0.62007
0.62007
0.62007
0.62007
0.62007
0.62007
0.62007
0.62007
0.62007
0.62007
0.62007
0.62007
0.62007
0.62007
0.62007
0.62007
0.62007
0.62007
0.62007
0.62007
0.62007
0.62007
0.62007
0.62007
0.62007
0.62007
0.62007
0.62007
0.62007
0.62007
0.62007
0.62007
0.62007
0.62007
0.62007
0.62007
0.62007
0.62007
0.62007
0.62007
0.62007
0.62007
0.62007
0.62007
0.62007
0.62007
0.62007
0.62007
0.62007
0.62007
0.62007
0.62007
0.62007
0.62007
0.62007
0.62007
0.62007
0.62007
0.62007
0.62007
0.62007
0.62007
0.62007
0.62007
0.62007
0.62007
0.62007
0.62007
0.62007
0.62007
0.62007
0.62007
0.62007
0.62007
0.62007
0.62007
0.62007
0.62007
0.62007
0.62007
0.62007
0.62007
0.62007
0.62007
0.62007
0.62007
0.62007
0.62007
0.62007
0.62007
0.62007
0.62007
0.62007
0.62007
0.62007
0.62007
0.62007
0.62007
0.62007
0.62007
0.62007
0.62007
0.62007
0.62007
0.62007
0.62007
0.62007
0.62007
0.62007
0.62007
0.62007
0.62007
0.62007
0.62007
0.62007
0.62007
0.62007
0.62007
0.62007
0.62007
0.62007
0.62007
0.62007
0.62007
0.62007
0.62007
0.62007
0.62007
0.62007
0.62007
0.62007
0.62007
0.62007
0.62007
0.62007
0.62007
0.62007
0.62007
0.62007
0.62007
0.62007
0.62007
0.62007
0.62007
0.62007
0.62007
0.62007
0.62007
0.62007
0.62007
0.62007
0.62007
0.62007
0.62007
0.62007
0.62007
0.62007
0.62007
0.62007
0.62007
0.62007
0.62007
0.62007
0.62007
0.62007
0.62007
0.62007
0.62007
0.62007
0.62007
0.62007
0.62007
0.62007
0.62007
0.62007
0.62007
0.62007
0.62007
0.62007
0.62007
0.62007
0.62007
0.62007
0.62007
0.62007
0.62007
0.62007
0.62007
0.62007
0.62007
0.62007
0.62007
0.62007
0.62007
0.62007
0.62007
0.62007
0.62007
0.62007
0.62007
0.62007
0.62007
0.62007
0.62007
0.62007
0.62007
0.62007
0.62007
0.62007
0.62007
0.62007
0.62007
0.62007
0.62007
0.62007
0.62007
0.62007
0.62007
0.62007
0.62007
0.62007
0.62007
0.62007
0.62007
0.62007
0.62007
0.62007
0.62007
0.62007
0.62007
0.62007
0.62007
0.62007
0.62007
0.62007
0.62007
0.62007
0.62007
0.62007
0.62007
0.62007
0.62007
0.62007
0.62007
0.62007
0.62007
0.62007
0.62007
0.62007
0.62007
0.62007
0.62007
0.62007
0.62007
0.62007
0.62007
0.62007
0.62007
0.62007
0.62007
0.62007
0.62007
0.62007
0.62007
0.62007
0.62007
0.62007
0.62007
0.62007
0.62007
0.62007
0.62007
0.62007
0.62007
0.62007
0.62007
0.62007
0.62007
0.62007
0.62007
0.62007
0.62007
0.62007
0.62007
0.62007
0.62007
0.62007
0.62007
0.62007
0.62007
0.62007
0.62007
0.62007
0.62007
0.62007
0.62007
0.62007
0.62007
0.62007
0.62007
0.62007
0.62007
0.62007
0.62007
0.62007
0.62007
0.62007
0.62007
0.62007
0.62007
0.62007
0.62007
0.62007
0.62007
0.62007
0.62007
0.62007
0.62007
0.62007
0.62007
0.62007
0.62007
0.62007
0.62007
0.62007
0.62007
0.62007
0.847927
0.525496
0.53714
0.550752
0.580992
0.602267
0.600032
0.59455
0.594057
0.593935
0.594104
0.594146
0.593883
0.593398
0.592625
0.591616
0.590485
0.58926
0.587957
0.585411
1.08348
0.754805
0.657561
0.590726
0.59022
0.59919
0.598276
0.598117
0.597405
0.596497
0.595982
0.595606
0.595131
0.594541
0.593685
0.592607
0.591375
0.590017
0.588568
0.585903
1.17929
0.874985
0.708968
0.615555
0.603512
0.596855
0.600509
0.604722
0.603595
0.601523
0.600224
0.599301
0.59841
0.597617
0.596593
0.595315
0.593861
0.59224
0.590609
0.5877
1.24304
0.984469
0.789612
0.659842
0.622864
0.597979
0.600746
0.608866
0.608678
0.607171
0.605632
0.604222
0.603092
0.602057
0.600742
0.59925
0.597577
0.595718
0.59382
0.590483
1.28856
1.06812
0.864374
0.715078
0.646615
0.59989
0.605406
0.61151
0.61089
0.610635
0.609454
0.607836
0.606684
0.605709
0.604445
0.60298
0.601229
0.599198
0.597083
0.593499
1.32126
1.13167
0.936555
0.781736
0.685323
0.610836
0.612149
0.609754
0.610844
0.612184
0.611386
0.609683
0.608634
0.60775
0.606627
0.605293
0.603629
0.601658
0.599558
0.595955
1.34526
1.18167
1.00067
0.845971
0.728531
0.63537
0.620669
0.606837
0.609524
0.612605
0.61206
0.610385
0.609446
0.608592
0.607584
0.606393
0.604834
0.602964
0.600934
0.597435
1.36368
1.22138
1.05587
0.903952
0.778255
0.676556
0.634924
0.609336
0.609153
0.612065
0.611566
0.610598
0.60987
0.608994
0.607994
0.606828
0.605313
0.603514
0.601561
0.5982
1.37797
1.25414
1.1026
0.956416
0.828834
0.720115
0.65461
0.610546
0.611435
0.61205
0.610333
0.610585
0.610292
0.609172
0.608147
0.606969
0.60546
0.603719
0.601823
0.598574
1.38933
1.28144
1.14232
1.00438
0.87542
0.765828
0.685125
0.619488
0.618901
0.612511
0.609474
0.61073
0.610678
0.609427
0.608232
0.606976
0.605473
0.603789
0.601936
0.598773
1.39842
1.30398
1.17731
1.04634
0.919788
0.810487
0.718512
0.641354
0.625997
0.610797
0.609487
0.61132
0.610892
0.609428
0.608386
0.607051
0.605533
0.603876
0.602047
0.598946
1.40556
1.32284
1.20736
1.08382
0.961171
0.851291
0.755429
0.672251
0.636127
0.61126
0.61045
0.612315
0.611106
0.609654
0.60874
0.607225
0.605708
0.604046
0.60223
0.599172
1.41094
1.33867
1.23289
1.1175
0.998436
0.890453
0.792438
0.705453
0.652087
0.613855
0.614524
0.613499
0.610601
0.610106
0.609188
0.607428
0.605974
0.604282
0.602492
0.599481
1.41513
1.35181
1.25525
1.14704
1.03282
0.927013
0.827826
0.739893
0.674484
0.620466
0.620466
0.614927
0.610344
0.610597
0.609617
0.607635
0.606278
0.604538
0.602806
0.59986
1.41841
1.36296
1.27473
1.17314
1.06441
0.960598
0.862005
0.773846
0.699539
0.635281
0.626317
0.613647
0.610382
0.611259
0.609879
0.607787
0.606563
0.604786
0.603151
0.600274
1.42104
1.37252
1.29175
1.19655
1.09282
0.991941
0.894422
0.805737
0.727545
0.657399
0.63283
0.614044
0.611215
0.611904
0.609656
0.607928
0.606778
0.604969
0.603478
0.600688
1.4231
1.38075
1.30684
1.21743
1.11856
1.02108
0.924416
0.836736
0.755946
0.682389
0.642737
0.61522
0.614252
0.612543
0.609145
0.608069
0.606973
0.605118
0.603777
0.601069
1.42474
1.3878
1.32035
1.23614
1.14213
1.04768
0.952991
0.865918
0.783587
0.709675
0.657182
0.618314
0.618227
0.612971
0.608999
0.6084
0.607169
0.605235
0.604054
0.601409
1.42604
1.39396
1.3324
1.25324
1.16351
1.07247
0.979688
0.893448
0.810927
0.736432
0.67514
0.626562
0.622423
0.613901
0.609013
0.608786
0.607418
0.605323
0.604286
0.601701
1.42701
1.39913
1.34319
1.26893
1.18316
1.09543
1.00482
0.919543
0.837167
0.762414
0.696098
0.640426
0.626509
0.612589
0.609133
0.60938
0.607194
0.605452
0.604525
0.601977
1.42768
1.4035
1.35274
1.2832
1.20144
1.11667
1.02845
0.944478
0.862138
0.787738
0.71824
0.657752
0.631733
0.613239
0.610593
0.609826
0.606977
0.605648
0.604753
0.60221
1.42813
1.40709
1.36107
1.29621
1.21829
1.13652
1.05077
0.967912
0.886436
0.811962
0.740511
0.677826
0.640179
0.614384
0.613058
0.610216
0.60662
0.605811
0.60491
0.602362
1.42844
1.40996
1.36818
1.30784
1.23392
1.15496
1.0718
0.990274
0.909694
0.835104
0.763238
0.698616
0.651052
0.617059
0.616374
0.61113
0.606465
0.606067
0.605033
0.602486
1.42867
1.41236
1.37438
1.31821
1.24826
1.17226
1.0915
1.01158
0.931872
0.857738
0.785237
0.719701
0.665543
0.623574
0.619551
0.610505
0.606477
0.606553
0.605129
0.60249
1.4288
1.41444
1.37989
1.3275
1.26149
1.18837
1.11017
1.03176
0.95321
0.879432
0.806898
0.74093
0.681853
0.633821
0.622492
0.610479
0.606925
0.607068
0.605263
0.602518
1.42886
1.41639
1.38499
1.33598
1.27356
1.20354
1.12772
1.05104
0.973679
0.900256
0.828085
0.761684
0.699747
0.647382
0.626439
0.610857
0.607969
0.607318
0.604897
0.602585
1.42888
1.41818
1.38981
1.34387
1.28473
1.21768
1.14441
1.06942
0.993255
0.920435
0.848573
0.782031
0.718447
0.663104
0.631931
0.611648
0.609923
0.607593
0.604662
0.602707
1.42883
1.41977
1.3943
1.35137
1.29516
1.23092
1.16021
1.08693
1.01211
0.939782
0.868441
0.802011
0.737133
0.679972
0.640337
0.613253
0.612554
0.607782
0.604612
0.602941
1.42858
1.42105
1.39841
1.35848
1.30504
1.24335
1.17511
1.10367
1.03016
0.958479
0.887746
0.821161
0.756037
0.697515
0.650532
0.617184
0.615026
0.608449
0.604602
0.60342
1.42822
1.42189
1.40194
1.36514
1.31443
1.25512
1.18912
1.11956
1.04742
0.97653
0.906295
0.839912
0.774456
0.714926
0.663273
0.624267
0.617256
0.607616
0.604734
0.604039
1.42782
1.4224
1.4048
1.37111
1.32329
1.26623
1.20237
1.13457
1.0639
0.993855
0.924254
0.857984
0.792472
0.732449
0.677302
0.633574
0.619552
0.60783
0.605296
0.604824
1.42749
1.4227
1.40718
1.3763
1.3314
1.27669
1.21479
1.14876
1.07961
1.01044
0.941636
0.875317
0.810188
0.749582
0.692248
0.645148
0.622914
0.608693
0.606267
0.605366
1.42718
1.4229
1.40919
1.38086
1.33858
1.28629
1.22641
1.16213
1.09446
1.02645
0.958239
0.892355
0.827309
0.766442
0.708047
0.658016
0.627594
0.609965
0.607713
0.60587
1.42676
1.42312
1.41102
1.38497
1.34514
1.29499
1.23717
1.17466
1.10868
1.0417
0.974421
0.908803
0.844067
0.783171
0.723809
0.672117
0.634413
0.611773
0.609677
0.606434
1.42616
1.42312
1.41272
1.38878
1.35108
1.30305
1.24722
1.1865
1.12214
1.05646
0.990058
0.924861
0.860549
0.799297
0.73998
0.686848
0.642776
0.614886
0.612045
0.607102
1.42548
1.4228
1.41376
1.39207
1.35659
1.31042
1.25656
1.19779
1.13508
1.07068
1.0052
0.940666
0.876509
0.815382
0.755936
0.701536
0.653158
0.62038
0.614351
0.607786
1.42493
1.42232
1.41427
1.39481
1.36148
1.31739
1.26549
1.20843
1.14749
1.08438
1.02
0.955921
0.892243
0.831035
0.771582
0.716451
0.664862
0.627672
0.616706
0.608337
1.42404
1.42162
1.41453
1.39689
1.36598
1.32372
1.27386
1.21881
1.15938
1.09762
1.03425
0.970904
0.907516
0.846316
0.787081
0.730922
0.677658
0.637011
0.619987
0.608982
1.4226
1.42038
1.4143
1.39847
1.36948
1.3298
1.28173
1.22847
1.17081
1.11036
1.04802
0.985346
0.922318
0.861368
0.80204
0.745268
0.691388
0.647556
0.624063
0.609671
1.42103
1.41883
1.41354
1.3993
1.37279
1.33479
1.28914
1.23763
1.18155
1.12241
1.06122
0.999188
0.936739
0.875936
0.816647
0.759513
0.705293
0.659252
0.629839
0.61081
1.4196
1.41746
1.41259
1.39975
1.37519
1.33971
1.29566
1.24613
1.19165
1.13385
1.07364
1.01249
0.950656
0.890131
0.830899
0.773415
0.719683
0.671726
0.636583
0.612159
1.41843
1.41634
1.41172
1.39998
1.37728
1.34361
1.30187
1.25385
1.20104
1.1445
1.08543
1.02508
0.964058
0.903905
0.844572
0.787456
0.733897
0.684331
0.644856
0.614275
1.41758
1.41547
1.41111
1.4003
1.37919
1.34743
1.30733
1.26111
1.20967
1.15446
1.0965
1.03709
0.977001
0.917101
0.858029
0.801189
0.747971
0.697296
0.653992
0.617088
1.41695
1.415
1.41098
1.40103
1.38134
1.35108
1.31257
1.26779
1.21776
1.16379
1.107
1.04862
0.989376
0.929874
0.871071
0.814823
0.761895
0.709777
0.663981
0.62094
1.41654
1.41472
1.4111
1.40198
1.38351
1.35467
1.31761
1.2742
1.22546
1.17268
1.1171
1.0597
1.0013
0.942184
0.883918
0.828329
0.775201
0.722322
0.674568
0.62566
1.41625
1.41458
1.41117
1.40284
1.38561
1.35826
1.32254
1.28044
1.2329
1.18133
1.12688
1.07046
1.01279
0.954125
0.896692
0.841476
0.788331
0.734387
0.685443
0.63141
1.41605
1.41443
1.41127
1.40366
1.38768
1.36179
1.32743
1.28657
1.24022
1.18979
1.13646
1.08095
1.0239
0.96597
0.909345
0.854621
0.800829
0.746205
0.696674
0.638098
1.41591
1.41428
1.41137
1.40444
1.38969
1.3653
1.33227
1.2926
1.24743
1.19812
1.14589
1.09118
1.03487
0.977757
0.922199
0.867298
0.813011
0.757813
0.707952
0.645615
1.41591
1.41417
1.41143
1.40514
1.3916
1.36871
1.33702
1.29855
1.25449
1.20632
1.15507
1.10128
1.04575
0.989805
0.934895
0.879835
0.824799
0.769144
0.719396
0.65394
1.41599
1.41414
1.41147
1.40573
1.39336
1.37193
1.34162
1.30431
1.26142
1.21428
1.16409
1.11122
1.05683
1.00198
0.947589
0.891928
0.836275
0.780439
0.730836
0.662859
1.41601
1.41419
1.41159
1.40626
1.39488
1.37487
1.34593
1.30987
1.26809
1.22207
1.17286
1.12122
1.06808
1.01431
0.959926
0.903629
0.847571
0.791634
0.74233
0.672323
1.41592
1.41415
1.41173
1.40681
1.39628
1.3775
1.34992
1.31513
1.27457
1.22961
1.18158
1.13129
1.07959
1.02652
0.971754
0.914982
0.858724
0.802825
0.753817
0.682174
1.41577
1.41404
1.41181
1.40737
1.39762
1.37993
1.35362
1.32013
1.28078
1.23705
1.19032
1.14159
1.09113
1.03831
0.983031
0.925943
0.869824
0.814046
0.76528
0.692318
1.41567
1.41388
1.41179
1.4078
1.39889
1.38228
1.35716
1.3249
1.28682
1.24449
1.19931
1.15207
1.1024
1.04944
0.993667
0.936692
0.880877
0.825265
0.776726
0.702666
1.41554
1.4137
1.41168
1.40808
1.40001
1.38454
1.36061
1.32956
1.29282
1.25214
1.20866
1.16253
1.11305
1.05973
1.00381
0.947254
0.891917
0.836502
0.788109
0.713136
1.41544
1.41352
1.41152
1.4082
1.40089
1.3866
1.36395
1.33423
1.29901
1.26017
1.21824
1.17263
1.12277
1.06924
1.0136
0.957741
0.902901
0.847708
0.799435
0.723671
1.41559
1.41331
1.41133
1.40827
1.40164
1.38847
1.36719
1.33903
1.30563
1.26859
1.22767
1.1819
1.13156
1.07817
1.02324
0.968202
0.913813
0.858848
0.810679
0.734236
1.41593
1.41321
1.41115
1.40836
1.40233
1.39024
1.37042
1.34417
1.31282
1.2771
1.23631
1.19002
1.13956
1.08684
1.03287
0.978608
0.924616
0.869884
0.821813
0.744795
1.41601
1.41312
1.41093
1.40839
1.40295
1.39201
1.37396
1.34989
1.3204
1.2851
1.24362
1.19706
1.14714
1.09548
1.04254
0.988971
0.935295
0.880799
0.832834
0.755334
1.41577
1.413
1.41076
1.40836
1.40357
1.39405
1.37823
1.35629
1.32766
1.29182
1.24963
1.20336
1.15455
1.10417
1.05222
0.999225
0.945853
0.89157
0.843705
0.765827
1.41573
1.41306
1.4108
1.40856
1.40456
1.3969
1.38363
1.36288
1.33358
1.29685
1.25475
1.20954
1.16205
1.11288
1.06181
1.00935
0.956295
0.902224
0.854438
0.776266
1.41536
1.41283
1.41072
1.40905
1.40641
1.40096
1.38925
1.3683
1.33766
1.30059
1.25963
1.21597
1.1697
1.12152
1.07125
1.01932
0.966638
0.912769
0.865042
0.78665
1.41503
1.41258
1.41067
1.41005
1.4095
1.4055
1.39361
1.37163
1.34038
1.30401
1.26475
1.22272
1.17745
1.13003
1.08048
1.02911
0.976873
0.923221
0.875537
0.796986
1.41585
1.41335
1.4121
1.4137
1.4146
1.40925
1.39549
1.37286
1.34272
1.30799
1.27031
1.2296
1.1852
1.13845
1.08957
1.03873
0.98698
0.933573
0.885962
0.807297
1.41579
1.41475
1.41689
1.42031
1.41918
1.41083
1.39476
1.37264
1.34517
1.31268
1.27603
1.23616
1.19277
1.14683
1.09852
1.04816
0.99694
0.943816
0.89633
0.817588
1.40755
1.41278
1.42103
1.42348
1.4195
1.40986
1.39352
1.37332
1.34871
1.31817
1.28183
1.24227
1.19999
1.15504
1.10735
1.05746
1.00675
0.953922
0.906637
0.827849
1.41684
1.43406
1.42868
1.42215
1.41344
1.40372
1.39206
1.37497
1.35278
1.32357
1.28765
1.24843
1.20706
1.16301
1.116
1.06671
1.0165
0.963951
0.916916
0.838075
1.35829
1.44758
1.42605
1.41638
1.40679
1.40023
1.39288
1.37784
1.35555
1.3276
1.2933
1.25506
1.21426
1.17072
1.12437
1.07582
1.02613
0.973885
0.927106
0.848201
1.04153
1.37145
1.39656
1.40286
1.40297
1.39978
1.39525
1.3809
1.35737
1.33016
1.29832
1.26192
1.22165
1.17839
1.1327
1.08495
1.03573
0.983755
0.937196
0.858216
0.711997
1.18235
1.40914
1.40592
1.40028
1.39811
1.39482
1.38233
1.3595
1.33232
1.30286
1.26841
1.22897
1.18617
1.14101
1.09396
1.04518
0.993505
0.9471
0.868054
0.625237
0.847622
1.31714
1.38968
1.39293
1.39293
1.39171
1.38171
1.36162
1.33623
1.30694
1.27414
1.23613
1.19407
1.1495
1.10286
1.05437
1.00301
0.956743
0.877717
0.620161
0.654583
1.03694
1.36127
1.39936
1.39507
1.39042
1.38041
1.3634
1.34015
1.31192
1.2798
1.24201
1.2011
1.15756
1.11169
1.06354
1.01236
0.966164
0.887242
0.620071
0.6217
0.739569
1.20686
1.39598
1.39341
1.3881
1.37964
1.3641
1.3428
1.31584
1.28406
1.24841
1.20849
1.16531
1.1198
1.07215
1.02143
0.975459
0.896701
0.62007
0.620103
0.631559
0.902492
1.33409
1.39352
1.38938
1.38072
1.3655
1.3449
1.31843
1.28777
1.25234
1.21512
1.17328
1.12804
1.08072
1.03028
0.984637
0.906158
0.62007
0.620071
0.62047
0.679548
1.12375
1.37707
1.3917
1.38386
1.36809
1.34704
1.32103
1.29064
1.25682
1.2203
1.17902
1.13542
1.08913
1.03915
0.993926
0.915676
0.62007
0.62007
0.620077
0.624323
0.828204
1.29874
1.39233
1.38528
1.37033
1.34915
1.32372
1.29408
1.26108
1.22491
1.18515
1.14226
1.09668
1.04755
1.00306
0.925206
0.62007
0.62007
0.62007
0.620209
0.657132
1.07342
1.35891
1.38262
1.37194
1.35172
1.32739
1.29834
1.26562
1.22955
1.19043
1.14859
1.10417
1.05601
1.01219
0.934716
0.62007
0.62007
0.62007
0.620073
0.622509
0.793315
1.2736
1.38483
1.37525
1.3561
1.33212
1.30308
1.27027
1.23423
1.19563
1.15462
1.11095
1.06385
1.0209
0.944082
0.62007
0.62007
0.62007
0.62007
0.620149
0.648246
1.04631
1.34592
1.37266
1.3604
1.33687
1.30814
1.2755
1.23959
1.20119
1.16057
1.1175
1.07151
1.02913
0.953082
0.62007
0.62007
0.62007
0.62007
0.620072
0.621872
0.782684
1.26278
1.37501
1.36501
1.34201
1.31352
1.281
1.24524
1.20692
1.16655
1.12396
1.07879
1.03686
0.961703
0.62007
0.62007
0.62007
0.62007
0.62007
0.620133
0.647834
1.05012
1.34005
1.3626
1.3461
1.31833
1.28629
1.25124
1.21332
1.17317
1.13074
1.08604
1.0442
0.969805
0.62007
0.62007
0.62007
0.62007
0.62007
0.620072
0.622067
0.797945
1.26862
1.36491
1.35085
1.32378
1.29198
1.25753
1.21998
1.17999
1.13767
1.0931
1.05127
0.977523
0.62007
0.62007
0.62007
0.62007
0.62007
0.62007
0.620154
0.655124
1.07749
1.33903
1.34845
1.32882
1.2972
1.26353
1.22667
1.18712
1.14508
1.10043
1.05854
0.985122
0.62007
0.62007
0.62007
0.62007
0.62007
0.62007
0.620072
0.622987
0.83316
1.28226
1.35224
1.33297
1.30273
1.26979
1.23353
1.19441
1.15262
1.10772
1.06591
0.992665
0.62007
0.62007
0.62007
0.62007
0.62007
0.62007
0.62007
0.620214
0.671721
1.1204
1.33507
1.33298
1.30889
1.27607
1.24007
1.20134
1.16008
1.11523
1.07387
1.00058
0.62007
0.62007
0.62007
0.62007
0.62007
0.62007
0.62007
0.620075
0.625527
0.889936
1.29653
1.33688
1.31486
1.28223
1.24631
1.20813
1.16754
1.123
1.08212
1.00864
0.62007
0.62007
0.62007
0.62007
0.62007
0.62007
0.62007
0.62007
0.620406
0.704588
1.17221
1.32835
1.31853
1.288
1.25186
1.21431
1.1746
1.13066
1.09041
1.01699
0.62007
0.62007
0.62007
0.62007
0.62007
0.62007
0.62007
0.62007
0.620085
0.632328
0.96451
1.30556
1.32114
1.29445
1.25799
1.22081
1.18184
1.13864
1.09879
1.0255
0.62007
0.62007
0.62007
0.62007
0.62007
0.62007
0.62007
0.62007
0.620071
0.621025
0.760148
1.22323
1.3189
1.29899
1.26418
1.22716
1.1888
1.14625
1.10659
1.03387
0.62007
0.62007
0.62007
0.62007
0.62007
0.62007
0.62007
0.62007
0.62007
0.620125
0.649616
1.04961
1.29816
1.30041
1.27195
1.23443
1.19611
1.15383
1.1143
1.04239
0.62007
0.62007
0.62007
0.62007
0.62007
0.62007
0.62007
0.62007
0.62007
0.620073
0.623176
0.842991
1.25811
1.30435
1.27877
1.24197
1.20308
1.16077
1.12153
1.05061
0.62007
0.62007
0.62007
0.62007
0.62007
0.62007
0.62007
0.62007
0.62007
0.62007
0.620299
0.689397
1.13462
1.29374
1.2841
1.24997
1.2097
1.16748
1.12896
1.05903
0.62007
0.62007
0.62007
0.62007
0.62007
0.62007
0.62007
0.62007
0.62007
0.62007
0.620084
0.630928
0.947048
1.27408
1.28847
1.25803
1.21655
1.17435
1.13653
1.06722
0.62007
0.62007
0.62007
0.62007
0.62007
0.62007
0.62007
0.62007
0.62007
0.62007
0.620071
0.621104
0.763153
1.20257
1.28603
1.26347
1.22343
1.18138
1.14416
1.07519
0.62007
0.62007
0.62007
0.62007
0.62007
0.62007
0.62007
0.62007
0.62007
0.62007
0.62007
0.620149
0.655439
1.05251
1.27213
1.26705
1.23213
1.18977
1.15242
1.08324
0.62007
0.62007
0.62007
0.62007
0.62007
0.62007
0.62007
0.62007
0.62007
0.62007
0.62007
0.620075
0.624775
0.870272
1.24348
1.26959
1.24035
1.1983
1.16021
1.0908
0.62007
0.62007
0.62007
0.62007
0.62007
0.62007
0.62007
0.62007
0.62007
0.62007
0.62007
0.62007
0.620526
0.715779
1.14831
1.26344
1.24684
1.20694
1.16784
1.09847
0.62007
0.62007
0.62007
0.62007
0.62007
0.62007
0.62007
0.62007
0.62007
0.62007
0.62007
0.62007
0.620108
0.640553
0.99092
1.25263
1.25091
1.21637
1.17601
1.1064
0.62007
0.62007
0.62007
0.62007
0.62007
0.62007
0.62007
0.62007
0.62007
0.62007
0.62007
0.62007
0.620073
0.622738
0.819183
1.21068
1.25073
1.22363
1.18423
1.11436
0.62007
0.62007
0.62007
0.62007
0.62007
0.62007
0.62007
0.62007
0.62007
0.62007
0.62007
0.62007
0.62007
0.620354
0.689305
1.10286
1.24251
1.23053
1.19387
1.12296
0.62007
0.62007
0.62007
0.62007
0.62007
0.62007
0.62007
0.62007
0.62007
0.62007
0.62007
0.62007
0.62007
0.620097
0.633867
0.948181
1.23053
1.23484
1.20346
1.13173
0.62007
0.62007
0.62007
0.62007
0.62007
0.62007
0.62007
0.62007
0.62007
0.62007
0.62007
0.62007
0.62007
0.620072
0.621926
0.788698
1.18064
1.23216
1.21009
1.14066
)
;

boundaryField
{
    inlet
    {
        type            calculated;
        value           nonuniform List<scalar> 0();
    }
    outlet
    {
        type            calculated;
        value           nonuniform List<scalar> 
102
(
0.585411
0.585903
0.5877
0.590483
0.593499
0.595955
0.597435
0.5982
0.598574
0.598773
0.598946
0.599172
0.599481
0.59986
0.600274
0.600688
0.601069
0.601409
0.601701
0.601977
0.60221
0.602362
0.602486
0.60249
0.602518
0.602585
0.602707
0.602941
0.60342
0.604039
0.604824
0.605366
0.60587
0.606434
0.607102
0.607786
0.608337
0.608982
0.609671
0.61081
0.612159
0.614275
0.617088
0.62094
0.62566
0.63141
0.638098
0.645615
0.65394
0.662859
0.672323
0.682174
0.692318
0.702666
0.713136
0.723671
0.734236
0.744795
0.755334
0.765827
0.776266
0.78665
0.796986
0.807297
0.817588
0.827849
0.838075
0.848201
0.858216
0.868054
0.877717
0.887242
0.896701
0.906158
0.915676
0.925206
0.934716
0.944082
0.953082
0.961703
0.969805
0.977523
0.985122
0.992665
1.00058
1.00864
1.01699
1.0255
1.03387
1.04239
1.05061
1.05903
1.06722
1.07519
1.08324
1.0908
1.09847
1.1064
1.11436
1.12296
1.13173
1.14066
)
;
    }
    bottom
    {
        type            symmetryPlane;
    }
    top
    {
        type            calculated;
        value           nonuniform List<scalar> 0();
    }
    obstacle
    {
        type            calculated;
        value           nonuniform List<scalar> 
88
(
1.41945
1.41814
1.41711
1.41696
1.41721
1.41783
1.41845
1.41887
1.419
1.41888
1.41845
1.41783
1.4172
1.4167
1.41636
1.41613
1.41595
1.41582
1.41571
1.41563
1.41552
1.41532
1.41506
1.41482
1.41458
1.41449
1.41469
1.41495
1.41529
1.41556
1.41555
1.41529
1.41478
1.41432
1.41408
1.4139
1.41389
1.41403
1.41446
1.41552
1.41753
1.42118
1.42673
1.43362
1.43919
1.44165
1.4425
1.44265
1.44247
1.44208
1.44173
1.44155
1.44153
1.44162
1.44166
1.44164
1.44152
1.44115
1.44067
1.43998
1.43907
1.43797
1.43694
1.4361
1.43534
1.43461
1.43399
1.43375
0.847927
0.525496
0.53714
0.550752
0.580992
0.602267
0.600032
0.59455
0.594057
0.593935
0.594104
0.594146
0.593883
0.593398
0.592625
0.591616
0.590485
0.58926
0.587957
0.585411
)
;
    }
    defaultFaces
    {
        type            empty;
    }
    procBoundary1to0
    {
        type            processor;
        value           nonuniform List<scalar> 
103
(
1.42022
1.41872
1.41254
1.40837
1.40615
1.40678
1.41058
1.41526
1.41733
1.42097
1.40625
1.31707
0.91961
0.640571
0.620159
0.62007
0.62007
0.62007
0.62007
0.62007
0.62007
0.62007
0.62007
0.62007
0.62007
0.62007
0.62007
0.62007
0.62007
0.62007
0.62007
0.62007
0.62007
0.62007
0.62007
0.62007
0.62007
0.62007
0.62007
0.62007
0.62007
0.62007
0.62007
0.62007
0.62007
0.62007
0.62007
0.62007
0.62007
0.62007
0.62007
0.62007
0.62007
0.62007
0.62007
0.62007
0.62007
0.62007
0.62007
0.62007
0.62007
0.62007
0.62007
0.62007
0.62007
0.62007
0.62007
0.62007
0.62007
0.62007
0.62007
0.62007
0.62007
0.62007
0.62007
0.62007
0.62007
0.62007
0.62007
0.62007
0.62007
0.62007
0.62007
0.62007
0.62007
0.62007
0.62007
0.62007
0.62007
0.62007
0.62007
0.62007
0.62007
0.62007
0.62007
0.62007
0.62007
0.62007
0.62007
0.62007
0.62007
0.62007
0.62007
)
;
    }
    procBoundary1to3
    {
        type            processor;
        value           nonuniform List<scalar> 
89
(
0.62007
0.62007
0.62007
0.62007
0.62007
0.62007
0.62007
0.62007
0.62007
0.62007
0.62007
0.62007
0.62007
0.62007
0.62007
0.62007
0.62007
0.62007
0.62007
0.62007
0.62007
0.62007
0.62007
0.62007
0.62007
0.62007
0.62007
0.62007
0.62007
0.62007
0.62007
0.62007
0.62007
0.62007
0.62007
0.62007
0.62007
0.62007
0.62007
0.62007
0.62007
0.62007
0.62007
0.62007
0.62007
0.62007
0.62007
0.62007
0.62007
0.62007
0.62007
0.62007
0.62007
0.62007
0.62007
0.62007
0.62007
0.62007
0.62007
0.62007
0.62007
0.62007
0.62007
0.62007
0.62007
0.62007
0.62007
0.62007
0.62007
0.62007
0.62007
0.62007
0.62007
0.62007
0.62007
0.62007
0.62007
0.62007
0.62007
0.62007
0.62007
0.62007
0.62007
0.620287
0.676291
1.0679
1.22716
1.21626
1.15106
)
;
    }
}


// ************************************************************************* //
