/*--------------------------------*- C++ -*----------------------------------*\
| =========                 |                                                 |
| \\      /  F ield         | OpenFOAM: The Open Source CFD Toolbox           |
|  \\    /   O peration     | Version:  2306                                  |
|   \\  /    A nd           | Website:  www.openfoam.com                      |
|    \\/     M anipulation  |                                                 |
\*---------------------------------------------------------------------------*/
FoamFile
{
    version     2.0;
    format      ascii;
    arch        "LSB;label=32;scalar=64";
    class       volScalarField;
    location    "7e-05";
    object      T;
}
// * * * * * * * * * * * * * * * * * * * * * * * * * * * * * * * * * * * * * //

dimensions      [0 0 0 1 0 0 0];

internalField   nonuniform List<scalar> 
9032
(
269.222
269.206
269.22
269.26
269.345
269.469
269.587
269.686
269.756
269.784
269.798
269.805
269.806
269.809
269.817
269.829
269.848
269.875
269.909
269.939
269.956
269.967
269.974
269.978
269.979
269.992
270.037
270.083
270.133
270.178
270.196
270.196
270.183
270.165
270.155
270.15
270.153
270.168
270.207
270.298
270.457
270.736
271.158
271.681
272.095
272.29
272.353
272.387
272.382
272.362
272.348
272.344
272.345
272.354
272.365
272.381
272.378
272.359
272.33
272.281
272.21
272.123
272.04
271.972
271.911
271.856
271.809
271.797
269.564
269.531
269.55
269.606
269.695
269.797
269.872
269.928
269.944
269.945
269.948
269.957
269.965
269.966
269.963
269.963
269.968
269.982
270.003
270.022
270.04
270.065
270.093
270.118
270.137
270.163
270.198
270.224
270.245
270.243
270.235
270.219
270.205
270.196
270.189
270.188
270.204
270.237
270.291
270.388
270.565
270.886
271.388
271.944
272.331
272.466
272.472
272.456
272.428
272.397
272.385
272.385
272.391
272.401
272.41
272.417
272.406
272.381
272.336
272.278
272.207
272.127
272.053
271.992
271.932
271.882
271.831
271.806
270.368
270.362
270.368
270.384
270.41
270.441
270.464
270.47
270.457
270.425
270.39
270.364
270.348
270.335
270.323
270.31
270.299
270.296
270.296
270.298
270.302
270.308
270.321
270.349
270.391
270.429
270.453
270.46
270.454
270.428
270.39
270.345
270.31
270.295
270.284
270.285
270.308
270.352
270.423
270.531
270.73
271.107
271.659
272.184
272.509
272.571
272.56
272.529
272.493
272.461
272.461
272.466
272.479
272.485
272.485
272.478
272.453
272.416
272.37
272.314
272.246
272.17
272.1
272.033
271.965
271.901
271.841
271.812
271.209
271.173
271.128
271.092
271.05
271.021
271.004
270.985
270.955
270.911
270.853
270.798
270.753
270.713
270.681
270.661
270.648
270.636
270.622
270.609
270.6
270.592
270.589
270.599
270.621
270.637
270.64
270.631
270.61
270.584
270.55
270.507
270.464
270.437
270.416
270.414
270.431
270.462
270.523
270.649
270.908
271.359
271.937
272.415
272.646
272.648
272.632
272.6
272.569
272.549
272.551
272.562
272.574
272.571
272.561
272.54
272.505
272.465
272.419
272.363
272.292
272.211
272.134
272.06
271.988
271.918
271.851
271.802
271.447
271.425
271.39
271.343
271.274
271.217
271.187
271.164
271.138
271.097
271.03
270.961
270.905
270.857
270.826
270.809
270.795
270.78
270.761
270.746
270.733
270.719
270.708
270.707
270.713
270.713
270.71
270.7
270.691
270.673
270.64
270.593
270.538
270.5
270.469
270.465
270.479
270.515
270.586
270.743
271.069
271.586
272.152
272.559
272.681
272.672
272.646
272.623
272.604
272.599
272.608
272.619
272.619
272.611
272.591
272.562
272.524
272.483
272.437
272.378
272.305
272.22
272.14
272.062
271.986
271.908
271.84
271.768
271.201
271.199
271.255
271.263
271.205
271.106
271.057
271.04
271.036
271.034
271.002
270.944
270.885
270.832
270.791
270.761
270.74
270.721
270.705
270.703
270.7
270.69
270.677
270.666
270.66
270.659
270.66
270.661
270.661
270.651
270.621
270.576
270.518
270.472
270.44
270.441
270.456
270.496
270.585
270.794
271.189
271.731
272.239
272.569
272.64
272.63
272.611
272.6
272.594
272.596
272.612
272.616
272.612
272.598
272.569
272.528
272.482
272.435
272.385
272.326
272.254
272.171
272.091
272.013
271.936
271.853
271.785
271.696
270.542
270.575
270.677
270.728
270.715
270.649
270.585
270.58
270.596
270.645
270.671
270.666
270.644
270.616
270.58
270.54
270.509
270.495
270.499
270.517
270.537
270.545
270.538
270.518
270.486
270.471
270.473
270.482
270.484
270.473
270.452
270.428
270.393
270.356
270.338
270.347
270.374
270.429
270.546
270.786
271.212
271.757
272.198
272.469
272.51
272.503
272.496
272.495
272.5
272.516
272.535
272.533
272.523
272.5
272.461
272.406
272.351
272.298
272.248
272.195
272.132
272.059
271.988
271.915
271.842
271.771
271.708
271.601
269.748
269.741
269.891
269.981
269.998
269.97
269.932
269.93
269.96
270.012
270.057
270.076
270.091
270.108
270.106
270.095
270.075
270.057
270.059
270.087
270.126
270.159
270.171
270.169
270.152
270.138
270.137
270.143
270.147
270.139
270.131
270.129
270.124
270.117
270.117
270.139
270.174
270.238
270.381
270.674
271.147
271.683
272.055
272.249
272.294
272.311
272.311
272.314
272.32
272.33
272.343
272.339
272.325
272.294
272.249
272.19
272.13
272.079
272.036
271.993
271.943
271.88
271.817
271.752
271.683
271.615
271.554
271.433
269.136
269.252
269.428
269.489
269.463
269.415
269.409
269.427
269.477
269.515
269.528
269.535
269.55
269.593
269.629
269.64
269.645
269.636
269.631
269.653
269.693
269.736
269.768
269.775
269.766
269.751
269.749
269.755
269.77
269.779
269.788
269.796
269.802
269.808
269.825
269.863
269.911
269.996
270.18
270.539
271.058
271.554
271.856
271.995
272.048
272.077
272.084
272.092
272.092
272.094
272.091
272.081
272.059
272.022
271.975
271.923
271.87
271.822
271.784
271.747
271.705
271.654
271.596
271.538
271.475
271.41
271.347
271.224
269
269.392
269.426
269.252
269.142
269.122
269.174
269.258
269.329
269.324
269.286
269.254
269.249
269.285
269.351
269.395
269.409
269.4
269.381
269.388
269.42
269.471
269.513
269.527
269.52
269.492
269.471
269.471
269.484
269.506
269.523
269.536
269.549
269.565
269.597
269.645
269.714
269.825
270.06
270.471
271.002
271.443
271.683
271.784
271.832
271.863
271.886
271.895
271.885
271.87
271.85
271.827
271.8
271.765
271.726
271.685
271.639
271.59
271.546
271.506
271.468
271.428
271.383
271.332
271.279
271.216
271.149
271.034
269.319
269.724
269.534
269.194
269.063
269.087
269.169
269.302
269.384
269.374
269.29
269.19
269.17
269.188
269.27
269.349
269.366
269.352
269.313
269.302
269.314
269.359
269.397
269.407
269.397
269.359
269.33
269.331
269.347
269.374
269.394
269.405
269.424
269.447
269.476
269.529
269.619
269.766
270.05
270.504
271.023
271.401
271.589
271.666
271.705
271.73
271.755
271.752
271.732
271.705
271.676
271.648
271.618
271.59
271.561
271.529
271.486
271.435
271.378
271.326
271.283
271.247
271.212
271.17
271.127
271.069
271
270.9
269.563
270.006
269.482
269.227
269.113
269.138
269.24
269.429
269.497
269.468
269.357
269.247
269.218
269.231
269.303
269.357
269.368
269.349
269.302
269.293
269.305
269.337
269.357
269.361
269.353
269.315
269.3
269.306
269.33
269.363
269.383
269.391
269.405
269.426
269.453
269.51
269.611
269.785
270.108
270.597
271.083
271.396
271.54
271.6
271.633
271.658
271.682
271.676
271.655
271.625
271.593
271.562
271.532
271.506
271.483
271.455
271.416
271.365
271.303
271.241
271.188
271.15
271.119
271.083
271.041
270.98
270.901
270.805
261.561
269.329
269.327
269.46
269.197
269.121
269.247
269.525
269.564
269.522
269.407
269.323
269.324
269.349
269.405
269.424
269.42
269.375
269.327
269.325
269.34
269.378
269.391
269.391
269.365
269.334
269.327
269.343
269.383
269.422
269.438
269.43
269.418
269.424
269.449
269.509
269.628
269.843
270.224
270.736
271.196
271.434
271.532
271.58
271.617
271.645
271.672
271.665
271.645
271.612
271.574
271.538
271.506
271.482
271.462
271.435
271.4
271.351
271.291
271.225
271.162
271.118
271.082
271.043
270.994
270.926
270.836
270.745
221.238
261.012
269.561
270.286
269.107
269.086
269.304
269.606
269.611
269.518
269.412
269.41
269.429
269.503
269.555
269.558
269.517
269.43
269.384
269.387
269.421
269.459
269.468
269.464
269.426
269.404
269.401
269.422
269.473
269.51
269.523
269.505
269.459
269.439
269.451
269.505
269.647
269.928
270.365
270.897
271.302
271.48
271.546
271.586
271.632
271.678
271.703
271.695
271.67
271.628
271.58
271.537
271.505
271.482
271.465
271.445
271.415
271.364
271.297
271.22
271.15
271.1
271.06
271.018
270.967
270.897
270.801
270.719
183.138
218.964
260.177
268.417
268.769
269.163
269.71
269.839
269.695
269.516
269.444
269.473
269.519
269.619
269.674
269.669
269.604
269.488
269.444
269.455
269.503
269.55
269.559
269.55
269.508
269.475
269.466
269.49
269.55
269.59
269.601
269.586
269.525
269.469
269.471
269.526
269.693
270.043
270.545
271.092
271.437
271.568
271.605
271.627
271.656
271.707
271.733
271.722
271.693
271.641
271.579
271.533
271.506
271.491
271.478
271.465
271.44
271.384
271.306
271.221
271.145
271.09
271.046
271.003
270.951
270.883
270.788
270.713
180.012
182.482
218.933
260.62
269.055
269.557
270.089
269.874
269.599
269.478
269.478
269.497
269.547
269.664
269.721
269.703
269.631
269.53
269.501
269.521
269.569
269.61
269.614
269.603
269.56
269.512
269.499
269.511
269.572
269.635
269.652
269.642
269.594
269.518
269.504
269.57
269.768
270.183
270.753
271.299
271.59
271.679
271.688
271.689
271.698
271.73
271.759
271.752
271.725
271.673
271.608
271.556
271.523
271.507
271.498
271.486
271.456
271.388
271.305
271.219
271.138
271.077
271.029
270.983
270.931
270.867
270.778
270.711
180
180.009
182.637
217.897
257.884
268.267
270.344
269.364
269.183
269.465
269.505
269.47
269.509
269.616
269.694
269.678
269.625
269.56
269.527
269.54
269.575
269.615
269.622
269.611
269.57
269.522
269.51
269.513
269.547
269.613
269.657
269.659
269.631
269.579
269.558
269.629
269.865
270.338
270.963
271.494
271.736
271.778
271.768
271.751
271.744
271.76
271.779
271.776
271.753
271.708
271.648
271.595
271.559
271.541
271.53
271.511
271.472
271.397
271.301
271.207
271.122
271.054
271.002
270.955
270.907
270.846
270.761
270.71
180
180
180.01
182.247
215.269
258.617
269.361
268.584
269.307
269.669
269.586
269.433
269.53
269.62
269.646
269.614
269.589
269.564
269.532
269.524
269.536
269.559
269.574
269.575
269.555
269.532
269.523
269.523
269.539
269.573
269.617
269.642
269.637
269.618
269.621
269.701
269.98
270.508
271.16
271.653
271.845
271.852
271.836
271.8
271.775
271.778
271.791
271.788
271.777
271.745
271.693
271.641
271.6
271.569
271.544
271.517
271.473
271.395
271.292
271.192
271.105
271.032
270.977
270.934
270.893
270.838
270.754
270.706
180
180
180
180.007
181.825
213.299
256.84
267.799
270.324
270.217
269.731
269.551
269.76
269.742
269.63
269.554
269.556
269.558
269.544
269.516
269.5
269.495
269.491
269.502
269.527
269.538
269.546
269.545
269.546
269.559
269.577
269.607
269.628
269.638
269.67
269.78
270.115
270.69
271.323
271.758
271.882
271.883
271.872
271.84
271.8
271.792
271.804
271.805
271.798
271.778
271.739
271.687
271.638
271.594
271.553
271.514
271.462
271.382
271.278
271.178
271.089
271.016
270.963
270.925
270.89
270.841
270.761
270.705
180
180
180
180
180.005
181.539
209.836
253.58
269.987
270.226
269.319
269.81
270.078
269.758
269.574
269.516
269.531
269.554
269.545
269.509
269.47
269.439
269.427
269.444
269.504
269.553
269.577
269.577
269.556
269.557
269.558
269.57
269.61
269.652
269.712
269.874
270.276
270.887
271.454
271.792
271.873
271.874
271.87
271.852
271.815
271.802
271.815
271.823
271.819
271.804
271.773
271.721
271.662
271.607
271.555
271.503
271.442
271.362
271.261
271.165
271.077
271.006
270.955
270.919
270.888
270.846
270.777
270.704
180
180
180
180
180
180.004
181.044
207.539
254.346
267.706
268.619
270.415
270.132
269.462
269.468
269.501
269.564
269.558
269.547
269.539
269.496
269.442
269.414
269.436
269.507
269.581
269.611
269.61
269.566
269.535
269.533
269.539
269.582
269.661
269.76
269.99
270.471
271.091
271.549
271.766
271.827
271.833
271.836
271.832
271.815
271.803
271.811
271.83
271.829
271.816
271.785
271.732
271.664
271.6
271.543
271.486
271.421
271.341
271.245
271.153
271.067
270.999
270.954
270.921
270.893
270.854
270.79
270.699
180
180
180
180
180
180
180.002
180.924
204.627
250.071
267.825
271.148
269.795
268.892
269.382
269.563
269.56
269.574
269.573
269.574
269.565
269.54
269.504
269.501
269.543
269.604
269.629
269.617
269.572
269.508
269.484
269.497
269.544
269.653
269.816
270.131
270.693
271.277
271.598
271.725
271.759
271.767
271.772
271.773
271.776
271.78
271.789
271.821
271.821
271.806
271.774
271.723
271.652
271.582
271.519
271.455
271.386
271.306
271.223
271.145
271.07
271.007
270.966
270.933
270.903
270.861
270.795
270.686
180
180
180
180
180
180
180
180.002
180.601
201.061
247.02
269.214
268.172
269.121
269.7
269.658
269.582
269.521
269.506
269.53
269.573
269.583
269.577
269.577
269.585
269.601
269.603
269.577
269.535
269.473
269.426
269.442
269.5
269.629
269.863
270.277
270.9
271.402
271.611
271.671
271.686
271.695
271.704
271.706
271.707
271.724
271.756
271.796
271.794
271.777
271.746
271.691
271.614
271.537
271.461
271.391
271.325
271.258
271.192
271.123
271.06
271.009
270.969
270.935
270.903
270.857
270.786
270.667
180
180
180
180
180
180
180
180
180.001
180.423
196.894
244.501
264.387
270.661
270.202
269.619
269.469
269.309
269.31
269.424
269.554
269.604
269.607
269.595
269.574
269.56
269.539
269.505
269.477
269.444
269.403
269.408
269.48
269.627
269.914
270.421
271.057
271.441
271.597
271.619
271.633
271.638
271.645
271.647
271.649
271.674
271.722
271.762
271.756
271.736
271.704
271.637
271.552
271.471
271.393
271.32
271.26
271.202
271.143
271.088
271.04
270.997
270.956
270.921
270.886
270.832
270.751
270.629
180
180
180
180
180
180
180
180
180
180.001
180.26
193.646
236.578
266.6
269.321
269.044
269.217
269.135
269.166
269.326
269.473
269.543
269.575
269.569
269.543
269.491
269.463
269.459
269.441
269.436
269.418
269.42
269.506
269.672
270.012
270.582
271.179
271.432
271.562
271.6
271.607
271.618
271.628
271.628
271.63
271.656
271.708
271.74
271.731
271.707
271.66
271.58
271.494
271.417
271.347
271.279
271.222
271.163
271.098
271.039
271.003
270.971
270.93
270.894
270.854
270.792
270.701
270.574
180
180
180
180
180
180
180
180
180
180
180
180.15
189.739
233.379
263.542
268.503
269.454
269.152
269.225
269.374
269.39
269.439
269.516
269.537
269.518
269.457
269.436
269.442
269.441
269.445
269.441
269.459
269.568
269.777
270.17
270.767
271.273
271.428
271.549
271.609
271.618
271.632
271.638
271.629
271.625
271.652
271.711
271.735
271.723
271.687
271.624
271.536
271.452
271.384
271.328
271.27
271.215
271.152
271.076
270.999
270.949
270.918
270.881
270.846
270.805
270.74
270.642
270.517
180
180
180
180
180
180
180
180
180
180
180
180
180.085
186.827
227.62
261.537
269.723
269.357
269.466
269.443
269.364
269.445
269.519
269.54
269.52
269.458
269.431
269.41
269.406
269.433
269.455
269.519
269.654
269.901
270.349
270.949
271.315
271.433
271.554
271.643
271.677
271.684
271.678
271.656
271.646
271.677
271.736
271.748
271.733
271.684
271.603
271.511
271.433
271.379
271.336
271.285
271.224
271.157
271.072
270.978
270.899
270.848
270.808
270.775
270.737
270.676
270.581
270.467
180
180
180
180
180
180
180
180
180
180
180
180
180
180.043
184.827
219.921
260.181
267.473
269.05
269.294
269.426
269.607
269.558
269.522
269.492
269.466
269.437
269.377
269.383
269.408
269.436
269.556
269.727
270.019
270.504
271.043
271.313
271.441
271.585
271.705
271.753
271.751
271.723
271.684
271.671
271.699
271.764
271.775
271.75
271.688
271.594
271.5
271.434
271.393
271.363
271.323
271.258
271.172
271.074
270.968
270.87
270.8
270.75
270.714
270.674
270.62
270.529
270.426
180
180
180
180
180
180
180
180
180
180
180
180
180
180
180.024
182.544
215.627
254.571
269.629
269.788
269.823
269.697
269.533
269.507
269.479
269.474
269.472
269.442
269.457
269.464
269.492
269.626
269.816
270.14
270.647
271.124
271.313
271.451
271.616
271.764
271.814
271.809
271.77
271.713
271.698
271.713
271.748
271.762
271.732
271.663
271.579
271.495
271.442
271.419
271.4
271.368
271.306
271.209
271.087
270.964
270.856
270.775
270.721
270.681
270.637
270.584
270.499
270.392
180
180
180
180
180
180
180
180
180
180
180
180
180
180
180
180.009
181.693
206.556
252.626
266.874
269.301
269.598
269.465
269.581
269.56
269.499
269.528
269.585
269.647
269.658
269.675
269.766
269.933
270.267
270.789
271.216
271.366
271.494
271.653
271.798
271.842
271.831
271.791
271.746
271.735
271.745
271.75
271.738
271.693
271.615
271.527
271.473
271.446
271.432
271.417
271.387
271.328
271.234
271.107
270.971
270.853
270.766
270.708
270.665
270.619
270.566
270.481
270.37
180
180
180
180
180
180
180
180
180
180
180
180
180
180
180
180
180.004
180.729
201.2
243.994
267.686
270.029
269.783
269.72
269.566
269.509
269.538
269.615
269.698
269.754
269.808
269.883
270.026
270.367
270.908
271.297
271.454
271.587
271.723
271.825
271.852
271.833
271.802
271.771
271.767
271.773
271.765
271.734
271.664
271.57
271.479
271.437
271.431
271.423
271.41
271.38
271.321
271.231
271.113
270.983
270.865
270.774
270.709
270.655
270.602
270.548
270.468
270.363
180
180
180
180
180
180
180
180
180
180
180
180
180
180
180
180
180
180.001
180.395
194.133
239.244
263.169
269.162
269.756
269.433
269.306
269.424
269.543
269.64
269.714
269.773
269.873
270.047
270.442
271.016
271.399
271.588
271.733
271.83
271.85
271.841
271.813
271.791
271.789
271.802
271.802
271.784
271.731
271.649
271.55
271.463
271.421
271.411
271.397
271.379
271.351
271.296
271.212
271.104
270.989
270.882
270.789
270.714
270.648
270.585
270.524
270.449
270.359
180
180
180
180
180
180
180
180
180
180
180
180
180
180
180
180
180
180
180
180.17
189.413
228.824
262.657
269.283
269.017
269.344
269.392
269.341
269.428
269.533
269.682
269.83
270.052
270.512
271.105
271.457
271.677
271.823
271.865
271.854
271.811
271.778
271.771
271.784
271.816
271.829
271.815
271.754
271.659
271.553
271.47
271.431
271.41
271.385
271.355
271.307
271.236
271.154
271.073
270.986
270.893
270.803
270.72
270.642
270.569
270.498
270.425
270.347
180
180
180
180
180
180
180
180
180
180
180
180
180
180
180
180
180
180
180
180
180.07
185.283
220.073
258.404
268.366
269.996
269.621
269.242
269.326
269.416
269.613
269.805
270.095
270.622
271.186
271.489
271.707
271.822
271.823
271.785
271.722
271.7
271.71
271.751
271.811
271.839
271.828
271.773
271.683
271.587
271.514
271.466
271.428
271.393
271.352
271.292
271.208
271.109
271.027
270.96
270.9
270.818
270.728
270.639
270.559
270.481
270.402
270.332
180
180
180
180
180
180
180
180
180
180
180
180
180
180
180
180
180
180
180
180
180
180.028
182.381
212.281
252.038
269.479
269.561
269.385
269.341
269.423
269.676
269.845
270.214
270.812
271.31
271.575
271.729
271.795
271.784
271.719
271.647
271.64
271.661
271.716
271.781
271.818
271.817
271.775
271.696
271.617
271.556
271.508
271.464
271.421
271.37
271.303
271.214
271.11
271.018
270.948
270.894
270.832
270.742
270.648
270.563
270.482
270.398
270.329
180
180
180
180
180
180
180
180
180
180
180
180
180
180
180
180
180
180
180
180
180
180
180.007
181.258
201.825
246.936
265.323
269.773
269.666
269.512
269.743
269.938
270.402
271.05
271.434
271.663
271.764
271.798
271.783
271.723
271.666
271.659
271.691
271.752
271.808
271.814
271.802
271.767
271.704
271.648
271.601
271.554
271.508
271.463
271.414
271.352
271.271
271.163
271.052
270.962
270.89
270.829
270.759
270.675
270.601
270.532
270.449
270.381
180
180
180
180
180
180
180
180
180
180
180
180
180
180
180
180
180
180
180
180
180
180
180
180.003
180.44
194.632
235.576
264.89
269.165
269.311
269.763
270.114
270.589
271.181
271.52
271.744
271.864
271.893
271.879
271.837
271.785
271.767
271.795
271.868
271.883
271.864
271.825
271.765
271.702
271.659
271.618
271.577
271.539
271.506
271.475
271.428
271.364
271.272
271.154
271.031
270.933
270.861
270.803
270.746
270.685
270.634
270.563
270.505
180
180
180
180
180
180
180
180
180
180
180
180
180
180
180
180
180
180
180
180
180
180
180
180
180.001
180.169
188.264
226.136
259.177
268.886
270.161
270.184
270.673
271.178
271.553
271.77
271.916
271.987
272
272.003
271.986
271.965
271.989
272.042
272.034
272.002
271.934
271.836
271.752
271.702
271.666
271.629
271.588
271.544
271.513
271.491
271.452
271.391
271.299
271.173
271.046
270.958
270.899
270.851
270.804
270.761
270.699
270.654
180
180
180
180
180
180
180
180
180
180
180
180
180
180
180
180
180
180
180
180
180
180
180
180
180
180
180.059
183.791
215.026
255.659
267.234
269.475
270.902
271.444
271.549
271.638
271.758
271.933
272.081
272.15
272.186
272.162
272.168
272.195
272.188
272.157
272.097
272
271.897
271.846
271.82
271.792
271.748
271.683
271.627
271.592
271.561
271.519
271.456
271.361
271.238
271.129
271.066
271.023
270.982
270.942
270.877
270.834
180
180
180
180
180
180
180
180
180
180
180
180
180
180
180
180
180
180
180
180
180
180
180
180
180
180
180
180.016
181.628
204.849
244.333
268.697
272.051
272.028
271.601
271.583
271.664
271.955
272.214
272.314
272.33
272.276
272.248
272.261
272.267
272.255
272.218
272.148
272.068
272.037
272.028
272.013
271.974
271.891
271.794
271.737
271.706
271.676
271.628
271.556
271.459
271.353
271.276
271.235
271.195
271.154
271.083
271.033
180
180
180
180
180
180
180
180
180
180
180
180
180
180
180
180
180
180
180
180
180
180
180
180
180
180
180
180
180.004
180.542
194.281
237.802
266.862
270.983
271.615
271.775
272.026
272.374
272.619
272.623
272.538
272.381
272.335
272.347
272.374
272.379
272.357
272.287
272.216
272.214
272.223
272.222
272.196
272.114
271.987
271.89
271.844
271.815
271.781
271.731
271.661
271.567
271.474
271.419
271.37
271.323
271.251
271.196
180
180
180
180
180
180
180
180
180
180
180
180
180
180
180
180
180
180
180
180
180
180
180
180
180
180
180
180
180
180.001
180.178
188.281
228.207
262.636
272.72
272.877
272.746
272.912
272.904
272.887
272.744
272.517
272.496
272.517
272.613
272.633
272.601
272.504
272.401
272.386
272.395
272.395
272.374
272.303
272.175
272.047
271.984
271.952
271.925
271.884
271.816
271.723
271.623
271.547
271.482
271.427
271.357
271.296
180
180
180
180
180
180
180
180
180
180
180
180
180
180
180
180
180
180
180
180
180
180
180
180
180
180
180
180
180
180
180
180.056
184.301
216.05
260.686
270.327
272.326
272.747
272.859
272.87
272.786
272.693
272.678
272.76
272.893
272.889
272.815
272.685
272.563
272.523
272.512
272.513
272.49
272.425
272.313
272.18
272.095
272.052
272.016
271.972
271.907
271.819
271.72
271.63
271.55
271.482
271.409
271.334
180
180
180
180
180
180
180
180
180
180
180
180
180
180
180
180
180
180
180
180
180
180
180
180
180
180
180
180
180
180
180
180
180.018
181.6
209.803
252.361
272.905
273.805
273.694
273.269
272.856
272.853
272.893
273.008
273.069
273.009
272.896
272.759
272.66
272.615
272.586
272.583
272.556
272.487
272.387
272.264
272.169
272.117
272.07
272.018
271.949
271.864
271.768
271.676
271.588
271.508
271.425
271.333
180
180
180
180
180
180
180
180
180
180
180
180
180
180
180
180
180
180
180
180
180
180
180
180
180
180
180
180
180
180
180
180
180
180.004
180.848
199.903
246.965
269.272
273.514
273.667
273.308
273.307
273.246
273.215
273.175
273.077
272.954
272.82
272.736
272.685
272.649
272.626
272.584
272.512
272.421
272.314
272.222
272.156
272.092
272.024
271.946
271.863
271.778
271.694
271.613
271.527
271.427
271.312
180
180
180
180
180
180
180
180
180
180
180
180
180
180
180
180
180
180
180
180
180
180
180
180
180
180
180
180
180
180
180
180
180
180
180.001
180.322
192.643
236.675
266.349
273.408
273.737
273.585
273.324
273.206
273.188
273.099
273.013
272.89
272.823
272.774
272.718
272.663
272.593
272.516
272.43
272.339
272.251
272.164
272.08
271.993
271.901
271.816
271.744
271.669
271.588
271.501
271.396
271.27
180
180
180
180
180
180
180
180
180
180
180
180
180
180
180
180
180
180
180
180
180
180
180
180
180
180
180
180
180
180
180
180
180
180
180
180
180.116
187.302
223.947
264.719
272.301
273.205
273.027
273.185
273.202
273.132
273.008
272.924
272.883
272.849
272.776
272.679
272.577
272.497
272.426
272.353
272.266
272.166
272.057
271.942
271.838
271.755
271.689
271.619
271.536
271.447
271.348
271.224
180
180
180
180
180
180
180
180
180
180
180
180
180
180
180
180
180
180
180
180
180
180
180
180
180
180
180
180
180
180
180
180
180
180
180
180
180
180.045
183.088
215.996
258.726
271.654
273.533
273.519
273.274
273.046
272.911
272.842
272.836
272.817
272.748
272.669
272.568
272.468
272.387
272.306
272.226
272.125
272.019
271.909
271.799
271.71
271.635
271.561
271.475
271.381
271.282
271.164
180
180
180
180
180
180
180
180
180
180
180
180
180
180
180
180
180
180
180
180
180
180
180
180
180
180
180
180
180
180
180
180
180
180
180
180
180
180
180.012
181.456
206.46
248.499
271.848
273.227
273.003
272.845
272.853
272.816
272.775
272.772
272.71
272.63
272.519
272.401
272.304
272.212
272.133
272.043
271.947
271.858
271.772
271.694
271.61
271.516
271.416
271.314
271.214
271.104
180
180
180
180
180
180
180
180
180
180
180
180
180
180
180
180
180
180
180
180
180
180
180
180
180
180
180
180
180
180
180
180
180
180
180
180
180
180
180
180.003
180.591
194.785
241.551
266.603
272.874
273.258
273.215
272.918
272.753
272.727
272.676
272.585
272.493
272.363
272.232
272.122
272.03
271.941
271.865
271.794
271.729
271.66
271.575
271.469
271.362
271.256
271.156
271.052
180
180
180
180
180
180
180
180
180
180
180
180
180
180
180
180
180
180
180
180
180
180
180
180
180
180
180
180
180
180
180
180
180
180
180
180
180
180
180
180
180.001
180.169
189.115
226.825
263.203
273.003
272.921
272.704
272.611
272.574
272.562
272.535
272.474
272.368
272.235
272.111
271.984
271.881
271.802
271.742
271.679
271.605
271.521
271.413
271.308
271.209
271.114
271.007
180
180
180
180
180
180
180
180
180
180
180
180
180
180
180
180
180
180
180
180
180
180
180
180
180
180
180
180
180
180
180
180
180
180
180
180
180
180
180
180
180
180
180.065
183.742
214.171
258.441
270.907
272.824
272.76
272.507
272.393
272.423
272.399
272.318
272.193
272.062
271.952
271.87
271.789
271.705
271.622
271.527
271.44
271.341
271.252
271.171
271.087
270.973
180
180
180
180
180
180
180
180
180
180
180
180
180
180
180
180
180
180
180
180
180
180
180
180
180
180
180
180
180
180
180
180
180
180
180
180
180
180
180
180
180
180
180
180.015
181.309
205.072
246.069
270.504
272.653
272.158
272.196
272.258
272.246
272.163
272.001
271.898
271.845
271.812
271.774
271.683
271.553
271.427
271.33
271.253
271.187
271.129
271.059
270.937
180
180
180
180
180
180
180
180
180
180
180
180
180
180
180
180
180
180
180
180
180
180
180
180
180
180
180
180
180
180
180
180
180
180
180
180
180
180
180
180
180
180
180
180
180.003
180.52
192.851
234.803
264.429
271.763
273.023
272.742
272.33
271.943
271.747
271.721
271.745
271.738
271.706
271.608
271.441
271.298
271.206
271.151
271.106
271.061
270.998
270.869
180
180
180
180
180
180
180
180
180
180
180
180
180
180
180
180
180
180
180
180
180
180
180
180
180
180
180
180
180
180
180
180
180
180
180
180
180
180
180
180
180
180
180
180
180
180.001
180.123
185.86
220.236
256.803
271.968
272.547
272.062
271.705
271.713
271.8
271.789
271.755
271.665
271.515
271.34
271.203
271.115
271.058
271.012
270.96
270.885
270.752
180
180
180
180
180
180
180
180
180
180
180
180
180
180
180
180
180
180
180
180
180
180
180
180
180
180
180
180
180
180
180
180
180
180
180
180
180
180
180
180
180
180
180
180
180
180
180
180.031
182.118
204.566
249.567
268.067
271.629
272.055
272.026
272.03
271.939
271.816
271.644
271.461
271.301
271.164
271.062
270.982
270.917
270.844
270.755
270.62
180
180
180
180
180
180
180
180
180
180
180
180
180
180
180
180
180
180
180
180
180
180
180
180
180
180
180
180
180
180
180
180
180
180
180
180
180
180
180
180
180
180
180
180
180
180
180
180
180.006
180.534
194.734
234.192
263.427
271.541
272.256
271.922
271.634
271.469
271.369
271.261
271.183
271.095
271.008
270.924
270.845
270.752
270.651
270.517
180
180
180
180
180
180
180
180
180
180
180
180
180
180
180
180
180
180
180
180
180
180
180
180
180
180
180
180
180
180
180
180
180
180
180
180
180
180
180
180
180
180
180
180
180
180
180
180
180
180.001
180.16
186.111
216.407
257.893
269.735
271.46
271.311
271.013
271.064
271.057
271.056
271.016
270.92
270.833
270.749
270.652
270.555
270.427
180
180
180
180
180
180
180
180
180
180
180
180
180
180
180
180
180
180
180
180
180
180
180
180
180
180
180
180
180
180
180
180
180
180
180
180
180
180
180
180
180
180
180
180
180
180
180
180
180
180
180
180.032
181.565
204.496
242.626
267.778
271.746
271.141
271.183
271.187
271.074
270.968
270.853
270.727
270.626
270.522
270.433
270.324
180
180
180
180
180
180
180
180
180
180
180
180
180
180
180
180
180
180
180
180
180
180
180
180
180
180
180
180
180
180
180
180
180
180
180
180
180
180
180
180
180
180
180
180
180
180
180
180
180
180
180
180
180.004
180.491
190.639
227.768
259.279
269.725
271.744
271.695
271.155
270.996
270.806
270.612
270.488
270.383
270.312
270.219
180
180
180
180
180
180
180
180
180
180
180
180
180
180
180
180
180
180
180
180
180
180
180
180
180
180
180
180
180
180
180
180
180
180
180
180
180
180
180
180
180
180
180
180
180
180
180
180
180
180
180
180
180
180.001
180.086
183.582
210.023
248.528
268.054
270.113
270.32
270.691
270.776
270.597
270.425
270.321
270.24
270.146
180
180
180
180
180
180
180
180
180
180
180
180
180
180
180
180
180
180
180
180
180
180
180
180
180
180
180
180
180
180
180
180
180
180
180
180
180
180
180
180
180
180
180
180
180
180
180
180
180
180
180
180
180
180
180
180.013
180.888
194.643
233.27
259.93
270.533
271.502
271.385
270.712
270.346
270.197
270.118
270.032
180
180
180
180
180
180
180
180
180
180
180
180
180
180
180
180
180
180
180
180
180
180
180
180
180
180
180
180
180
180
180
180
180
180
180
180
180
180
180
180
180
180
180
180
180
180
180
180
180
180
180
180
180
180
180
180
180.001
180.16
185.574
212.929
252.258
267.052
269.956
269.94
269.968
269.89
269.894
269.906
180
180
180
180
180
180
180
180
180
180
180
180
180
180
180
180
180
180
180
180
180
180
180
180
180
180
180
180
180
180
180
180
180
180
180
180
180
180
180
180
180
180
180
180
180
180
180
180
180
180
180
180
180
180
180
180
180
180
180.029
181.187
197.788
234.504
261.654
270.354
270.558
270.033
269.957
269.972
180
180
180
180
180
180
180
180
180
180
180
180
180
180
180
180
180
180
180
180
180
180
180
180
180
180
180
180
180
180
180
180
180
180
180
180
180
180
180
180
180
180
180
180
180
180
180
180
180
180
180
180
180
180
180
180
180
180
180
180.002
180.237
186.428
214.131
252.423
265.374
269.5
270.194
270.082
180
180
180
180
180
180
180
180
180
180
180
180
180
180
180
180
180
180
180
180
180
180
180
180
180
180
180
180
180
180
180
180
180
180
180
180
180
180
180
180
180
180
180
180
180
180
180
180
180
180
180
180
180
180
180
180
180
180
180
180
180
180.035
181.264
198.359
231.62
261.969
268.194
269.304
180
180
180
180
180
180
180
180
180
180
180
180
180
180
180
180
180
180
180
180
180
180
180
180
180
180
180
180
180
180
180
180
180
180
180
180
180
180
180
180
180
180
180
180
180
180
180
180
180
180
180
180
180
180
180
180
180
180
180
180
180
180
180.003
180.254
185.262
213.316
246.86
265.976
180
180
180
180
180
180
180
180
180
180
180
180
180
180
180
180
180
180
180
180
180
180
180
180
180
180
180
180
180
180
180
180
180
180
180
180
180
180
180
180
180
180
180
180
180
180
180
180
180
180
180
180
180
180
180
180
180
180
180
180
180
180
180
180
180.025
181.134
194.699
226.978
180
180
180
180
180
180
180
180
180
180
180
180
180
180
180
180
180
180
180
180
180
180
180
180
180
180
180
180
180
180
180
180
180
180
180
180
180
180
180
180
180
180
180
180
180
180
180
180
180
180
180
180
180
180
180
180
180
180
180
180
180
180
180
180
180
180.002
180.213
180.92
180
180
180
180
180
180
180
180
180
180
180
180
180
180
180
180
180
180
180
180
180
180
180
180
180
180
180
180
180
180
180
180
180
180
180
180
180
180
180
180
180
180
180
180
180
180
180
180
180
180
180
180
180
180
180
180
180
180
180
180
180
180
180
180
180
180
180.001
179.94
180
180
180
180
180
180
180
180
180
180
180
180
180
180
180
180
180
180
180
180
180
180
180
180
180
180
180
180
180
180
180
180
180
180
180
180
180
180
180
180
180
180
180
180
180
180
180
180
180
180
180
180
180
180
180
180
180
180
180
180
180
180
180
180
180
180
180
179.996
180
180
180
180
180
180
180
180
180
180
180
180
180
180
180
180
180
180
180
180
180
180
180
180
180
180
180
180
180
180
180
180
180
180
180
180
180
180
180
180
180
180
180
180
180
180
180
180
180
180
180
180
180
180
180
180
180
180
180
180
180
180
180
180
180
180
180
180
180
180
180
180
180
180
180
180
180
180
180
180
180
180
180
180
180
180
180
180
180
180
180
180
180
180
180
180
180
180
180
180
180
180
180
180
180
180
180
180
180
180
180
180
180
180
180
180
180
180
180
180
180
180
180
180
180
180
180
180
180
180
180
180
180
180
180
180
180
180
180
180
180
180
180
180
180
180
180
180
180
180
180
180
180
180
180
180
180
180
180
180
180
180
180
180
180
180
180
180
180
180
180
180
180
180
180
180
180
180
180
180
180
180
180
180
180
180
180
180
180
180
180
180
180
180
180
180
180
180
180
180
180
180
180
180
180
180
180
180
180
180
180
180
180
180
180
180
180
180
180
180
180
180
180
180
180
180
180
180
180
180
180
180
180
180
180
180
180
180
180
180
180
180
180
180
180
180
180
180
180
180
180
180
180
180
180
180
180
180
180
180
180
180
180
180
180
180
180
180
180
180
180
180
180
180
180
180
180
180
180
180
180
180
180
180
180
180
180
180
180
180
180
180
180
180
180
180
180
180
180
180
180
180
180
180
180
180
180
180
180
180
180
180
180
180
180
180
180
180
180
180
180
180
180
180
180
180
180
180
180
180
180
180
180
180
180
180
180
180
180
180
180
180
180
180
180
180
180
180
180
180
180
180
180
180
180
180
180
180
180
180
180
180
180
180
180
180
180
180
180
180
180
180
180
180
180
180
180
180
180
180
180
180
180
180
180
180
180
180
180
180
180
180
180
180
180
180
180
180
180
180
180
180
180
180
180
180
180
180
180
180
180
180
180
180
180
180
180
180
180
180
180
180
180
180
180
180
180
180
180
180
180
180
180
180
180
180
180
180
180
180
180
180
180
180
180
180
180
180
180
180
180
180
180
180
180
180
180
180
180
180
180
180
180
180
180
180
180
180
180
180
180
180
180
180
180
180
180
180
180
180
180
180
180
180
180
180
180
180
180
180
180
180
180
180
180
180
180
180
180
180
180
180
180
180
180
180
180
180
180
180
180
180
180
180
180
180
180
180
180
180
180
180
180
180
180
180
180
180
180
180
180
180
180
180
180
180
180
180
180
180
180
180
180
180
180
180
180
180
180
180
180
180
180
180
180
180
180
180
180
180
180
180
180
180
180
180
180
180
180
180
180
180
180
180
180
180
180
180
180
180
180
180
180
180
180
180
180
180
180
180
180
180
180
180
180
180
180
180
180
180
180
180
180
180
180
180
180
180
180
180
180
180
180
180
180
180
180
180
180
180
180
180
180
180
180
180
180
180
180
180
180
180
180
180
180
180
180
180
180
180
180
180
180
180
180
180
180
180
180
180
180
180
180
180
180
180
180
180
180
180
180
180
180
180
180
180
180
180
180
180
180
180
180
180
180
180
180
180
180
180
180
180
180
180
180
180
180
180
180
180
180
180
180
180
180
180
180
180
180
180
180
180
180
180
180
180
180
180
180
180
180
180
180
180
180
180
180
180
180
180
180
180
180
180
180
180
180
180
180
180
180
180
180
180
180
180
180
180
180
180
180
180
180
180
180
180
180
180
180
180
180
180
180
180
180
180
180
180
180
180
180
180
180
180
180
180
180
180
180
180
180
180
180
180
180
180
180
180
180
180
180
180
180
180
180
180
180
180
180
180
180
180
180
180
180
180
180
180
180
180
180
180
180
180
180
180
180
180
180
180
180
180
180
180
180
180
180
180
180
180
180
180
180
180
180
180
180
180
180
180
180
180
180
180
180
180
180
180
180
180
180
180
180
180
180
180
180
180
180
180
180
180
180
180
180
180
180
180
180
180
180
180
180
180
180
180
180
180
180
180
180
180
180
180
180
180
180
180
180
180
180
180
180
180
180
180
180
180
180
180
180
180
180
180
180
180
180
180
180
180
180
180
180
180
180
180
180
180
180
180
180
180
180
180
180
180
180
180
180
180
180
180
180
180
180
180
180
180
180
180
180
180
180
180
180
180
180
180
180
180
180
180
180
180
180
180
180
180
180
180
180
180
180
180
180
180
180
180
180
180
180
180
180
180
180
180
180
180
180
180
180
180
180
180
180
180
180
180
180
180
180
180
180
180
180
180
180
180
180
180
180
180
180
180
180
180
180
180
180
180
180
180
180
180
180
180
180
180
180
180
180
180
180
180
180
180
180
180
180
180
180
180
180
180
180
180
180
180
180
180
180
180
180
180
180
180
180
180
180
180
180
180
180
180
180
180
180
180
180
180
180
180
180
180
180
180
180
180
180
180
180
180
180
180
180
180
180
180
180
180
180
180
180
180
180
180
180
180
180
180
180
180
180
180
180
180
180
180
180
180
180
180
180
180
180
180
180
180
180
180
180
180
180
180
180
180
180
180
180
180
180
180
180
180
180
180
180
180
180
180
180
180
180
180
180
180
180
180
180
180
180
180
180
180
180
180
180
180
180
180
180
180
180
180
180
180
180
180
180
180
180
180
180
180
180
180
180
180
180
180
180
180
180
180
180
180
180
180
180
180
180
180
180
180
180
180
180
180
180
180
180
180
180
180
180
180
180
180
180
180
180
180
180
180
180
180
180
180
180
180
180
180
180
180
180
180
180
180
180
180
180
180
180
180
180
180
180
180
180
180
180
180
180
180
180
180
180
180
180
180
180
180
180
180
180
180
180
180
180
180
180
180
180
180
180
180
180
180
180
180
180
180
180
180
180
180
180
180
180
180
180
180
180
180
180
180
180
180
180
180
180
180
180
180
180
180
180
180
180
180
180
180
180
180
180
180
180
180
180
180
180
180
180
180
180
180
180
180
180
180
180
180
180
180
180
180
180
180
180
180
180
180
180
180
180
180
180
180
180
180
180
180
180
180
180
180
180
180
180
180
180
180
180
180
180
180
180
180
180
180
180
180
180
180
180
180
180
180
180
180
180
180
180
180
180
180
180
180
180
180
180
180
180
180
180
180
180
180
180
180
180
180
180
180
180
180
180
180
180
180
180
180
180
180
180
180
180
180
180
180
180
180
180
180
180
180
180
180
180
180
180
180
180
180
180
180
180
180
180
180
180
180
180
180
180
180
180
180
180
180
180
180
180
180
180
180
180
180
180
180
180
180
180
180
180
180
180
180
180
180
180
180
180
180
180
180
180
180
180
180
180
180
180
180
180
180
180
180
180
180
180
180
180
180
180
180
180
180
180
180
180
180
180
180
180
180
180
180
180
180
180
180
180
180
180
180
180
180
180
180
180
180
180
180
180
180
180
180
180
180
180
180
180
180
180
180
180
180
180
180
180
180
180
180
180
180
180
180
180
180
180
180
180
180
180
180
180
180
180
180
180
180
180
180
180
180
180
180
180
180
180
180
180
180
180
180
180
180
180
180
180
180
180
180
180
180
180
180
180
180
180
180
180
180
180
180
180
180
180
180
180
180
180
180
180
180
180
180
180
180
180
180
180
180
180
180
180
180
180
180
180
180
180
180
180
180
180
180
180
180
180
180
180
180
180
180
180
180
180
180
180
180
180
180
180
180
180
180
180
180
180
180
180
180
180
180
180
180
180
180
180
180
180
180
180
180
180
180
180
180
180
180
180
180
180
180
180
180
180
180
180
180
180
180
180
180
180
180
180
180
180
180
180
180
180
180
180
180
180
180
180
180
180
180
180
180
180
180
180
180
180
180
180
180
180
180
180
180
180
180
180
180
180
180
180
180
180
180
180
180
180
180
180
180
180
180
180
180
180
180
180
180
180
180
180
180
180
180
180
180
180
180
180
180
180
180
180
180
180
180
180
180
180
180
180
180
180
180
180
180
180
180
180
180
180
180
180
180
180
180
180
180
180
180
180
180
180
180
180
180
180
180
180
180
180
180
180
180
180
180
180
180
180
180
180
180
180
180
180
180
180
180
180
180
180
180
180
180
180
180
180
180
180
180
180
180
180
180
180
180
180
180
180
180
180
180
180
180
180
180
180
180
180
180
180
180
180
180
180
180
180
180
180
180
180
180
180
180
180
180
180
180
180
180
180
180
180
180
180
180
180
180
180
180
180
180
180
180
180
180
180
180
180
180
180
180
180
180
180
180
180
180
180
180
180
180
180
180
180
180
180
180
180
180
180
180
180
180
180
180
180
180
180
180
180
180
180
180
180
180
180
180
180
180
180
180
180
180
180
180
180
180
180
180
180
180
180
180
180
180
180
180
180
180
180
180
180
180
180
180
180
180
180
180
180
180
180
180
180
180
180
180
180
180
180
180
180
180
180
180
180
180
180
180
180
180
180
180
180
180
180
180
180
180
180
180
180
180
180
180
180
180
180
180
180
180
180
180
180
180
180
180
180
180
180
180
180
180
180
180
180
180
180
180
180
180
180
180
180
180
180
180
180
180
180
180
180
180
180
180
180
180
180
180
180
180
180
180
180
180
180
180
180
180
180
180
180
180
180
180
180
180
180
180
180
180
180
180
180
180
180
180
180
180
180
180
180
180
180
180
180
180
180
180
180
180
180
180
180
180
180
180
180
180
180
180
180
180
180
180
180
180
180
180
180
180
180
180
180
180
180
180
180
180
180
180
180
180
180
180
180
180
180
180
180
180
180
180
180
180
180
180
180
180
180
180
180
180
180
180
180
180
180
180
180
180
180
180
180
180
180
180
180
180
180
180
180
180
180
180
180
180
180
180
180
180
180
180
180
180
180
180
180
180
180
180
180
180
180
180
180
180
180
180
180
180
180
180
180
180
180
180
180
180
180
180
180
180
180
180
180
180
180
180
222.504
191.821
194.785
196.445
200.108
202.113
201.558
200.516
200.04
199.719
199.46
199.221
198.963
198.695
198.392
198.065
197.733
197.396
197.076
196.506
244.215
215.008
205.686
198.54
198.619
199.902
199.696
199.595
199.367
199.119
198.911
198.72
198.522
198.31
198.057
197.774
197.475
197.162
196.856
196.318
251.766
224.786
208.172
197.392
196.834
196.352
196.826
197.625
197.661
197.536
197.463
197.396
197.31
197.219
197.084
196.899
196.684
196.443
196.199
195.755
256.843
234.214
215.274
200.554
196.709
193.871
194.374
195.633
195.901
195.84
195.822
195.794
195.789
195.778
195.726
195.63
195.5
195.343
195.163
194.814
260.514
241.603
222.49
206.392
198.301
192.88
193.802
194.669
194.676
194.72
194.668
194.577
194.567
194.568
194.54
194.479
194.38
194.249
194.089
193.794
263.115
247.219
229.472
213.581
202.626
193.904
194.128
193.818
193.965
194.2
194.14
193.982
193.922
193.886
193.826
193.744
193.626
193.479
193.307
193.002
264.942
251.531
235.522
220.26
207.647
196.871
195.023
193.256
193.582
194.006
193.963
193.783
193.692
193.611
193.518
193.407
193.255
193.073
192.87
192.52
266.227
254.809
240.545
226.064
213.151
201.708
196.733
193.565
193.554
193.899
193.84
193.729
193.646
193.534
193.418
193.283
193.104
192.895
192.669
192.281
267.102
257.355
244.604
231.104
218.466
206.61
199.065
193.735
193.857
193.901
193.674
193.699
193.657
193.503
193.377
193.226
193.031
192.81
192.574
192.166
267.72
259.348
247.882
235.512
223.143
211.57
202.555
194.814
194.742
193.938
193.513
193.677
193.666
193.501
193.339
193.167
192.964
192.744
192.506
192.095
268.2
260.922
250.647
239.198
227.406
216.235
206.247
197.33
195.479
193.573
193.443
193.676
193.621
193.435
193.28
193.091
192.886
192.671
192.437
192.033
268.592
262.227
252.957
242.376
231.228
220.34
210.233
200.788
196.526
193.429
193.443
193.668
193.512
193.322
193.191
192.986
192.79
192.582
192.356
191.963
268.913
263.343
254.907
245.173
234.564
224.146
214.103
204.439
198.249
193.644
193.765
193.627
193.264
193.2
193.083
192.86
192.681
192.476
192.258
191.881
269.203
264.307
256.633
247.606
237.586
227.602
217.694
208.162
200.728
194.338
194.352
193.673
193.073
193.114
192.993
192.745
192.576
192.363
192.153
191.791
269.461
265.16
258.168
249.762
240.338
230.72
221.08
211.757
203.502
196.009
194.933
193.386
192.985
193.09
192.916
192.639
192.479
192.256
192.054
191.703
269.683
265.916
259.535
251.713
242.81
233.602
224.241
215.076
206.59
198.522
195.596
193.289
192.994
193.062
192.771
192.532
192.383
192.157
191.97
191.627
269.871
266.583
260.766
253.469
245.055
236.27
227.133
218.256
209.683
201.348
196.685
193.36
193.249
193.028
192.572
192.437
192.303
192.076
191.905
191.571
270.033
267.168
261.879
255.052
247.114
238.7
229.871
221.217
212.655
204.418
198.342
193.686
193.668
192.985
192.45
192.404
192.256
192.017
191.866
191.54
270.162
267.678
262.874
256.499
248.981
240.956
232.414
223.986
215.561
207.405
200.428
194.665
194.141
193.048
192.415
192.402
192.245
191.983
191.849
191.53
270.255
268.102
263.758
257.82
250.69
243.036
234.794
226.59
218.316
210.281
202.858
196.318
194.613
192.865
192.425
192.455
192.196
191.976
191.853
191.537
270.314
268.452
264.529
259.008
252.267
244.947
237.014
229.055
220.91
213.05
205.4
198.369
195.237
192.928
192.599
192.513
192.174
191.997
191.872
191.553
270.34
268.726
265.188
260.077
253.705
246.715
239.091
231.346
223.401
215.665
207.927
200.723
196.259
193.06
192.906
192.576
192.154
192.027
191.896
191.571
270.343
268.934
265.739
261.016
255.02
248.335
241.019
233.503
225.752
218.128
210.468
203.142
197.575
193.405
193.333
192.707
192.152
192.074
191.926
191.6
270.328
269.091
266.205
261.84
256.207
249.829
242.797
235.523
227.958
220.498
212.887
205.571
199.317
194.237
193.747
192.642
192.151
192.147
191.959
191.62
270.299
269.211
266.605
262.563
257.283
251.194
244.449
237.4
230.042
222.73
215.229
207.982
201.253
195.513
194.126
192.661
192.213
192.225
191.991
191.64
270.274
269.322
266.966
263.211
258.249
252.457
245.973
239.158
232.003
224.834
217.479
210.302
203.351
197.163
194.622
192.73
192.364
192.275
191.959
191.663
270.26
269.43
267.305
263.806
259.131
253.616
247.395
240.801
233.843
226.834
219.614
212.536
205.507
199.044
195.303
192.84
192.632
192.33
191.947
191.693
270.251
269.533
267.624
264.368
259.947
254.689
248.723
242.34
235.583
228.717
221.648
214.691
207.624
201.034
196.333
193.049
192.974
192.37
191.95
191.732
270.235
269.626
267.923
264.903
260.718
255.692
249.964
243.792
237.223
230.507
223.59
216.718
209.725
203.074
197.566
193.544
193.282
192.456
191.955
191.797
270.219
269.695
268.188
265.407
261.452
256.641
251.128
245.159
238.774
232.211
225.426
218.669
211.735
205.069
199.087
194.414
193.545
192.343
191.969
191.87
270.208
269.751
268.412
265.866
262.148
257.54
252.23
246.448
240.245
233.83
227.179
220.517
213.666
207.044
200.737
195.533
193.805
192.354
192.027
191.953
270.211
269.803
268.611
266.271
262.79
258.392
253.268
247.668
241.644
235.369
228.857
222.264
215.536
208.944
202.471
196.904
194.19
192.439
192.127
191.998
270.217
269.852
268.788
266.634
263.363
259.178
254.244
248.822
242.967
236.848
230.445
223.961
217.317
210.786
204.277
198.412
194.734
192.578
192.287
192.04
270.22
269.903
268.957
266.971
263.894
259.895
255.152
249.907
244.235
238.251
231.983
225.584
219.041
212.59
206.053
200.053
195.54
192.784
192.515
192.093
270.221
269.949
269.123
267.29
264.38
260.564
256.003
250.936
245.436
239.605
233.46
227.157
220.722
214.309
207.853
201.753
196.53
193.153
192.795
192.165
270.244
269.991
269.256
267.582
264.84
261.18
256.798
251.918
246.588
240.904
234.883
228.696
222.338
216.009
209.609
203.437
197.762
193.816
193.066
192.247
270.328
270.062
269.388
267.863
265.272
261.775
257.565
252.847
247.69
242.149
236.267
230.175
223.923
217.65
211.316
205.133
199.144
194.699
193.344
192.323
270.467
270.187
269.563
268.151
265.719
262.35
258.304
253.764
248.751
243.353
237.599
231.626
225.456
219.245
212.995
206.771
200.652
195.834
193.746
192.429
270.639
270.354
269.784
268.475
266.152
262.957
259.045
254.649
249.789
244.52
238.893
233.029
226.944
220.812
214.612
208.39
202.267
197.12
194.263
192.565
270.837
270.553
270.03
268.815
266.645
263.552
259.811
255.541
250.802
245.655
240.157
234.392
228.403
222.334
216.193
210
203.907
198.555
195.013
192.791
271.018
270.759
270.281
269.169
267.131
264.211
260.575
256.438
251.812
246.78
241.392
235.736
229.836
223.835
217.75
211.583
205.611
200.098
195.909
193.079
271.141
270.918
270.489
269.486
267.605
264.83
261.364
257.325
252.818
247.895
242.622
237.057
231.254
225.322
219.272
213.2
207.312
201.678
197.02
193.499
271.198
271.004
270.627
269.735
268.021
265.428
262.103
258.203
253.803
249.001
243.838
238.371
232.671
226.791
220.805
214.812
209.02
203.323
198.26
194.034
271.21
271.045
270.715
269.93
268.375
265.948
262.785
259.022
254.757
250.079
245.035
239.675
234.071
228.255
222.331
216.443
210.735
204.935
199.623
194.716
271.201
271.052
270.772
270.074
268.649
266.379
263.378
259.769
255.65
251.107
246.195
240.947
235.449
229.701
223.864
218.085
212.402
206.57
201.066
195.511
271.177
271.049
270.794
270.169
268.86
266.737
263.886
260.436
256.467
252.068
247.29
242.167
236.777
231.113
225.397
219.698
214.057
208.152
202.541
196.425
271.136
271.028
270.799
270.236
269.032
267.038
264.327
261.026
257.206
252.948
248.308
243.314
238.032
232.489
226.901
221.3
215.632
209.694
204.04
197.43
271.08
270.985
270.787
270.282
269.174
267.304
264.721
261.555
257.874
253.749
249.247
244.375
239.217
233.81
228.383
222.82
217.145
211.183
205.514
198.503
271.022
270.932
270.756
270.303
269.289
267.54
265.078
262.036
258.479
254.485
250.106
245.364
240.331
235.093
229.791
224.274
218.57
212.599
206.966
199.634
270.973
270.877
270.711
270.299
269.375
267.745
265.402
262.471
259.036
255.159
250.909
246.289
241.404
236.323
231.135
225.621
219.906
213.96
208.371
200.795
270.924
270.823
270.66
270.284
269.44
267.923
265.693
262.871
259.545
255.79
251.657
247.179
242.447
237.513
232.382
226.868
221.166
215.256
209.736
201.979
270.868
270.755
270.598
270.259
269.489
268.075
265.953
263.234
260.018
256.377
252.376
248.049
243.477
238.649
233.53
228.025
222.356
216.502
211.056
203.172
270.801
270.671
270.523
270.226
269.53
268.208
266.185
263.568
260.458
256.939
253.076
248.914
244.485
239.715
234.588
229.098
223.494
217.707
212.334
204.366
270.717
270.574
270.437
270.18
269.556
268.324
266.398
263.88
260.878
257.488
253.78
249.776
245.447
240.698
235.557
230.118
224.592
218.876
213.578
205.556
270.607
270.468
270.345
270.121
269.561
268.421
266.594
264.179
261.289
258.044
254.496
250.617
246.339
241.588
236.461
231.096
225.659
220.018
214.787
206.735
270.483
270.36
270.251
270.05
269.544
268.492
266.773
264.473
261.712
258.623
255.221
251.413
247.134
242.393
237.319
232.049
226.702
221.133
215.966
207.901
270.376
270.251
270.156
269.97
269.505
268.536
266.934
264.773
262.165
259.228
255.923
252.127
247.835
243.135
238.152
232.989
227.722
222.223
217.117
209.051
270.294
270.153
270.058
269.884
269.453
268.565
267.089
265.09
262.655
259.835
256.554
252.735
248.456
243.842
238.973
233.913
228.72
223.289
218.24
210.183
270.209
270.058
269.951
269.787
269.393
268.595
267.263
265.445
263.169
260.396
257.072
253.244
249.031
244.534
239.788
234.825
229.697
224.331
219.337
211.297
270.11
269.961
269.841
269.681
269.335
268.65
267.493
265.845
263.648
260.848
257.479
253.687
249.583
245.221
240.593
235.718
230.655
225.348
220.405
212.391
270.036
269.878
269.742
269.59
269.312
268.771
267.81
266.258
264.02
261.162
257.81
254.115
250.136
245.901
241.381
236.59
231.593
226.343
221.448
213.465
269.934
269.769
269.631
269.529
269.361
268.991
268.154
266.586
264.246
261.368
258.117
254.559
250.697
246.568
242.147
237.439
232.512
227.318
222.465
214.52
269.828
269.643
269.509
269.518
269.513
269.259
268.39
266.73
264.347
261.535
258.432
255.024
251.262
247.218
242.887
238.261
233.409
228.272
223.459
215.556
269.809
269.585
269.541
269.681
269.825
269.446
268.397
266.682
264.401
261.731
258.77
255.49
251.824
247.859
243.608
239.058
234.283
229.204
224.434
216.576
269.716
269.621
269.8
270.095
270.053
269.447
268.266
266.582
264.482
261.981
259.109
255.917
252.361
248.49
244.313
239.83
235.132
230.114
225.392
217.582
268.939
269.364
269.99
270.238
269.963
269.275
268.056
266.529
264.654
262.302
259.456
256.301
252.859
249.098
244.997
240.581
235.957
230.999
226.332
218.573
269.532
270.961
270.554
270.096
269.409
268.686
267.818
266.555
264.871
262.62
259.807
256.688
253.337
249.674
245.656
241.317
236.767
231.868
227.26
219.55
264.926
272.362
270.799
269.906
268.982
268.435
267.857
266.69
264.982
262.819
260.14
257.112
253.821
250.217
246.28
242.033
237.559
232.72
228.17
220.507
237.065
268.124
269.581
269.573
269.304
268.744
268.174
266.927
265.074
262.932
260.423
257.546
254.312
250.75
246.891
242.742
238.34
233.557
229.062
221.444
193.462
251.709
271.558
270.798
269.8
269.206
268.592
267.29
265.323
263.1
260.714
257.957
254.789
251.281
247.491
243.432
239.099
234.376
229.927
222.353
180.689
212.098
263.265
269.692
269.498
269.164
268.812
267.72
265.793
263.538
261.066
258.36
255.267
251.818
248.096
244.101
239.824
235.161
230.758
223.234
180.011
184.71
235.061
267.136
269.973
269.539
269.088
268.077
266.35
264.143
261.62
258.856
255.691
252.297
248.661
244.753
240.535
235.921
231.557
224.092
180
180.199
196.497
251.935
269.534
269.423
269.014
268.197
266.727
264.734
262.244
259.38
256.261
252.862
249.217
245.336
241.182
236.642
232.331
224.932
180
180.004
181.477
217.667
263.015
269.21
268.931
268.26
267.023
265.24
262.833
259.993
256.788
253.481
249.853
245.953
241.824
237.329
233.079
225.757
180
180
180.047
187.881
243.347
267.329
268.976
268.406
267.244
265.574
263.339
260.588
257.472
254.126
250.424
246.565
242.48
238.021
233.829
226.573
180
180
180.001
180.52
207.932
259.019
268.625
268.225
267.205
265.661
263.653
261.136
258.166
254.818
251.144
247.238
243.13
238.699
234.571
227.38
180
180
180
180.016
184.795
237.623
265.051
267.771
267.048
265.634
263.859
261.574
258.785
255.519
251.882
247.98
243.871
239.447
235.345
228.185
180
180
180
180
180.291
203.072
256.269
267.491
266.933
265.676
264.013
261.857
259.23
256.124
252.613
248.772
244.654
240.232
236.145
229
180
180
180
180
180.009
183.579
234.435
263.696
266.555
265.685
264.04
261.993
259.535
256.623
253.283
249.551
245.478
241.092
236.987
229.83
180
180
180
180
180
180.213
201.423
255.309
266.368
265.684
264.089
262.09
259.723
256.968
253.808
250.243
246.288
241.975
237.865
230.696
180
180
180
180
180
180.007
183.47
234.933
263.095
265.354
264.12
262.121
259.81
257.205
254.225
250.847
247.046
242.851
238.754
231.588
180
180
180
180
180
180
180.234
203.301
255.684
265.255
264.201
262.228
259.922
257.395
254.536
251.316
247.687
243.639
239.612
232.5
180
180
180
180
180
180
180.01
184.358
237.791
262.96
263.895
262.39
260.033
257.548
254.78
251.696
248.235
244.337
240.421
233.413
180
180
180
180
180
180
180
180.342
207.787
256.77
263.983
262.493
260.217
257.754
255.026
252.021
248.678
244.896
241.126
234.281
180
180
180
180
180
180
180
180.016
186.412
241.982
262.523
262.377
260.537
258.025
255.279
252.299
249.042
245.363
241.761
235.1
180
180
180
180
180
180
180
180.001
180.64
215.052
258.036
262.508
260.85
258.34
255.559
252.587
249.383
245.778
242.309
235.82
180
180
180
180
180
180
180
180
180.039
190.539
246.446
261.652
260.933
258.618
255.814
252.86
249.701
246.152
242.789
236.459
180
180
180
180
180
180
180
180
180.002
181.448
224.295
258.878
260.914
258.904
256.102
253.179
250.061
246.56
243.243
237.023
180
180
180
180
180
180
180
180
180
180.11
197.66
250.407
260.476
259.001
256.373
253.49
250.422
246.959
243.646
237.522
180
180
180
180
180
180
180
180
180
180.006
183.523
233.936
258.216
258.927
256.769
253.865
250.822
247.382
244.065
238.021
180
180
180
180
180
180
180
180
180
180
180.358
208.513
253.21
258.874
257.003
254.225
251.185
247.767
244.472
238.505
180
180
180
180
180
180
180
180
180
180
180.026
188.405
241.778
257.725
257.071
254.565
251.485
248.129
244.918
239.035
180
180
180
180
180
180
180
180
180
180
180.002
181.26
221.598
255.044
257.131
254.886
251.756
248.472
245.372
239.569
180
180
180
180
180
180
180
180
180
180
180
180.119
197.739
247.386
256.679
255.009
252.003
248.79
245.805
240.092
180
180
180
180
180
180
180
180
180
180
180
180.009
184.159
233.331
255.171
254.925
252.387
249.192
246.255
240.607
180
180
180
180
180
180
180
180
180
180
180
180.001
180.54
211.636
251.351
254.848
252.697
249.555
246.612
241.044
180
180
180
180
180
180
180
180
180
180
180
180
180.052
191.524
242.055
254.056
252.86
249.906
246.919
241.453
180
180
180
180
180
180
180
180
180
180
180
180
180.004
182.366
226.386
252.474
252.896
250.372
247.271
241.851
180
180
180
180
180
180
180
180
180
180
180
180
180
180.306
204.833
247.199
252.701
250.664
247.627
242.234
180
180
180
180
180
180
180
180
180
180
180
180
180
180.033
188.172
237.032
251.602
250.817
248.081
242.663
180
180
180
180
180
180
180
180
180
180
180
180
180
180.003
181.581
220.907
249.59
250.88
248.52
243.074
180
180
180
180
180
180
180
180
180
180
180
180
180
180
180.213
200.649
243.683
250.396
248.727
243.478
)
;

boundaryField
{
    inlet
    {
        type            fixedValue;
        value           nonuniform List<scalar> 0();
    }
    outlet
    {
        type            zeroGradient;
    }
    bottom
    {
        type            symmetryPlane;
    }
    top
    {
        type            zeroGradient;
    }
    obstacle
    {
        type            zeroGradient;
    }
    defaultFaces
    {
        type            empty;
    }
    procBoundary1to0
    {
        type            processor;
        value           nonuniform List<scalar> 
103
(
269.206
269.599
270.383
271.259
271.525
271.205
270.493
269.708
269.164
269.213
267.807
260.084
220.204
182.908
180.011
180
180
180
180
180
180
180
180
180
180
180
180
180
180
180
180
180
180
180
180
180
180
180
180
180
180
180
180
180
180
180
180
180
180
180
180
180
180
180
180
180
180
180
180
180
180
180
180
180
180
180
180
180
180
180
180
180
180
180
180
180
180
180
180
180
180
180
180
180
180
180
180
180
180
180
180
180
180
180
180
180
180
180
180
180
180
180
180
)
;
    }
    procBoundary1to3
    {
        type            processor;
        value           nonuniform List<scalar> 
89
(
180
180
180
180
180
180
180
180
180
180
180
180
180
180
180
180
180
180
180
180
180
180
180
180
180
180
180
180
180
180
180
180
180
180
180
180
180
180
180
180
180
180
180
180
180
180
180
180
180
180
180
180
180
180
180
180
180
180
180
180
180
180
180
180
180
180
180
180
180
180
180
180
180
180
180
180
180
180
180
180
180
180
180
180.025
186.536
233.233
249.576
248.859
244.009
)
;
    }
}


// ************************************************************************* //
