/*--------------------------------*- C++ -*----------------------------------*\
| =========                 |                                                 |
| \\      /  F ield         | OpenFOAM: The Open Source CFD Toolbox           |
|  \\    /   O peration     | Version:  2306                                  |
|   \\  /    A nd           | Website:  www.openfoam.com                      |
|    \\/     M anipulation  |                                                 |
\*---------------------------------------------------------------------------*/
FoamFile
{
    version     2.0;
    format      ascii;
    arch        "LSB;label=32;scalar=64";
    note        "nPoints:18490  nCells:9044  nFaces:36376  nInternalFaces:17888";
    class       labelList;
    location    "constant/polyMesh";
    object      neighbour;
}
// * * * * * * * * * * * * * * * * * * * * * * * * * * * * * * * * * * * * * //


17888
(
1
2
3
5804
3
4
5
5884
5
6
7
5964
7
8
9
6044
9
10
11
6124
11
12
13
6204
13
14
15
6284
15
16
17
6364
17
18
19
6444
19
20
21
6524
21
22
23
6604
23
24
25
6684
25
26
27
6764
27
28
29
6844
29
30
31
6924
31
7004
33
102
34
103
35
104
36
105
37
106
38
107
39
108
40
109
41
110
42
111
43
112
113
7084
45
114
46
115
47
116
48
117
49
118
50
119
51
120
52
121
53
122
54
123
55
124
56
125
57
126
58
127
59
128
60
129
61
130
62
131
63
132
64
133
65
134
66
135
67
136
68
137
69
138
70
139
71
140
72
141
73
142
74
143
75
144
76
145
77
146
78
147
79
148
80
149
81
150
82
151
83
152
84
153
85
154
86
155
87
156
88
157
89
158
90
159
91
160
92
161
93
162
94
163
95
164
96
165
97
166
98
167
99
168
100
169
101
170
102
171
103
172
104
173
105
174
106
175
107
176
108
177
109
178
110
179
111
180
112
181
113
182
183
7104
115
184
116
185
117
186
118
187
119
188
120
189
121
190
122
191
123
192
124
193
125
194
126
195
127
196
128
197
129
198
130
199
131
200
132
201
133
202
134
203
135
204
136
205
137
206
138
207
139
208
140
209
141
210
142
211
143
212
144
213
145
214
146
215
147
216
148
217
149
218
150
219
151
220
152
221
153
222
154
223
155
224
156
225
157
226
158
227
159
228
160
229
161
230
162
231
163
232
164
233
165
234
166
235
167
236
168
237
169
238
170
239
171
240
172
241
173
242
174
243
175
244
176
245
177
246
178
247
179
248
180
249
181
250
182
251
183
252
253
7124
185
254
186
255
187
256
188
257
189
258
190
259
191
260
192
261
193
262
194
263
195
264
196
265
197
266
198
267
199
268
200
269
201
270
202
271
203
272
204
273
205
274
206
275
207
276
208
277
209
278
210
279
211
280
212
281
213
282
214
283
215
284
216
285
217
286
218
287
219
288
220
289
221
290
222
291
223
292
224
293
225
294
226
295
227
296
228
297
229
298
230
299
231
300
232
301
233
302
234
303
235
304
236
305
237
306
238
307
239
308
240
309
241
310
242
311
243
312
244
313
245
314
246
315
247
316
248
317
249
318
250
319
251
320
252
321
253
322
323
7144
255
324
256
325
257
326
258
327
259
328
260
329
261
330
262
331
263
332
264
333
265
334
266
335
267
336
268
337
269
338
270
339
271
340
272
341
273
342
274
343
275
344
276
345
277
346
278
347
279
348
280
349
281
350
282
351
283
352
284
353
285
354
286
355
287
356
288
357
289
358
290
359
291
360
292
361
293
362
294
363
295
364
296
365
297
366
298
367
299
368
300
369
301
370
302
371
303
372
304
373
305
374
306
375
307
376
308
377
309
378
310
379
311
380
312
381
313
382
314
383
315
384
316
385
317
386
318
387
319
388
320
389
321
390
322
391
323
392
393
7164
325
394
326
395
327
396
328
397
329
398
330
399
331
400
332
401
333
402
334
403
335
404
336
405
337
406
338
407
339
408
340
409
341
410
342
411
343
412
344
413
345
414
346
415
347
416
348
417
349
418
350
419
351
420
352
421
353
422
354
423
355
424
356
425
357
426
358
427
359
428
360
429
361
430
362
431
363
432
364
433
365
434
366
435
367
436
368
437
369
438
370
439
371
440
372
441
373
442
374
443
375
444
376
445
377
446
378
447
379
448
380
449
381
450
382
451
383
452
384
453
385
454
386
455
387
456
388
457
389
458
390
459
391
460
392
461
393
462
463
7184
395
464
396
465
397
466
398
467
399
468
400
469
401
470
402
471
403
472
404
473
405
474
406
475
407
476
408
477
409
478
410
479
411
480
412
481
413
482
414
483
415
484
416
485
417
486
418
487
419
488
420
489
421
490
422
491
423
492
424
493
425
494
426
495
427
496
428
497
429
498
430
499
431
500
432
501
433
502
434
503
435
504
436
505
437
506
438
507
439
508
440
509
441
510
442
511
443
512
444
513
445
514
446
515
447
516
448
517
449
518
450
519
451
520
452
521
453
522
454
523
455
524
456
525
457
526
458
527
459
528
460
529
461
530
462
531
463
532
533
7204
465
534
466
535
467
536
468
537
469
538
470
539
471
540
472
541
473
542
474
543
475
544
476
545
477
546
478
547
479
548
480
549
481
550
482
551
483
552
484
553
485
554
486
555
487
556
488
557
489
558
490
559
491
560
492
561
493
562
494
563
495
564
496
565
497
566
498
567
499
568
500
569
501
570
502
571
503
572
504
573
505
574
506
575
507
576
508
577
509
578
510
579
511
580
512
581
513
582
514
583
515
584
516
585
517
586
518
587
519
588
520
589
521
590
522
591
523
592
524
593
525
594
526
595
527
596
528
597
529
598
530
599
531
600
532
601
533
602
603
7224
535
604
536
605
537
606
538
607
539
608
540
609
541
610
542
611
543
612
544
613
545
614
546
615
547
616
548
617
549
618
550
619
551
620
552
621
553
622
554
623
555
624
556
625
557
626
558
627
559
628
560
629
561
630
562
631
563
632
564
633
565
634
566
635
567
636
568
637
569
638
570
639
571
640
572
641
573
642
574
643
575
644
576
645
577
646
578
647
579
648
580
649
581
650
582
651
583
652
584
653
585
654
586
655
587
656
588
657
589
658
590
659
591
660
592
661
593
662
594
663
595
664
596
665
597
666
598
667
599
668
600
669
601
670
602
671
603
672
673
7244
605
674
606
675
607
676
608
677
609
678
610
679
611
680
612
681
613
682
614
683
615
684
616
685
617
686
618
687
619
688
620
689
621
690
622
691
623
692
624
693
625
694
626
695
627
696
628
697
629
698
630
699
631
700
632
701
633
702
634
703
635
704
636
705
637
706
638
707
639
708
640
709
641
710
642
711
643
712
644
713
645
714
646
715
647
716
648
717
649
718
650
719
651
720
652
721
653
722
654
723
655
724
656
725
657
726
658
727
659
728
660
729
661
730
662
731
663
732
664
733
665
734
666
735
667
736
668
737
669
738
670
739
671
740
672
741
673
742
743
7264
675
744
676
745
677
746
678
747
679
748
680
749
681
750
682
751
683
752
684
753
685
754
686
755
687
756
688
757
689
758
690
759
691
760
692
761
693
762
694
763
695
764
696
765
697
766
698
767
699
768
700
769
701
770
702
771
703
772
704
773
705
774
706
775
707
776
708
777
709
778
710
779
711
780
712
781
713
782
714
783
715
784
716
785
717
786
718
787
719
788
720
789
721
790
722
791
723
792
724
793
725
794
726
795
727
796
728
797
729
798
730
799
731
800
732
801
733
802
734
803
735
804
736
805
737
806
738
807
739
808
740
809
741
810
742
811
743
812
813
7284
745
814
746
815
747
816
748
817
749
818
750
819
751
820
752
821
753
822
754
823
755
824
756
825
757
826
758
827
759
828
760
829
761
830
762
831
763
832
764
833
765
834
766
835
767
836
768
837
769
838
770
839
771
840
772
841
773
842
774
843
775
844
776
845
777
846
778
847
779
848
780
849
781
850
782
851
783
852
784
853
785
854
786
855
787
856
788
857
789
858
790
859
791
860
792
861
793
862
794
863
795
864
796
865
797
866
798
867
799
868
800
869
801
870
802
871
803
872
804
873
805
874
806
875
807
876
808
877
809
878
810
879
811
880
812
881
813
882
883
7304
815
884
816
885
817
886
818
887
819
888
820
889
821
890
822
891
823
892
824
893
825
894
826
895
827
896
828
897
829
898
830
899
831
900
832
901
833
902
834
903
835
904
836
905
837
906
838
907
839
908
840
909
841
910
842
911
843
912
844
913
845
914
846
915
847
916
848
917
849
918
850
919
851
920
852
921
853
922
854
923
855
924
856
925
857
926
858
927
859
928
860
929
861
930
862
931
863
932
864
933
865
934
866
935
867
936
868
937
869
938
870
939
871
940
872
941
873
942
874
943
875
944
876
945
877
946
878
947
879
948
880
949
881
950
882
951
883
952
953
7324
885
954
886
955
887
956
888
957
889
958
890
959
891
960
892
961
893
962
894
963
895
964
896
965
897
966
898
967
899
968
900
969
901
970
902
971
903
972
904
973
905
974
906
975
907
976
908
977
909
978
910
979
911
980
912
981
913
982
914
983
915
984
916
985
917
986
918
987
919
988
920
989
921
990
922
991
923
992
924
993
925
994
926
995
927
996
928
997
929
998
930
999
931
1000
932
1001
933
1002
934
1003
935
1004
936
1005
937
1006
938
1007
939
1008
940
1009
941
1010
942
1011
943
1012
944
1013
945
1014
946
1015
947
1016
948
1017
949
1018
950
1019
951
1020
952
1021
953
1022
1023
7344
955
1024
956
1025
957
1026
958
1027
959
1028
960
1029
961
1030
962
1031
963
1032
964
1033
965
1034
966
1035
967
1036
968
1037
969
1038
970
1039
971
1040
972
1041
973
1042
974
1043
975
1044
976
1045
977
1046
978
1047
979
1048
980
1049
981
1050
982
1051
983
1052
984
1053
985
1054
986
1055
987
1056
988
1057
989
1058
990
1059
991
1060
992
1061
993
1062
994
1063
995
1064
996
1065
997
1066
998
1067
999
1068
1000
1069
1001
1070
1002
1071
1003
1072
1004
1073
1005
1074
1006
1075
1007
1076
1008
1077
1009
1078
1010
1079
1011
1080
1012
1081
1013
1082
1014
1083
1015
1084
1016
1085
1017
1086
1018
1087
1019
1088
1020
1089
1021
1090
1022
1091
1023
1092
1093
7364
1025
1094
1026
1095
1027
1096
1028
1097
1029
1098
1030
1099
1031
1100
1032
1101
1033
1102
1034
1103
1035
1104
1036
1105
1037
1106
1038
1107
1039
1108
1040
1109
1041
1110
1042
1111
1043
1112
1044
1113
1045
1114
1046
1115
1047
1116
1048
1117
1049
1118
1050
1119
1051
1120
1052
1121
1053
1122
1054
1123
1055
1124
1056
1125
1057
1126
1058
1127
1059
1128
1060
1129
1061
1130
1062
1131
1063
1132
1064
1133
1065
1134
1066
1135
1067
1136
1068
1137
1069
1138
1070
1139
1071
1140
1072
1141
1073
1142
1074
1143
1075
1144
1076
1145
1077
1146
1078
1147
1079
1148
1080
1149
1081
1150
1082
1151
1083
1152
1084
1153
1085
1154
1086
1155
1087
1156
1088
1157
1089
1158
1090
1159
1091
1160
1092
1161
1093
1162
1163
7384
1095
1164
1096
1165
1097
1166
1098
1167
1099
1168
1100
1169
1101
1170
1102
1171
1103
1172
1104
1173
1105
1174
1106
1175
1107
1176
1108
1177
1109
1178
1110
1179
1111
1180
1112
1181
1113
1182
1114
1183
1115
1184
1116
1185
1117
1186
1118
1187
1119
1188
1120
1189
1121
1190
1122
1191
1123
1192
1124
1193
1125
1194
1126
1195
1127
1196
1128
1197
1129
1198
1130
1199
1131
1200
1132
1201
1133
1202
1134
1203
1135
1204
1136
1205
1137
1206
1138
1207
1139
1208
1140
1209
1141
1210
1142
1211
1143
1212
1144
1213
1145
1214
1146
1215
1147
1216
1148
1217
1149
1218
1150
1219
1151
1220
1152
1221
1153
1222
1154
1223
1155
1224
1156
1225
1157
1226
1158
1227
1159
1228
1160
1229
1161
1230
1162
1231
1163
1232
1233
7404
1165
1234
1166
1235
1167
1236
1168
1237
1169
1238
1170
1239
1171
1240
1172
1241
1173
1242
1174
1243
1175
1244
1176
1245
1177
1246
1178
1247
1179
1248
1180
1249
1181
1250
1182
1251
1183
1252
1184
1253
1185
1254
1186
1255
1187
1256
1188
1257
1189
1258
1190
1259
1191
1260
1192
1261
1193
1262
1194
1263
1195
1264
1196
1265
1197
1266
1198
1267
1199
1268
1200
1269
1201
1270
1202
1271
1203
1272
1204
1273
1205
1274
1206
1275
1207
1276
1208
1277
1209
1278
1210
1279
1211
1280
1212
1281
1213
1282
1214
1283
1215
1284
1216
1285
1217
1286
1218
1287
1219
1288
1220
1289
1221
1290
1222
1291
1223
1292
1224
1293
1225
1294
1226
1295
1227
1296
1228
1297
1229
1298
1230
1299
1231
1300
1232
1301
1233
1302
1303
7424
1235
1304
1236
1305
1237
1306
1238
1307
1239
1308
1240
1309
1241
1310
1242
1311
1243
1312
1244
1313
1245
1314
1246
1315
1247
1316
1248
1317
1249
1318
1250
1319
1251
1320
1252
1321
1253
1322
1254
1323
1255
1324
1256
1325
1257
1326
1258
1327
1259
1328
1260
1329
1261
1330
1262
1331
1263
1332
1264
1333
1265
1334
1266
1335
1267
1336
1268
1337
1269
1338
1270
1339
1271
1340
1272
1341
1273
1342
1274
1343
1275
1344
1276
1345
1277
1346
1278
1347
1279
1348
1280
1349
1281
1350
1282
1351
1283
1352
1284
1353
1285
1354
1286
1355
1287
1356
1288
1357
1289
1358
1290
1359
1291
1360
1292
1361
1293
1362
1294
1363
1295
1364
1296
1365
1297
1366
1298
1367
1299
1368
1300
1369
1301
1370
1302
1371
1303
1372
1373
7444
1305
1374
1306
1375
1307
1376
1308
1377
1309
1378
1310
1379
1311
1380
1312
1381
1313
1382
1314
1383
1315
1384
1316
1385
1317
1386
1318
1387
1319
1388
1320
1389
1321
1390
1322
1391
1323
1392
1324
1393
1325
1394
1326
1395
1327
1396
1328
1397
1329
1398
1330
1399
1331
1400
1332
1401
1333
1402
1334
1403
1335
1404
1336
1405
1337
1406
1338
1407
1339
1408
1340
1409
1341
1410
1342
1411
1343
1412
1344
1413
1345
1414
1346
1415
1347
1416
1348
1417
1349
1418
1350
1419
1351
1420
1352
1421
1353
1422
1354
1423
1355
1424
1356
1425
1357
1426
1358
1427
1359
1428
1360
1429
1361
1430
1362
1431
1363
1432
1364
1433
1365
1434
1366
1435
1367
1436
1368
1437
1369
1438
1370
1439
1371
1440
1372
1441
1373
1442
1443
7464
1375
1444
1376
1445
1377
1446
1378
1447
1379
1448
1380
1449
1381
1450
1382
1451
1383
1452
1384
1453
1385
1454
1386
1455
1387
1456
1388
1457
1389
1458
1390
1459
1391
1460
1392
1461
1393
1462
1394
1463
1395
1464
1396
1465
1397
1466
1398
1467
1399
1468
1400
1469
1401
1470
1402
1471
1403
1472
1404
1473
1405
1474
1406
1475
1407
1476
1408
1477
1409
1478
1410
1479
1411
1480
1412
1481
1413
1482
1414
1483
1415
1484
1416
1485
1417
1486
1418
1487
1419
1488
1420
1489
1421
1490
1422
1491
1423
1492
1424
1493
1425
1494
1426
1495
1427
1496
1428
1497
1429
1498
1430
1499
1431
1500
1432
1501
1433
1502
1434
1503
1435
1504
1436
1505
1437
1506
1438
1507
1439
1508
1440
1509
1441
1510
1442
1511
1443
1512
1513
7484
1445
1514
1446
1515
1447
1516
1448
1517
1449
1518
1450
1519
1451
1520
1452
1521
1453
1522
1454
1523
1455
1524
1456
1525
1457
1526
1458
1527
1459
1528
1460
1529
1461
1530
1462
1531
1463
1532
1464
1533
1465
1534
1466
1535
1467
1536
1468
1537
1469
1538
1470
1539
1471
1540
1472
1541
1473
1542
1474
1543
1475
1544
1476
1545
1477
1546
1478
1547
1479
1548
1480
1549
1481
1550
1482
1551
1483
1552
1484
1553
1485
1554
1486
1555
1487
1556
1488
1557
1489
1558
1490
1559
1491
1560
1492
1561
1493
1562
1494
1563
1495
1564
1496
1565
1497
1566
1498
1567
1499
1568
1500
1569
1501
1570
1502
1571
1503
1572
1504
1573
1505
1574
1506
1575
1507
1576
1508
1577
1509
1578
1510
1579
1511
1580
1512
1581
1513
1582
1583
7504
1515
1584
1516
1585
1517
1586
1518
1587
1519
1588
1520
1589
1521
1590
1522
1591
1523
1592
1524
1593
1525
1594
1526
1595
1527
1596
1528
1597
1529
1598
1530
1599
1531
1600
1532
1601
1533
1602
1534
1603
1535
1604
1536
1605
1537
1606
1538
1607
1539
1608
1540
1609
1541
1610
1542
1611
1543
1612
1544
1613
1545
1614
1546
1615
1547
1616
1548
1617
1549
1618
1550
1619
1551
1620
1552
1621
1553
1622
1554
1623
1555
1624
1556
1625
1557
1626
1558
1627
1559
1628
1560
1629
1561
1630
1562
1631
1563
1632
1564
1633
1565
1634
1566
1635
1567
1636
1568
1637
1569
1638
1570
1639
1571
1640
1572
1641
1573
1642
1574
1643
1575
1644
1576
1645
1577
1646
1578
1647
1579
1648
1580
1649
1581
1650
1582
1651
1583
1652
1653
7524
1585
1654
1586
1655
1587
1656
1588
1657
1589
1658
1590
1659
1591
1660
1592
1661
1593
1662
1594
1663
1595
1664
1596
1665
1597
1666
1598
1667
1599
1668
1600
1669
1601
1670
1602
1671
1603
1672
1604
1673
1605
1674
1606
1675
1607
1676
1608
1677
1609
1678
1610
1679
1611
1680
1612
1681
1613
1682
1614
1683
1615
1684
1616
1685
1617
1686
1618
1687
1619
1688
1620
1689
1621
1690
1622
1691
1623
1692
1624
1693
1625
1694
1626
1695
1627
1696
1628
1697
1629
1698
1630
1699
1631
1700
1632
1701
1633
1702
1634
1703
1635
1704
1636
1705
1637
1706
1638
1707
1639
1708
1640
1709
1641
1710
1642
1711
1643
1712
1644
1713
1645
1714
1646
1715
1647
1716
1648
1717
1649
1718
1650
1719
1651
1720
1652
1721
1653
1722
1723
7544
1655
1724
1656
1725
1657
1726
1658
1727
1659
1728
1660
1729
1661
1730
1662
1731
1663
1732
1664
1733
1665
1734
1666
1735
1667
1736
1668
1737
1669
1738
1670
1739
1671
1740
1672
1741
1673
1742
1674
1743
1675
1744
1676
1745
1677
1746
1678
1747
1679
1748
1680
1749
1681
1750
1682
1751
1683
1752
1684
1753
1685
1754
1686
1755
1687
1756
1688
1757
1689
1758
1690
1759
1691
1760
1692
1761
1693
1762
1694
1763
1695
1764
1696
1765
1697
1766
1698
1767
1699
1768
1700
1769
1701
1770
1702
1771
1703
1772
1704
1773
1705
1774
1706
1775
1707
1776
1708
1777
1709
1778
1710
1779
1711
1780
1712
1781
1713
1782
1714
1783
1715
1784
1716
1785
1717
1786
1718
1787
1719
1788
1720
1789
1721
1790
1722
1791
1723
1792
1793
7564
1725
1794
1726
1795
1727
1796
1728
1797
1729
1798
1730
1799
1731
1800
1732
1801
1733
1802
1734
1803
1735
1804
1736
1805
1737
1806
1738
1807
1739
1808
1740
1809
1741
1810
1742
1811
1743
1812
1744
1813
1745
1814
1746
1815
1747
1816
1748
1817
1749
1818
1750
1819
1751
1820
1752
1821
1753
1822
1754
1823
1755
1824
1756
1825
1757
1826
1758
1827
1759
1828
1760
1829
1761
1830
1762
1831
1763
1832
1764
1833
1765
1834
1766
1835
1767
1836
1768
1837
1769
1838
1770
1839
1771
1840
1772
1841
1773
1842
1774
1843
1775
1844
1776
1845
1777
1846
1778
1847
1779
1848
1780
1849
1781
1850
1782
1851
1783
1852
1784
1853
1785
1854
1786
1855
1787
1856
1788
1857
1789
1858
1790
1859
1791
1860
1792
1861
1793
1862
1863
7584
1795
1864
1796
1865
1797
1866
1798
1867
1799
1868
1800
1869
1801
1870
1802
1871
1803
1872
1804
1873
1805
1874
1806
1875
1807
1876
1808
1877
1809
1878
1810
1879
1811
1880
1812
1881
1813
1882
1814
1883
1815
1884
1816
1885
1817
1886
1818
1887
1819
1888
1820
1889
1821
1890
1822
1891
1823
1892
1824
1893
1825
1894
1826
1895
1827
1896
1828
1897
1829
1898
1830
1899
1831
1900
1832
1901
1833
1902
1834
1903
1835
1904
1836
1905
1837
1906
1838
1907
1839
1908
1840
1909
1841
1910
1842
1911
1843
1912
1844
1913
1845
1914
1846
1915
1847
1916
1848
1917
1849
1918
1850
1919
1851
1920
1852
1921
1853
1922
1854
1923
1855
1924
1856
1925
1857
1926
1858
1927
1859
1928
1860
1929
1861
1930
1862
1931
1863
1932
1933
7604
1865
1934
1866
1935
1867
1936
1868
1937
1869
1938
1870
1939
1871
1940
1872
1941
1873
1942
1874
1943
1875
1944
1876
1945
1877
1946
1878
1947
1879
1948
1880
1949
1881
1950
1882
1951
1883
1952
1884
1953
1885
1954
1886
1955
1887
1956
1888
1957
1889
1958
1890
1959
1891
1960
1892
1961
1893
1962
1894
1963
1895
1964
1896
1965
1897
1966
1898
1967
1899
1968
1900
1969
1901
1970
1902
1971
1903
1972
1904
1973
1905
1974
1906
1975
1907
1976
1908
1977
1909
1978
1910
1979
1911
1980
1912
1981
1913
1982
1914
1983
1915
1984
1916
1985
1917
1986
1918
1987
1919
1988
1920
1989
1921
1990
1922
1991
1923
1992
1924
1993
1925
1994
1926
1995
1927
1996
1928
1997
1929
1998
1930
1999
1931
2000
1932
2001
1933
2002
2003
7624
1935
2004
1936
2005
1937
2006
1938
2007
1939
2008
1940
2009
1941
2010
1942
2011
1943
2012
1944
2013
1945
2014
1946
2015
1947
2016
1948
2017
1949
2018
1950
2019
1951
2020
1952
2021
1953
2022
1954
2023
1955
2024
1956
2025
1957
2026
1958
2027
1959
2028
1960
2029
1961
2030
1962
2031
1963
2032
1964
2033
1965
2034
1966
2035
1967
2036
1968
2037
1969
2038
1970
2039
1971
2040
1972
2041
1973
2042
1974
2043
1975
2044
1976
2045
1977
2046
1978
2047
1979
2048
1980
2049
1981
2050
1982
2051
1983
2052
1984
2053
1985
2054
1986
2055
1987
2056
1988
2057
1989
2058
1990
2059
1991
2060
1992
2061
1993
2062
1994
2063
1995
2064
1996
2065
1997
2066
1998
2067
1999
2068
2000
2069
2001
2070
2002
2071
2003
2072
2073
7644
2005
2074
2006
2075
2007
2076
2008
2077
2009
2078
2010
2079
2011
2080
2012
2081
2013
2082
2014
2083
2015
2084
2016
2085
2017
2086
2018
2087
2019
2088
2020
2089
2021
2090
2022
2091
2023
2092
2024
2093
2025
2094
2026
2095
2027
2096
2028
2097
2029
2098
2030
2099
2031
2100
2032
2101
2033
2102
2034
2103
2035
2104
2036
2105
2037
2106
2038
2107
2039
2108
2040
2109
2041
2110
2042
2111
2043
2112
2044
2113
2045
2114
2046
2115
2047
2116
2048
2117
2049
2118
2050
2119
2051
2120
2052
2121
2053
2122
2054
2123
2055
2124
2056
2125
2057
2126
2058
2127
2059
2128
2060
2129
2061
2130
2062
2131
2063
2132
2064
2133
2065
2134
2066
2135
2067
2136
2068
2137
2069
2138
2070
2139
2071
2140
2072
2141
2073
2142
2143
7664
2075
2144
2076
2145
2077
2146
2078
2147
2079
2148
2080
2149
2081
2150
2082
2151
2083
2152
2084
2153
2085
2154
2086
2155
2087
2156
2088
2157
2089
2158
2090
2159
2091
2160
2092
2161
2093
2162
2094
2163
2095
2164
2096
2165
2097
2166
2098
2167
2099
2168
2100
2169
2101
2170
2102
2171
2103
2172
2104
2173
2105
2174
2106
2175
2107
2176
2108
2177
2109
2178
2110
2179
2111
2180
2112
2181
2113
2182
2114
2183
2115
2184
2116
2185
2117
2186
2118
2187
2119
2188
2120
2189
2121
2190
2122
2191
2123
2192
2124
2193
2125
2194
2126
2195
2127
2196
2128
2197
2129
2198
2130
2199
2131
2200
2132
2201
2133
2202
2134
2203
2135
2204
2136
2205
2137
2206
2138
2207
2139
2208
2140
2209
2141
2210
2142
2211
2143
2212
2213
7684
2145
2214
2146
2215
2147
2216
2148
2217
2149
2218
2150
2219
2151
2220
2152
2221
2153
2222
2154
2223
2155
2224
2156
2225
2157
2226
2158
2227
2159
2228
2160
2229
2161
2230
2162
2231
2163
2232
2164
2233
2165
2234
2166
2235
2167
2236
2168
2237
2169
2238
2170
2239
2171
2240
2172
2241
2173
2242
2174
2243
2175
2244
2176
2245
2177
2246
2178
2247
2179
2248
2180
2249
2181
2250
2182
2251
2183
2252
2184
2253
2185
2254
2186
2255
2187
2256
2188
2257
2189
2258
2190
2259
2191
2260
2192
2261
2193
2262
2194
2263
2195
2264
2196
2265
2197
2266
2198
2267
2199
2268
2200
2269
2201
2270
2202
2271
2203
2272
2204
2273
2205
2274
2206
2275
2207
2276
2208
2277
2209
2278
2210
2279
2211
2280
2212
2281
2213
2282
2283
7704
2215
2284
2216
2285
2217
2286
2218
2287
2219
2288
2220
2289
2221
2290
2222
2291
2223
2292
2224
2293
2225
2294
2226
2295
2227
2296
2228
2297
2229
2298
2230
2299
2231
2300
2232
2301
2233
2302
2234
2303
2235
2304
2236
2305
2237
2306
2238
2307
2239
2308
2240
2309
2241
2310
2242
2311
2243
2312
2244
2313
2245
2314
2246
2315
2247
2316
2248
2317
2249
2318
2250
2319
2251
2320
2252
2321
2253
2322
2254
2323
2255
2324
2256
2325
2257
2326
2258
2327
2259
2328
2260
2329
2261
2330
2262
2331
2263
2332
2264
2333
2265
2334
2266
2335
2267
2336
2268
2337
2269
2338
2270
2339
2271
2340
2272
2341
2273
2342
2274
2343
2275
2344
2276
2345
2277
2346
2278
2347
2279
2348
2280
2349
2281
2350
2282
2351
2283
2352
2353
7724
2285
2354
2286
2355
2287
2356
2288
2357
2289
2358
2290
2359
2291
2360
2292
2361
2293
2362
2294
2363
2295
2364
2296
2365
2297
2366
2298
2367
2299
2368
2300
2369
2301
2370
2302
2371
2303
2372
2304
2373
2305
2374
2306
2375
2307
2376
2308
2377
2309
2378
2310
2379
2311
2380
2312
2381
2313
2382
2314
2383
2315
2384
2316
2385
2317
2386
2318
2387
2319
2388
2320
2389
2321
2390
2322
2391
2323
2392
2324
2393
2325
2394
2326
2395
2327
2396
2328
2397
2329
2398
2330
2399
2331
2400
2332
2401
2333
2402
2334
2403
2335
2404
2336
2405
2337
2406
2338
2407
2339
2408
2340
2409
2341
2410
2342
2411
2343
2412
2344
2413
2345
2414
2346
2415
2347
2416
2348
2417
2349
2418
2350
2419
2351
2420
2352
2421
2353
2422
2423
7744
2355
2424
2356
2425
2357
2426
2358
2427
2359
2428
2360
2429
2361
2430
2362
2431
2363
2432
2364
2433
2365
2434
2366
2435
2367
2436
2368
2437
2369
2438
2370
2439
2371
2440
2372
2441
2373
2442
2374
2443
2375
2444
2376
2445
2377
2446
2378
2447
2379
2448
2380
2449
2381
2450
2382
2451
2383
2452
2384
2453
2385
2454
2386
2455
2387
2456
2388
2457
2389
2458
2390
2459
2391
2460
2392
2461
2393
2462
2394
2463
2395
2464
2396
2465
2397
2466
2398
2467
2399
2468
2400
2469
2401
2470
2402
2471
2403
2472
2404
2473
2405
2474
2406
2475
2407
2476
2408
2477
2409
2478
2410
2479
2411
2480
2412
2481
2413
2482
2414
2483
2415
2484
2416
2485
2417
2486
2418
2487
2419
2488
2420
2489
2421
2490
2422
2491
2423
2492
2493
7764
2425
2494
2426
2495
2427
2496
2428
2497
2429
2498
2430
2499
2431
2500
2432
2501
2433
2502
2434
2503
2435
2504
2436
2505
2437
2506
2438
2507
2439
2508
2440
2509
2441
2510
2442
2511
2443
2512
2444
2513
2445
2514
2446
2515
2447
2516
2448
2517
2449
2518
2450
2519
2451
2520
2452
2521
2453
2522
2454
2523
2455
2524
2456
2525
2457
2526
2458
2527
2459
2528
2460
2529
2461
2530
2462
2531
2463
2532
2464
2533
2465
2534
2466
2535
2467
2536
2468
2537
2469
2538
2470
2539
2471
2540
2472
2541
2473
2542
2474
2543
2475
2544
2476
2545
2477
2546
2478
2547
2479
2548
2480
2549
2481
2550
2482
2551
2483
2552
2484
2553
2485
2554
2486
2555
2487
2556
2488
2557
2489
2558
2490
2559
2491
2560
2492
2561
2493
2562
2563
7784
2495
2564
2496
2565
2497
2566
2498
2567
2499
2568
2500
2569
2501
2570
2502
2571
2503
2572
2504
2573
2505
2574
2506
2575
2507
2576
2508
2577
2509
2578
2510
2579
2511
2580
2512
2581
2513
2582
2514
2583
2515
2584
2516
2585
2517
2586
2518
2587
2519
2588
2520
2589
2521
2590
2522
2591
2523
2592
2524
2593
2525
2594
2526
2595
2527
2596
2528
2597
2529
2598
2530
2599
2531
2600
2532
2601
2533
2602
2534
2603
2535
2604
2536
2605
2537
2606
2538
2607
2539
2608
2540
2609
2541
2610
2542
2611
2543
2612
2544
2613
2545
2614
2546
2615
2547
2616
2548
2617
2549
2618
2550
2619
2551
2620
2552
2621
2553
2622
2554
2623
2555
2624
2556
2625
2557
2626
2558
2627
2559
2628
2560
2629
2561
2630
2562
2631
2563
2632
2633
7804
2565
2634
2566
2635
2567
2636
2568
2637
2569
2638
2570
2639
2571
2640
2572
2641
2573
2642
2574
2643
2575
2644
2576
2645
2577
2646
2578
2647
2579
2648
2580
2649
2581
2650
2582
2651
2583
2652
2584
2653
2585
2654
2586
2655
2587
2656
2588
2657
2589
2658
2590
2659
2591
2660
2592
2661
2593
2662
2594
2663
2595
2664
2596
2665
2597
2666
2598
2667
2599
2668
2600
2669
2601
2670
2602
2671
2603
2672
2604
2673
2605
2674
2606
2675
2607
2676
2608
2677
2609
2678
2610
2679
2611
2680
2612
2681
2613
2682
2614
2683
2615
2684
2616
2685
2617
2686
2618
2687
2619
2688
2620
2689
2621
2690
2622
2691
2623
2692
2624
2693
2625
2694
2626
2695
2627
2696
2628
2697
2629
2698
2630
2699
2631
2700
2632
2701
2633
2702
2703
7824
2635
2704
2636
2705
2637
2706
2638
2707
2639
2708
2640
2709
2641
2710
2642
2711
2643
2712
2644
2713
2645
2714
2646
2715
2647
2716
2648
2717
2649
2718
2650
2719
2651
2720
2652
2721
2653
2722
2654
2723
2655
2724
2656
2725
2657
2726
2658
2727
2659
2728
2660
2729
2661
2730
2662
2731
2663
2732
2664
2733
2665
2734
2666
2735
2667
2736
2668
2737
2669
2738
2670
2739
2671
2740
2672
2741
2673
2742
2674
2743
2675
2744
2676
2745
2677
2746
2678
2747
2679
2748
2680
2749
2681
2750
2682
2751
2683
2752
2684
2753
2685
2754
2686
2755
2687
2756
2688
2757
2689
2758
2690
2759
2691
2760
2692
2761
2693
2762
2694
2763
2695
2764
2696
2765
2697
2766
2698
2767
2699
2768
2700
2769
2701
2770
2702
2771
2703
2772
2773
7844
2705
2774
2706
2775
2707
2776
2708
2777
2709
2778
2710
2779
2711
2780
2712
2781
2713
2782
2714
2783
2715
2784
2716
2785
2717
2786
2718
2787
2719
2788
2720
2789
2721
2790
2722
2791
2723
2792
2724
2793
2725
2794
2726
2795
2727
2796
2728
2797
2729
2798
2730
2799
2731
2800
2732
2801
2733
2802
2734
2803
2735
2804
2736
2805
2737
2806
2738
2807
2739
2808
2740
2809
2741
2810
2742
2811
2743
2812
2744
2813
2745
2814
2746
2815
2747
2816
2748
2817
2749
2818
2750
2819
2751
2820
2752
2821
2753
2822
2754
2823
2755
2824
2756
2825
2757
2826
2758
2827
2759
2828
2760
2829
2761
2830
2762
2831
2763
2832
2764
2833
2765
2834
2766
2835
2767
2836
2768
2837
2769
2838
2770
2839
2771
2840
2772
2841
2773
2842
2843
7864
2775
2844
2776
2845
2777
2846
2778
2847
2779
2848
2780
2849
2781
2850
2782
2851
2783
2852
2784
2853
2785
2854
2786
2855
2787
2856
2788
2857
2789
2858
2790
2859
2791
2860
2792
2861
2793
2862
2794
2863
2795
2864
2796
2865
2797
2866
2798
2867
2799
2868
2800
2869
2801
2870
2802
2871
2803
2872
2804
2873
2805
2874
2806
2875
2807
2876
2808
2877
2809
2878
2810
2879
2811
2880
2812
2881
2813
2882
2814
2883
2815
2884
2816
2885
2817
2886
2818
2887
2819
2888
2820
2889
2821
2890
2822
2891
2823
2892
2824
2893
2825
2894
2826
2895
2827
2896
2828
2897
2829
2898
2830
2899
2831
2900
2832
2901
2833
2902
2834
2903
2835
2904
2836
2905
2837
2906
2838
2907
2839
2908
2840
2909
2841
2910
2842
2911
2843
2912
2913
7884
2845
2914
2846
2915
2847
2916
2848
2917
2849
2918
2850
2919
2851
2920
2852
2921
2853
2922
2854
2923
2855
2924
2856
2925
2857
2926
2858
2927
2859
2928
2860
2929
2861
2930
2862
2931
2863
2932
2864
2933
2865
2934
2866
2935
2867
2936
2868
2937
2869
2938
2870
2939
2871
2940
2872
2941
2873
2942
2874
2943
2875
2944
2876
2945
2877
2946
2878
2947
2879
2948
2880
2949
2881
2950
2882
2951
2883
2952
2884
2953
2885
2954
2886
2955
2887
2956
2888
2957
2889
2958
2890
2959
2891
2960
2892
2961
2893
2962
2894
2963
2895
2964
2896
2965
2897
2966
2898
2967
2899
2968
2900
2969
2901
2970
2902
2971
2903
2972
2904
2973
2905
2974
2906
2975
2907
2976
2908
2977
2909
2978
2910
2979
2911
2980
2912
2981
2913
2982
2983
7904
2915
2984
2916
2985
2917
2986
2918
2987
2919
2988
2920
2989
2921
2990
2922
2991
2923
2992
2924
2993
2925
2994
2926
2995
2927
2996
2928
2997
2929
2998
2930
2999
2931
3000
2932
3001
2933
3002
2934
3003
2935
3004
2936
3005
2937
3006
2938
3007
2939
3008
2940
3009
2941
3010
2942
3011
2943
3012
2944
3013
2945
3014
2946
3015
2947
3016
2948
3017
2949
3018
2950
3019
2951
3020
2952
3021
2953
3022
2954
3023
2955
3024
2956
3025
2957
3026
2958
3027
2959
3028
2960
3029
2961
3030
2962
3031
2963
3032
2964
3033
2965
3034
2966
3035
2967
3036
2968
3037
2969
3038
2970
3039
2971
3040
2972
3041
2973
3042
2974
3043
2975
3044
2976
3045
2977
3046
2978
3047
2979
3048
2980
3049
2981
3050
2982
3051
2983
3052
3053
7924
2985
3054
2986
3055
2987
3056
2988
3057
2989
3058
2990
3059
2991
3060
2992
3061
2993
3062
2994
3063
2995
3064
2996
3065
2997
3066
2998
3067
2999
3068
3000
3069
3001
3070
3002
3071
3003
3072
3004
3073
3005
3074
3006
3075
3007
3076
3008
3077
3009
3078
3010
3079
3011
3080
3012
3081
3013
3082
3014
3083
3015
3084
3016
3085
3017
3086
3018
3087
3019
3088
3020
3089
3021
3090
3022
3091
3023
3092
3024
3093
3025
3094
3026
3095
3027
3096
3028
3097
3029
3098
3030
3099
3031
3100
3032
3101
3033
3102
3034
3103
3035
3104
3036
3105
3037
3106
3038
3107
3039
3108
3040
3109
3041
3110
3042
3111
3043
3112
3044
3113
3045
3114
3046
3115
3047
3116
3048
3117
3049
3118
3050
3119
3051
3120
3052
3121
3053
3122
3123
7944
3055
3124
3056
3125
3057
3126
3058
3127
3059
3128
3060
3129
3061
3130
3062
3131
3063
3132
3064
3133
3065
3134
3066
3135
3067
3136
3068
3137
3069
3138
3070
3139
3071
3140
3072
3141
3073
3142
3074
3143
3075
3144
3076
3145
3077
3146
3078
3147
3079
3148
3080
3149
3081
3150
3082
3151
3083
3152
3084
3153
3085
3154
3086
3155
3087
3156
3088
3157
3089
3158
3090
3159
3091
3160
3092
3161
3093
3162
3094
3163
3095
3164
3096
3165
3097
3166
3098
3167
3099
3168
3100
3169
3101
3170
3102
3171
3103
3172
3104
3173
3105
3174
3106
3175
3107
3176
3108
3177
3109
3178
3110
3179
3111
3180
3112
3181
3113
3182
3114
3183
3115
3184
3116
3185
3117
3186
3118
3187
3119
3188
3120
3189
3121
3190
3122
3191
3123
3192
3193
7964
3125
3194
3126
3195
3127
3196
3128
3197
3129
3198
3130
3199
3131
3200
3132
3201
3133
3202
3134
3203
3135
3204
3136
3205
3137
3206
3138
3207
3139
3208
3140
3209
3141
3210
3142
3211
3143
3212
3144
3213
3145
3214
3146
3215
3147
3216
3148
3217
3149
3218
3150
3219
3151
3220
3152
3221
3153
3222
3154
3223
3155
3224
3156
3225
3157
3226
3158
3227
3159
3228
3160
3229
3161
3230
3162
3231
3163
3232
3164
3233
3165
3234
3166
3235
3167
3236
3168
3237
3169
3238
3170
3239
3171
3240
3172
3241
3173
3242
3174
3243
3175
3244
3176
3245
3177
3246
3178
3247
3179
3248
3180
3249
3181
3250
3182
3251
3183
3252
3184
3253
3185
3254
3186
3255
3187
3256
3188
3257
3189
3258
3190
3259
3191
3260
3192
3261
3193
3262
3263
7984
3195
3264
3196
3265
3197
3266
3198
3267
3199
3268
3200
3269
3201
3270
3202
3271
3203
3272
3204
3273
3205
3274
3206
3275
3207
3276
3208
3277
3209
3278
3210
3279
3211
3280
3212
3281
3213
3282
3214
3283
3215
3284
3216
3285
3217
3286
3218
3287
3219
3288
3220
3289
3221
3290
3222
3291
3223
3292
3224
3293
3225
3294
3226
3295
3227
3296
3228
3297
3229
3298
3230
3299
3231
3300
3232
3301
3233
3302
3234
3303
3235
3304
3236
3305
3237
3306
3238
3307
3239
3308
3240
3309
3241
3310
3242
3311
3243
3312
3244
3313
3245
3314
3246
3315
3247
3316
3248
3317
3249
3318
3250
3319
3251
3320
3252
3321
3253
3322
3254
3323
3255
3324
3256
3325
3257
3326
3258
3327
3259
3328
3260
3329
3261
3330
3262
3331
3263
3332
3333
8004
3265
3334
3266
3335
3267
3336
3268
3337
3269
3338
3270
3339
3271
3340
3272
3341
3273
3342
3274
3343
3275
3344
3276
3345
3277
3346
3278
3347
3279
3348
3280
3349
3281
3350
3282
3351
3283
3352
3284
3353
3285
3354
3286
3355
3287
3356
3288
3357
3289
3358
3290
3359
3291
3360
3292
3361
3293
3362
3294
3363
3295
3364
3296
3365
3297
3366
3298
3367
3299
3368
3300
3369
3301
3370
3302
3371
3303
3372
3304
3373
3305
3374
3306
3375
3307
3376
3308
3377
3309
3378
3310
3379
3311
3380
3312
3381
3313
3382
3314
3383
3315
3384
3316
3385
3317
3386
3318
3387
3319
3388
3320
3389
3321
3390
3322
3391
3323
3392
3324
3393
3325
3394
3326
3395
3327
3396
3328
3397
3329
3398
3330
3399
3331
3400
3332
3401
3333
3402
3403
8024
3335
3404
3336
3405
3337
3406
3338
3407
3339
3408
3340
3409
3341
3410
3342
3411
3343
3412
3344
3413
3345
3414
3346
3415
3347
3416
3348
3417
3349
3418
3350
3419
3351
3420
3352
3421
3353
3422
3354
3423
3355
3424
3356
3425
3357
3426
3358
3427
3359
3428
3360
3429
3361
3430
3362
3431
3363
3432
3364
3433
3365
3434
3366
3435
3367
3436
3368
3437
3369
3438
3370
3439
3371
3440
3372
3441
3373
3442
3374
3443
3375
3444
3376
3445
3377
3446
3378
3447
3379
3448
3380
3449
3381
3450
3382
3451
3383
3452
3384
3453
3385
3454
3386
3455
3387
3456
3388
3457
3389
3458
3390
3459
3391
3460
3392
3461
3393
3462
3394
3463
3395
3464
3396
3465
3397
3466
3398
3467
3399
3468
3400
3469
3401
3470
3402
3471
3403
3472
3473
8044
3405
3474
3406
3475
3407
3476
3408
3477
3409
3478
3410
3479
3411
3480
3412
3481
3413
3482
3414
3483
3415
3484
3416
3485
3417
3486
3418
3487
3419
3488
3420
3489
3421
3490
3422
3491
3423
3492
3424
3493
3425
3494
3426
3495
3427
3496
3428
3497
3429
3498
3430
3499
3431
3500
3432
3501
3433
3502
3434
3503
3435
3504
3436
3505
3437
3506
3438
3507
3439
3508
3440
3509
3441
3510
3442
3511
3443
3512
3444
3513
3445
3514
3446
3515
3447
3516
3448
3517
3449
3518
3450
3519
3451
3520
3452
3521
3453
3522
3454
3523
3455
3524
3456
3525
3457
3526
3458
3527
3459
3528
3460
3529
3461
3530
3462
3531
3463
3532
3464
3533
3465
3534
3466
3535
3467
3536
3468
3537
3469
3538
3470
3539
3471
3540
3472
3541
3473
3542
3543
8064
3475
3544
3476
3545
3477
3546
3478
3547
3479
3548
3480
3549
3481
3550
3482
3551
3483
3552
3484
3553
3485
3554
3486
3555
3487
3556
3488
3557
3489
3558
3490
3559
3491
3560
3492
3561
3493
3562
3494
3563
3495
3564
3496
3565
3497
3566
3498
3567
3499
3568
3500
3569
3501
3570
3502
3571
3503
3572
3504
3573
3505
3574
3506
3575
3507
3576
3508
3577
3509
3578
3510
3579
3511
3580
3512
3581
3513
3582
3514
3583
3515
3584
3516
3585
3517
3586
3518
3587
3519
3588
3520
3589
3521
3590
3522
3591
3523
3592
3524
3593
3525
3594
3526
3595
3527
3596
3528
3597
3529
3598
3530
3599
3531
3600
3532
3601
3533
3602
3534
3603
3535
3604
3536
3605
3537
3606
3538
3607
3539
3608
3540
3609
3541
3610
3542
3611
3543
3612
3613
8084
3545
3614
3546
3615
3547
3616
3548
3617
3549
3618
3550
3619
3551
3620
3552
3621
3553
3622
3554
3623
3555
3624
3556
3625
3557
3626
3558
3627
3559
3628
3560
3629
3561
3630
3562
3631
3563
3632
3564
3633
3565
3634
3566
3635
3567
3636
3568
3637
3569
3638
3570
3639
3571
3640
3572
3641
3573
3642
3574
3643
3575
3644
3576
3645
3577
3646
3578
3647
3579
3648
3580
3649
3581
3650
3582
3651
3583
3652
3584
3653
3585
3654
3586
3655
3587
3656
3588
3657
3589
3658
3590
3659
3591
3660
3592
3661
3593
3662
3594
3663
3595
3664
3596
3665
3597
3666
3598
3667
3599
3668
3600
3669
3601
3670
3602
3671
3603
3672
3604
3673
3605
3674
3606
3675
3607
3676
3608
3677
3609
3678
3610
3679
3611
3680
3612
3681
3613
3682
3683
8104
3615
3684
3616
3685
3617
3686
3618
3687
3619
3688
3620
3689
3621
3690
3622
3691
3623
3692
3624
3693
3625
3694
3626
3695
3627
3696
3628
3697
3629
3698
3630
3699
3631
3700
3632
3701
3633
3702
3634
3703
3635
3704
3636
3705
3637
3706
3638
3707
3639
3708
3640
3709
3641
3710
3642
3711
3643
3712
3644
3713
3645
3714
3646
3715
3647
3716
3648
3717
3649
3718
3650
3719
3651
3720
3652
3721
3653
3722
3654
3723
3655
3724
3656
3725
3657
3726
3658
3727
3659
3728
3660
3729
3661
3730
3662
3731
3663
3732
3664
3733
3665
3734
3666
3735
3667
3736
3668
3737
3669
3738
3670
3739
3671
3740
3672
3741
3673
3742
3674
3743
3675
3744
3676
3745
3677
3746
3678
3747
3679
3748
3680
3749
3681
3750
3682
3751
3683
3752
3753
8124
3685
3754
3686
3755
3687
3756
3688
3757
3689
3758
3690
3759
3691
3760
3692
3761
3693
3762
3694
3763
3695
3764
3696
3765
3697
3766
3698
3767
3699
3768
3700
3769
3701
3770
3702
3771
3703
3772
3704
3773
3705
3774
3706
3775
3707
3776
3708
3777
3709
3778
3710
3779
3711
3780
3712
3781
3713
3782
3714
3783
3715
3784
3716
3785
3717
3786
3718
3787
3719
3788
3720
3789
3721
3790
3722
3791
3723
3792
3724
3793
3725
3794
3726
3795
3727
3796
3728
3797
3729
3798
3730
3799
3731
3800
3732
3801
3733
3802
3734
3803
3735
3804
3736
3805
3737
3806
3738
3807
3739
3808
3740
3809
3741
3810
3742
3811
3743
3812
3744
3813
3745
3814
3746
3815
3747
3816
3748
3817
3749
3818
3750
3819
3751
3820
3752
3821
3753
3822
3823
8144
3755
3824
3756
3825
3757
3826
3758
3827
3759
3828
3760
3829
3761
3830
3762
3831
3763
3832
3764
3833
3765
3834
3766
3835
3767
3836
3768
3837
3769
3838
3770
3839
3771
3840
3772
3841
3773
3842
3774
3843
3775
3844
3776
3845
3777
3846
3778
3847
3779
3848
3780
3849
3781
3850
3782
3851
3783
3852
3784
3853
3785
3854
3786
3855
3787
3856
3788
3857
3789
3858
3790
3859
3791
3860
3792
3861
3793
3862
3794
3863
3795
3864
3796
3865
3797
3866
3798
3867
3799
3868
3800
3869
3801
3870
3802
3871
3803
3872
3804
3873
3805
3874
3806
3875
3807
3876
3808
3877
3809
3878
3810
3879
3811
3880
3812
3881
3813
3882
3814
3883
3815
3884
3816
3885
3817
3886
3818
3887
3819
3888
3820
3889
3821
3890
3822
3891
3823
3892
3893
8164
3825
3894
3826
3895
3827
3896
3828
3897
3829
3898
3830
3899
3831
3900
3832
3901
3833
3902
3834
3903
3835
3904
3836
3905
3837
3906
3838
3907
3839
3908
3840
3909
3841
3910
3842
3911
3843
3912
3844
3913
3845
3914
3846
3915
3847
3916
3848
3917
3849
3918
3850
3919
3851
3920
3852
3921
3853
3922
3854
3923
3855
3924
3856
3925
3857
3926
3858
3927
3859
3928
3860
3929
3861
3930
3862
3931
3863
3932
3864
3933
3865
3934
3866
3935
3867
3936
3868
3937
3869
3938
3870
3939
3871
3940
3872
3941
3873
3942
3874
3943
3875
3944
3876
3945
3877
3946
3878
3947
3879
3948
3880
3949
3881
3950
3882
3951
3883
3952
3884
3953
3885
3954
3886
3955
3887
3956
3888
3957
3889
3958
3890
3959
3891
3960
3892
3961
3893
3962
3963
8184
3895
3967
3896
3968
3897
3969
3898
3970
3899
3971
3900
3972
3901
3973
3902
3974
3903
3975
3904
3976
3905
3977
3906
3978
3907
3979
3908
3980
3909
3981
3910
3982
3911
3983
3912
3984
3913
3985
3914
3986
3915
3987
3916
3988
3917
3989
3918
3990
3919
3991
3920
3992
3921
3993
3922
3994
3923
3995
3924
3996
3925
3997
3926
3998
3927
3999
3928
4000
3929
4001
3930
4002
3931
4003
3932
4004
3933
4005
3934
4006
3935
4007
3936
4008
3937
4009
3938
4010
3939
4011
3940
4012
3941
4013
3942
4014
3943
4015
3944
4016
3945
4017
3946
4018
3947
4019
3948
4020
3949
4021
3950
4022
3951
4023
3952
4024
3953
4025
3954
4026
3955
4027
3956
4028
3957
4029
3958
4030
3959
4031
3960
4032
3961
4033
3962
4034
3963
4035
4036
8204
3965
4037
3966
4038
3967
4039
3968
4040
3969
4041
3970
4042
3971
4043
3972
4044
3973
4045
3974
4046
3975
4047
3976
4048
3977
4049
3978
4050
3979
4051
3980
4052
3981
4053
3982
4054
3983
4055
3984
4056
3985
4057
3986
4058
3987
4059
3988
4060
3989
4061
3990
4062
3991
4063
3992
4064
3993
4065
3994
4066
3995
4067
3996
4068
3997
4069
3998
4070
3999
4071
4000
4072
4001
4073
4002
4074
4003
4075
4004
4076
4005
4077
4006
4078
4007
4079
4008
4080
4009
4081
4010
4082
4011
4083
4012
4084
4013
4085
4014
4086
4015
4087
4016
4088
4017
4089
4018
4090
4019
4091
4020
4092
4021
4093
4022
4094
4023
4095
4024
4096
4025
4097
4026
4098
4027
4099
4028
4100
4029
4101
4030
4102
4031
4103
4032
4104
4033
4105
4034
4106
4035
4107
4036
4108
4109
8224
4038
4110
4039
4111
4040
4112
4041
4113
4042
4114
4043
4115
4044
4116
4045
4117
4046
4118
4047
4119
4048
4120
4049
4121
4050
4122
4051
4123
4052
4124
4053
4125
4054
4126
4055
4127
4056
4128
4057
4129
4058
4130
4059
4131
4060
4132
4061
4133
4062
4134
4063
4135
4064
4136
4065
4137
4066
4138
4067
4139
4068
4140
4069
4141
4070
4142
4071
4143
4072
4144
4073
4145
4074
4146
4075
4147
4076
4148
4077
4149
4078
4150
4079
4151
4080
4152
4081
4153
4082
4154
4083
4155
4084
4156
4085
4157
4086
4158
4087
4159
4088
4160
4089
4161
4090
4162
4091
4163
4092
4164
4093
4165
4094
4166
4095
4167
4096
4168
4097
4169
4098
4170
4099
4171
4100
4172
4101
4173
4102
4174
4103
4175
4104
4176
4105
4177
4106
4178
4107
4179
4108
4180
4109
4181
4182
8244
4111
4183
4112
4184
4113
4185
4114
4186
4115
4187
4116
4188
4117
4189
4118
4190
4119
4191
4120
4192
4121
4193
4122
4194
4123
4195
4124
4196
4125
4197
4126
4198
4127
4199
4128
4200
4129
4201
4130
4202
4131
4203
4132
4204
4133
4205
4134
4206
4135
4207
4136
4208
4137
4209
4138
4210
4139
4211
4140
4212
4141
4213
4142
4214
4143
4215
4144
4216
4145
4217
4146
4218
4147
4219
4148
4220
4149
4221
4150
4222
4151
4223
4152
4224
4153
4225
4154
4226
4155
4227
4156
4228
4157
4229
4158
4230
4159
4231
4160
4232
4161
4233
4162
4234
4163
4235
4164
4236
4165
4237
4166
4238
4167
4239
4168
4240
4169
4241
4170
4242
4171
4243
4172
4244
4173
4245
4174
4246
4175
4247
4176
4248
4177
4249
4178
4250
4179
4251
4180
4252
4181
4253
4182
4254
4255
8264
4184
4256
4185
4257
4186
4258
4187
4259
4188
4260
4189
4261
4190
4262
4191
4263
4192
4264
4193
4265
4194
4266
4195
4267
4196
4268
4197
4269
4198
4270
4199
4271
4200
4272
4201
4273
4202
4274
4203
4275
4204
4276
4205
4277
4206
4278
4207
4279
4208
4280
4209
4281
4210
4282
4211
4283
4212
4284
4213
4285
4214
4286
4215
4287
4216
4288
4217
4289
4218
4290
4219
4291
4220
4292
4221
4293
4222
4294
4223
4295
4224
4296
4225
4297
4226
4298
4227
4299
4228
4300
4229
4301
4230
4302
4231
4303
4232
4304
4233
4305
4234
4306
4235
4307
4236
4308
4237
4309
4238
4310
4239
4311
4240
4312
4241
4313
4242
4314
4243
4315
4244
4316
4245
4317
4246
4318
4247
4319
4248
4320
4249
4321
4250
4322
4251
4323
4252
4324
4253
4325
4254
4326
4255
4327
4328
8284
4257
4329
4258
4330
4259
4331
4260
4332
4261
4333
4262
4334
4263
4335
4264
4336
4265
4337
4266
4338
4267
4339
4268
4340
4269
4341
4270
4342
4271
4343
4272
4344
4273
4345
4274
4346
4275
4347
4276
4348
4277
4349
4278
4350
4279
4351
4280
4352
4281
4353
4282
4354
4283
4355
4284
4356
4285
4357
4286
4358
4287
4359
4288
4360
4289
4361
4290
4362
4291
4363
4292
4364
4293
4365
4294
4366
4295
4367
4296
4368
4297
4369
4298
4370
4299
4371
4300
4372
4301
4373
4302
4374
4303
4375
4304
4376
4305
4377
4306
4378
4307
4379
4308
4380
4309
4381
4310
4382
4311
4383
4312
4384
4313
4385
4314
4386
4315
4387
4316
4388
4317
4389
4318
4390
4319
4391
4320
4392
4321
4393
4322
4394
4323
4395
4324
4396
4325
4397
4326
4398
4327
4399
4328
4400
4401
8304
4330
4402
4331
4403
4332
4404
4333
4405
4334
4406
4335
4407
4336
4408
4337
4409
4338
4410
4339
4411
4340
4412
4341
4413
4342
4414
4343
4415
4344
4416
4345
4417
4346
4418
4347
4419
4348
4420
4349
4421
4350
4422
4351
4423
4352
4424
4353
4425
4354
4426
4355
4427
4356
4428
4357
4429
4358
4430
4359
4431
4360
4432
4361
4433
4362
4434
4363
4435
4364
4436
4365
4437
4366
4438
4367
4439
4368
4440
4369
4441
4370
4442
4371
4443
4372
4444
4373
4445
4374
4446
4375
4447
4376
4448
4377
4449
4378
4450
4379
4451
4380
4452
4381
4453
4382
4454
4383
4455
4384
4456
4385
4457
4386
4458
4387
4459
4388
4460
4389
4461
4390
4462
4391
4463
4392
4464
4393
4465
4394
4466
4395
4467
4396
4468
4397
4469
4398
4470
4399
4471
4400
4472
4401
4473
4474
8324
4403
4475
4404
4476
4405
4477
4406
4478
4407
4479
4408
4480
4409
4481
4410
4482
4411
4483
4412
4484
4413
4485
4414
4486
4415
4487
4416
4488
4417
4489
4418
4490
4419
4491
4420
4492
4421
4493
4422
4494
4423
4495
4424
4496
4425
4497
4426
4498
4427
4499
4428
4500
4429
4501
4430
4502
4431
4503
4432
4504
4433
4505
4434
4506
4435
4507
4436
4508
4437
4509
4438
4510
4439
4511
4440
4512
4441
4513
4442
4514
4443
4515
4444
4516
4445
4517
4446
4518
4447
4519
4448
4520
4449
4521
4450
4522
4451
4523
4452
4524
4453
4525
4454
4526
4455
4527
4456
4528
4457
4529
4458
4530
4459
4531
4460
4532
4461
4533
4462
4534
4463
4535
4464
4536
4465
4537
4466
4538
4467
4539
4468
4540
4469
4541
4470
4542
4471
4543
4472
4544
4473
4545
4474
4546
4547
8344
4476
4548
4477
4549
4478
4550
4479
4551
4480
4552
4481
4553
4482
4554
4483
4555
4484
4556
4485
4557
4486
4558
4487
4559
4488
4560
4489
4561
4490
4562
4491
4563
4492
4564
4493
4565
4494
4566
4495
4567
4496
4568
4497
4569
4498
4570
4499
4571
4500
4572
4501
4573
4502
4574
4503
4575
4504
4576
4505
4577
4506
4578
4507
4579
4508
4580
4509
4581
4510
4582
4511
4583
4512
4584
4513
4585
4514
4586
4515
4587
4516
4588
4517
4589
4518
4590
4519
4591
4520
4592
4521
4593
4522
4594
4523
4595
4524
4596
4525
4597
4526
4598
4527
4599
4528
4600
4529
4601
4530
4602
4531
4603
4532
4604
4533
4605
4534
4606
4535
4607
4536
4608
4537
4609
4538
4610
4539
4611
4540
4612
4541
4613
4542
4614
4543
4615
4544
4616
4545
4617
4546
4618
4547
4619
4620
8364
4549
4621
4550
4622
4551
4623
4552
4624
4553
4625
4554
4626
4555
4627
4556
4628
4557
4629
4558
4630
4559
4631
4560
4632
4561
4633
4562
4634
4563
4635
4564
4636
4565
4637
4566
4638
4567
4639
4568
4640
4569
4641
4570
4642
4571
4643
4572
4644
4573
4645
4574
4646
4575
4647
4576
4648
4577
4649
4578
4650
4579
4651
4580
4652
4581
4653
4582
4654
4583
4655
4584
4656
4585
4657
4586
4658
4587
4659
4588
4660
4589
4661
4590
4662
4591
4663
4592
4664
4593
4665
4594
4666
4595
4667
4596
4668
4597
4669
4598
4670
4599
4671
4600
4672
4601
4673
4602
4674
4603
4675
4604
4676
4605
4677
4606
4678
4607
4679
4608
4680
4609
4681
4610
4682
4611
4683
4612
4684
4613
4685
4614
4686
4615
4687
4616
4688
4617
4689
4618
4690
4619
4691
4620
4692
4693
8384
4622
4694
4623
4695
4624
4696
4625
4697
4626
4698
4627
4699
4628
4700
4629
4701
4630
4702
4631
4703
4632
4704
4633
4705
4634
4706
4635
4707
4636
4708
4637
4709
4638
4710
4639
4711
4640
4712
4641
4713
4642
4714
4643
4715
4644
4716
4645
4717
4646
4718
4647
4719
4648
4720
4649
4721
4650
4722
4651
4723
4652
4724
4653
4725
4654
4726
4655
4727
4656
4728
4657
4729
4658
4730
4659
4731
4660
4732
4661
4733
4662
4734
4663
4735
4664
4736
4665
4737
4666
4738
4667
4739
4668
4740
4669
4741
4670
4742
4671
4743
4672
4744
4673
4745
4674
4746
4675
4747
4676
4748
4677
4749
4678
4750
4679
4751
4680
4752
4681
4753
4682
4754
4683
4755
4684
4756
4685
4757
4686
4758
4687
4759
4688
4760
4689
4761
4690
4762
4691
4763
4692
4764
4693
4765
4766
8404
4695
4767
4696
4768
4697
4769
4698
4770
4699
4771
4700
4772
4701
4773
4702
4774
4703
4775
4704
4776
4705
4777
4706
4778
4707
4779
4708
4780
4709
4781
4710
4782
4711
4783
4712
4784
4713
4785
4714
4786
4715
4787
4716
4788
4717
4789
4718
4790
4719
4791
4720
4792
4721
4793
4722
4794
4723
4795
4724
4796
4725
4797
4726
4798
4727
4799
4728
4800
4729
4801
4730
4802
4731
4803
4732
4804
4733
4805
4734
4806
4735
4807
4736
4808
4737
4809
4738
4810
4739
4811
4740
4812
4741
4813
4742
4814
4743
4815
4744
4816
4745
4817
4746
4818
4747
4819
4748
4820
4749
4821
4750
4822
4751
4823
4752
4824
4753
4825
4754
4826
4755
4827
4756
4828
4757
4829
4758
4830
4759
4831
4760
4832
4761
4833
4762
4834
4763
4835
4764
4836
4765
4837
4766
4838
4839
8424
4768
4840
4769
4841
4770
4842
4771
4843
4772
4844
4773
4845
4774
4846
4775
4847
4776
4848
4777
4849
4778
4850
4779
4851
4780
4852
4781
4853
4782
4854
4783
4855
4784
4856
4785
4857
4786
4858
4787
4859
4788
4860
4789
4861
4790
4862
4791
4863
4792
4864
4793
4865
4794
4866
4795
4867
4796
4868
4797
4869
4798
4870
4799
4871
4800
4872
4801
4873
4802
4874
4803
4875
4804
4876
4805
4877
4806
4878
4807
4879
4808
4880
4809
4881
4810
4882
4811
4883
4812
4884
4813
4885
4814
4886
4815
4887
4816
4888
4817
4889
4818
4890
4819
4891
4820
4892
4821
4893
4822
4894
4823
4895
4824
4896
4825
4897
4826
4898
4827
4899
4828
4900
4829
4901
4830
4902
4831
4903
4832
4904
4833
4905
4834
4906
4835
4907
4836
4908
4837
4909
4838
4910
4839
4911
4912
8444
4841
4913
4842
4914
4843
4915
4844
4916
4845
4917
4846
4918
4847
4919
4848
4920
4849
4921
4850
4922
4851
4923
4852
4924
4853
4925
4854
4926
4855
4927
4856
4928
4857
4929
4858
4930
4859
4931
4860
4932
4861
4933
4862
4934
4863
4935
4864
4936
4865
4937
4866
4938
4867
4939
4868
4940
4869
4941
4870
4942
4871
4943
4872
4944
4873
4945
4874
4946
4875
4947
4876
4948
4877
4949
4878
4950
4879
4951
4880
4952
4881
4953
4882
4954
4883
4955
4884
4956
4885
4957
4886
4958
4887
4959
4888
4960
4889
4961
4890
4962
4891
4963
4892
4964
4893
4965
4894
4966
4895
4967
4896
4968
4897
4969
4898
4970
4899
4971
4900
4972
4901
4973
4902
4974
4903
4975
4904
4976
4905
4977
4906
4978
4907
4979
4908
4980
4909
4981
4910
4982
4911
4983
4912
4984
4985
8464
4914
4986
4915
4987
4916
4988
4917
4989
4918
4990
4919
4991
4920
4992
4921
4993
4922
4994
4923
4995
4924
4996
4925
4997
4926
4998
4927
4999
4928
5000
4929
5001
4930
5002
4931
5003
4932
5004
4933
5005
4934
5006
4935
5007
4936
5008
4937
5009
4938
5010
4939
5011
4940
5012
4941
5013
4942
5014
4943
5015
4944
5016
4945
5017
4946
5018
4947
5019
4948
5020
4949
5021
4950
5022
4951
5023
4952
5024
4953
5025
4954
5026
4955
5027
4956
5028
4957
5029
4958
5030
4959
5031
4960
5032
4961
5033
4962
5034
4963
5035
4964
5036
4965
5037
4966
5038
4967
5039
4968
5040
4969
5041
4970
5042
4971
5043
4972
5044
4973
5045
4974
5046
4975
5047
4976
5048
4977
5049
4978
5050
4979
5051
4980
5052
4981
5053
4982
5054
4983
5055
4984
5056
4985
5057
5058
8484
4987
5059
4988
5060
4989
5061
4990
5062
4991
5063
4992
5064
4993
5065
4994
5066
4995
5067
4996
5068
4997
5069
4998
5070
4999
5071
5000
5072
5001
5073
5002
5074
5003
5075
5004
5076
5005
5077
5006
5078
5007
5079
5008
5080
5009
5081
5010
5082
5011
5083
5012
5084
5013
5085
5014
5086
5015
5087
5016
5088
5017
5089
5018
5090
5019
5091
5020
5092
5021
5093
5022
5094
5023
5095
5024
5096
5025
5097
5026
5098
5027
5099
5028
5100
5029
5101
5030
5102
5031
5103
5032
5104
5033
5105
5034
5106
5035
5107
5036
5108
5037
5109
5038
5110
5039
5111
5040
5112
5041
5113
5042
5114
5043
5115
5044
5116
5045
5117
5046
5118
5047
5119
5048
5120
5049
5121
5050
5122
5051
5123
5052
5124
5053
5125
5054
5126
5055
5127
5056
5128
5057
5129
5058
5130
5131
8504
5060
5132
5061
5133
5062
5134
5063
5135
5064
5136
5065
5137
5066
5138
5067
5139
5068
5140
5069
5141
5070
5142
5071
5143
5072
5144
5073
5145
5074
5146
5075
5147
5076
5148
5077
5149
5078
5150
5079
5151
5080
5152
5081
5153
5082
5154
5083
5155
5084
5156
5085
5157
5086
5158
5087
5159
5088
5160
5089
5161
5090
5162
5091
5163
5092
5164
5093
5165
5094
5166
5095
5167
5096
5168
5097
5169
5098
5170
5099
5171
5100
5172
5101
5173
5102
5174
5103
5175
5104
5176
5105
5177
5106
5178
5107
5179
5108
5180
5109
5181
5110
5182
5111
5183
5112
5184
5113
5185
5114
5186
5115
5187
5116
5188
5117
5189
5118
5190
5119
5191
5120
5192
5121
5193
5122
5194
5123
5195
5124
5196
5125
5197
5126
5198
5127
5199
5128
5200
5129
5201
5130
5202
5131
5203
5204
8524
5133
5205
5134
5206
5135
5207
5136
5208
5137
5209
5138
5210
5139
5211
5140
5212
5141
5213
5142
5214
5143
5215
5144
5216
5145
5217
5146
5218
5147
5219
5148
5220
5149
5221
5150
5222
5151
5223
5152
5224
5153
5225
5154
5226
5155
5227
5156
5228
5157
5229
5158
5230
5159
5231
5160
5232
5161
5233
5162
5234
5163
5235
5164
5236
5165
5237
5166
5238
5167
5239
5168
5240
5169
5241
5170
5242
5171
5243
5172
5244
5173
5245
5174
5246
5175
5247
5176
5248
5177
5249
5178
5250
5179
5251
5180
5252
5181
5253
5182
5254
5183
5255
5184
5256
5185
5257
5186
5258
5187
5259
5188
5260
5189
5261
5190
5262
5191
5263
5192
5264
5193
5265
5194
5266
5195
5267
5196
5268
5197
5269
5198
5270
5199
5271
5200
5272
5201
5273
5202
5274
5203
5275
5204
5276
5277
8544
5206
5278
5207
5279
5208
5280
5209
5281
5210
5282
5211
5283
5212
5284
5213
5285
5214
5286
5215
5287
5216
5288
5217
5289
5218
5290
5219
5291
5220
5292
5221
5293
5222
5294
5223
5295
5224
5296
5225
5297
5226
5298
5227
5299
5228
5300
5229
5301
5230
5302
5231
5303
5232
5304
5233
5305
5234
5306
5235
5307
5236
5308
5237
5309
5238
5310
5239
5311
5240
5312
5241
5313
5242
5314
5243
5315
5244
5316
5245
5317
5246
5318
5247
5319
5248
5320
5249
5321
5250
5322
5251
5323
5252
5324
5253
5325
5254
5326
5255
5327
5256
5328
5257
5329
5258
5330
5259
5331
5260
5332
5261
5333
5262
5334
5263
5335
5264
5336
5265
5337
5266
5338
5267
5339
5268
5340
5269
5341
5270
5342
5271
5343
5272
5344
5273
5345
5274
5346
5275
5347
5276
5348
5277
5349
5350
8564
5279
5351
5280
5352
5281
5353
5282
5354
5283
5355
5284
5356
5285
5357
5286
5358
5287
5359
5288
5360
5289
5361
5290
5362
5291
5363
5292
5364
5293
5365
5294
5366
5295
5367
5296
5368
5297
5369
5298
5370
5299
5371
5300
5372
5301
5373
5302
5374
5303
5375
5304
5376
5305
5377
5306
5378
5307
5379
5308
5380
5309
5381
5310
5382
5311
5383
5312
5384
5313
5385
5314
5386
5315
5387
5316
5388
5317
5389
5318
5390
5319
5391
5320
5392
5321
5393
5322
5394
5323
5395
5324
5396
5325
5397
5326
5398
5327
5399
5328
5400
5329
5401
5330
5402
5331
5403
5332
5404
5333
5405
5334
5406
5335
5407
5336
5408
5337
5409
5338
5410
5339
5411
5340
5412
5341
5413
5342
5414
5343
5415
5344
5416
5345
5417
5346
5418
5347
5419
5348
5420
5349
5421
5350
5422
5423
8584
5352
5425
5353
5426
5354
5427
5355
5428
5356
5429
5357
5430
5358
5431
5359
5432
5360
5433
5361
5434
5362
5435
5363
5436
5364
5437
5365
5438
5366
5439
5367
5440
5368
5441
5369
5442
5370
5443
5371
5444
5372
5445
5373
5446
5374
5447
5375
5448
5376
5449
5377
5450
5378
5451
5379
5452
5380
5453
5381
5454
5382
5455
5383
5456
5384
5457
5385
5458
5386
5459
5387
5460
5388
5461
5389
5462
5390
5463
5391
5464
5392
5465
5393
5466
5394
5467
5395
5468
5396
5469
5397
5470
5398
5471
5399
5472
5400
5473
5401
5474
5402
5475
5403
5476
5404
5477
5405
5478
5406
5479
5407
5480
5408
5481
5409
5482
5410
5483
5411
5484
5412
5485
5413
5486
5414
5487
5415
5488
5416
5489
5417
5490
5418
5491
5419
5492
5420
5493
5421
5494
5422
5495
5423
5496
5497
8604
5425
5499
5426
5500
5427
5501
5428
5502
5429
5503
5430
5504
5431
5505
5432
5506
5433
5507
5434
5508
5435
5509
5436
5510
5437
5511
5438
5512
5439
5513
5440
5514
5441
5515
5442
5516
5443
5517
5444
5518
5445
5519
5446
5520
5447
5521
5448
5522
5449
5523
5450
5524
5451
5525
5452
5526
5453
5527
5454
5528
5455
5529
5456
5530
5457
5531
5458
5532
5459
5533
5460
5534
5461
5535
5462
5536
5463
5537
5464
5538
5465
5539
5466
5540
5467
5541
5468
5542
5469
5543
5470
5544
5471
5545
5472
5546
5473
5547
5474
5548
5475
5549
5476
5550
5477
5551
5478
5552
5479
5553
5480
5554
5481
5555
5482
5556
5483
5557
5484
5558
5485
5559
5486
5560
5487
5561
5488
5562
5489
5563
5490
5564
5491
5565
5492
5566
5493
5567
5494
5568
5495
5569
5496
5570
5497
5571
5572
8624
5499
5574
5500
5575
5501
5576
5502
5577
5503
5578
5504
5579
5505
5580
5506
5581
5507
5582
5508
5583
5509
5584
5510
5585
5511
5586
5512
5587
5513
5588
5514
5589
5515
5590
5516
5591
5517
5592
5518
5593
5519
5594
5520
5595
5521
5596
5522
5597
5523
5598
5524
5599
5525
5600
5526
5601
5527
5602
5528
5603
5529
5604
5530
5605
5531
5606
5532
5607
5533
5608
5534
5609
5535
5610
5536
5611
5537
5612
5538
5613
5539
5614
5540
5615
5541
5616
5542
5617
5543
5618
5544
5619
5545
5620
5546
5621
5547
5622
5548
5623
5549
5624
5550
5625
5551
5626
5552
5627
5553
5628
5554
5629
5555
5630
5556
5631
5557
5632
5558
5633
5559
5634
5560
5635
5561
5636
5562
5637
5563
5638
5564
5639
5565
5640
5566
5641
5567
5642
5568
5643
5569
5644
5570
5645
5571
5646
5572
5647
5648
8644
5574
5650
5575
5651
5576
5652
5577
5653
5578
5654
5579
5655
5580
5656
5581
5657
5582
5658
5583
5659
5584
5660
5585
5661
5586
5662
5587
5663
5588
5664
5589
5665
5590
5666
5591
5667
5592
5668
5593
5669
5594
5670
5595
5671
5596
5672
5597
5673
5598
5674
5599
5675
5600
5676
5601
5677
5602
5678
5603
5679
5604
5680
5605
5681
5606
5682
5607
5683
5608
5684
5609
5685
5610
5686
5611
5687
5612
5688
5613
5689
5614
5690
5615
5691
5616
5692
5617
5693
5618
5694
5619
5695
5620
5696
5621
5697
5622
5698
5623
5699
5624
5700
5625
5701
5626
5702
5627
5703
5628
5704
5629
5705
5630
5706
5631
5707
5632
5708
5633
5709
5634
5710
5635
5711
5636
5712
5637
5713
5638
5714
5639
5715
5640
5716
5641
5717
5642
5718
5643
5719
5644
5720
5645
5721
5646
5722
5647
5723
5648
5724
5725
8664
5650
5727
5651
5728
5652
5729
5653
5730
5654
5731
5655
5732
5656
5733
5657
5734
5658
5735
5659
5736
5660
5737
5661
5738
5662
5739
5663
5740
5664
5741
5665
5742
5666
5743
5667
5744
5668
5745
5669
5746
5670
5747
5671
5748
5672
5749
5673
5750
5674
5751
5675
5752
5676
5753
5677
5754
5678
5755
5679
5756
5680
5757
5681
5758
5682
5759
5683
5760
5684
5761
5685
5762
5686
5763
5687
5764
5688
5765
5689
5766
5690
5767
5691
5768
5692
5769
5693
5770
5694
5771
5695
5772
5696
5773
5697
5774
5698
5775
5699
5776
5700
5777
5701
5778
5702
5779
5703
5780
5704
5781
5705
5782
5706
5783
5707
5784
5708
5785
5709
5786
5710
5787
5711
5788
5712
5789
5713
5790
5714
5791
5715
5792
5716
5793
5717
5794
5718
5795
5719
5796
5720
5797
5721
5798
5722
5799
5723
5800
5724
5801
5725
5802
5803
8684
5727
5806
5728
5807
5729
5808
5730
5809
5731
5810
5732
5811
5733
5812
5734
5813
5735
5814
5736
5815
5737
5816
5738
5817
5739
5818
5740
5819
5741
5820
5742
5821
5743
5822
5744
5823
5745
5824
5746
5825
5747
5826
5748
5827
5749
5828
5750
5829
5751
5830
5752
5831
5753
5832
5754
5833
5755
5834
5756
5835
5757
5836
5758
5837
5759
5838
5760
5839
5761
5840
5762
5841
5763
5842
5764
5843
5765
5844
5766
5845
5767
5846
5768
5847
5769
5848
5770
5849
5771
5850
5772
5851
5773
5852
5774
5853
5775
5854
5776
5855
5777
5856
5778
5857
5779
5858
5780
5859
5781
5860
5782
5861
5783
5862
5784
5863
5785
5864
5786
5865
5787
5866
5788
5867
5789
5868
5790
5869
5791
5870
5792
5871
5793
5872
5794
5873
5795
5874
5796
5875
5797
5876
5798
5877
5799
5878
5800
5879
5801
5880
5802
5881
5803
5882
5883
8704
5805
5884
5806
5885
5807
5886
5808
5887
5809
5888
5810
5889
5811
5890
5812
5891
5813
5892
5814
5893
5815
5894
5816
5895
5817
5896
5818
5897
5819
5898
5820
5899
5821
5900
5822
5901
5823
5902
5824
5903
5825
5904
5826
5905
5827
5906
5828
5907
5829
5908
5830
5909
5831
5910
5832
5911
5833
5912
5834
5913
5835
5914
5836
5915
5837
5916
5838
5917
5839
5918
5840
5919
5841
5920
5842
5921
5843
5922
5844
5923
5845
5924
5846
5925
5847
5926
5848
5927
5849
5928
5850
5929
5851
5930
5852
5931
5853
5932
5854
5933
5855
5934
5856
5935
5857
5936
5858
5937
5859
5938
5860
5939
5861
5940
5862
5941
5863
5942
5864
5943
5865
5944
5866
5945
5867
5946
5868
5947
5869
5948
5870
5949
5871
5950
5872
5951
5873
5952
5874
5953
5875
5954
5876
5955
5877
5956
5878
5957
5879
5958
5880
5959
5881
5960
5882
5961
5883
5962
5963
8724
5885
5964
5886
5965
5887
5966
5888
5967
5889
5968
5890
5969
5891
5970
5892
5971
5893
5972
5894
5973
5895
5974
5896
5975
5897
5976
5898
5977
5899
5978
5900
5979
5901
5980
5902
5981
5903
5982
5904
5983
5905
5984
5906
5985
5907
5986
5908
5987
5909
5988
5910
5989
5911
5990
5912
5991
5913
5992
5914
5993
5915
5994
5916
5995
5917
5996
5918
5997
5919
5998
5920
5999
5921
6000
5922
6001
5923
6002
5924
6003
5925
6004
5926
6005
5927
6006
5928
6007
5929
6008
5930
6009
5931
6010
5932
6011
5933
6012
5934
6013
5935
6014
5936
6015
5937
6016
5938
6017
5939
6018
5940
6019
5941
6020
5942
6021
5943
6022
5944
6023
5945
6024
5946
6025
5947
6026
5948
6027
5949
6028
5950
6029
5951
6030
5952
6031
5953
6032
5954
6033
5955
6034
5956
6035
5957
6036
5958
6037
5959
6038
5960
6039
5961
6040
5962
6041
5963
6042
6043
8744
5965
6044
5966
6045
5967
6046
5968
6047
5969
6048
5970
6049
5971
6050
5972
6051
5973
6052
5974
6053
5975
6054
5976
6055
5977
6056
5978
6057
5979
6058
5980
6059
5981
6060
5982
6061
5983
6062
5984
6063
5985
6064
5986
6065
5987
6066
5988
6067
5989
6068
5990
6069
5991
6070
5992
6071
5993
6072
5994
6073
5995
6074
5996
6075
5997
6076
5998
6077
5999
6078
6000
6079
6001
6080
6002
6081
6003
6082
6004
6083
6005
6084
6006
6085
6007
6086
6008
6087
6009
6088
6010
6089
6011
6090
6012
6091
6013
6092
6014
6093
6015
6094
6016
6095
6017
6096
6018
6097
6019
6098
6020
6099
6021
6100
6022
6101
6023
6102
6024
6103
6025
6104
6026
6105
6027
6106
6028
6107
6029
6108
6030
6109
6031
6110
6032
6111
6033
6112
6034
6113
6035
6114
6036
6115
6037
6116
6038
6117
6039
6118
6040
6119
6041
6120
6042
6121
6043
6122
6123
8764
6045
6124
6046
6125
6047
6126
6048
6127
6049
6128
6050
6129
6051
6130
6052
6131
6053
6132
6054
6133
6055
6134
6056
6135
6057
6136
6058
6137
6059
6138
6060
6139
6061
6140
6062
6141
6063
6142
6064
6143
6065
6144
6066
6145
6067
6146
6068
6147
6069
6148
6070
6149
6071
6150
6072
6151
6073
6152
6074
6153
6075
6154
6076
6155
6077
6156
6078
6157
6079
6158
6080
6159
6081
6160
6082
6161
6083
6162
6084
6163
6085
6164
6086
6165
6087
6166
6088
6167
6089
6168
6090
6169
6091
6170
6092
6171
6093
6172
6094
6173
6095
6174
6096
6175
6097
6176
6098
6177
6099
6178
6100
6179
6101
6180
6102
6181
6103
6182
6104
6183
6105
6184
6106
6185
6107
6186
6108
6187
6109
6188
6110
6189
6111
6190
6112
6191
6113
6192
6114
6193
6115
6194
6116
6195
6117
6196
6118
6197
6119
6198
6120
6199
6121
6200
6122
6201
6123
6202
6203
8784
6125
6204
6126
6205
6127
6206
6128
6207
6129
6208
6130
6209
6131
6210
6132
6211
6133
6212
6134
6213
6135
6214
6136
6215
6137
6216
6138
6217
6139
6218
6140
6219
6141
6220
6142
6221
6143
6222
6144
6223
6145
6224
6146
6225
6147
6226
6148
6227
6149
6228
6150
6229
6151
6230
6152
6231
6153
6232
6154
6233
6155
6234
6156
6235
6157
6236
6158
6237
6159
6238
6160
6239
6161
6240
6162
6241
6163
6242
6164
6243
6165
6244
6166
6245
6167
6246
6168
6247
6169
6248
6170
6249
6171
6250
6172
6251
6173
6252
6174
6253
6175
6254
6176
6255
6177
6256
6178
6257
6179
6258
6180
6259
6181
6260
6182
6261
6183
6262
6184
6263
6185
6264
6186
6265
6187
6266
6188
6267
6189
6268
6190
6269
6191
6270
6192
6271
6193
6272
6194
6273
6195
6274
6196
6275
6197
6276
6198
6277
6199
6278
6200
6279
6201
6280
6202
6281
6203
6282
6283
8804
6205
6284
6206
6285
6207
6286
6208
6287
6209
6288
6210
6289
6211
6290
6212
6291
6213
6292
6214
6293
6215
6294
6216
6295
6217
6296
6218
6297
6219
6298
6220
6299
6221
6300
6222
6301
6223
6302
6224
6303
6225
6304
6226
6305
6227
6306
6228
6307
6229
6308
6230
6309
6231
6310
6232
6311
6233
6312
6234
6313
6235
6314
6236
6315
6237
6316
6238
6317
6239
6318
6240
6319
6241
6320
6242
6321
6243
6322
6244
6323
6245
6324
6246
6325
6247
6326
6248
6327
6249
6328
6250
6329
6251
6330
6252
6331
6253
6332
6254
6333
6255
6334
6256
6335
6257
6336
6258
6337
6259
6338
6260
6339
6261
6340
6262
6341
6263
6342
6264
6343
6265
6344
6266
6345
6267
6346
6268
6347
6269
6348
6270
6349
6271
6350
6272
6351
6273
6352
6274
6353
6275
6354
6276
6355
6277
6356
6278
6357
6279
6358
6280
6359
6281
6360
6282
6361
6283
6362
6363
8824
6285
6364
6286
6365
6287
6366
6288
6367
6289
6368
6290
6369
6291
6370
6292
6371
6293
6372
6294
6373
6295
6374
6296
6375
6297
6376
6298
6377
6299
6378
6300
6379
6301
6380
6302
6381
6303
6382
6304
6383
6305
6384
6306
6385
6307
6386
6308
6387
6309
6388
6310
6389
6311
6390
6312
6391
6313
6392
6314
6393
6315
6394
6316
6395
6317
6396
6318
6397
6319
6398
6320
6399
6321
6400
6322
6401
6323
6402
6324
6403
6325
6404
6326
6405
6327
6406
6328
6407
6329
6408
6330
6409
6331
6410
6332
6411
6333
6412
6334
6413
6335
6414
6336
6415
6337
6416
6338
6417
6339
6418
6340
6419
6341
6420
6342
6421
6343
6422
6344
6423
6345
6424
6346
6425
6347
6426
6348
6427
6349
6428
6350
6429
6351
6430
6352
6431
6353
6432
6354
6433
6355
6434
6356
6435
6357
6436
6358
6437
6359
6438
6360
6439
6361
6440
6362
6441
6363
6442
6443
8844
6365
6444
6366
6445
6367
6446
6368
6447
6369
6448
6370
6449
6371
6450
6372
6451
6373
6452
6374
6453
6375
6454
6376
6455
6377
6456
6378
6457
6379
6458
6380
6459
6381
6460
6382
6461
6383
6462
6384
6463
6385
6464
6386
6465
6387
6466
6388
6467
6389
6468
6390
6469
6391
6470
6392
6471
6393
6472
6394
6473
6395
6474
6396
6475
6397
6476
6398
6477
6399
6478
6400
6479
6401
6480
6402
6481
6403
6482
6404
6483
6405
6484
6406
6485
6407
6486
6408
6487
6409
6488
6410
6489
6411
6490
6412
6491
6413
6492
6414
6493
6415
6494
6416
6495
6417
6496
6418
6497
6419
6498
6420
6499
6421
6500
6422
6501
6423
6502
6424
6503
6425
6504
6426
6505
6427
6506
6428
6507
6429
6508
6430
6509
6431
6510
6432
6511
6433
6512
6434
6513
6435
6514
6436
6515
6437
6516
6438
6517
6439
6518
6440
6519
6441
6520
6442
6521
6443
6522
6523
8864
6445
6524
6446
6525
6447
6526
6448
6527
6449
6528
6450
6529
6451
6530
6452
6531
6453
6532
6454
6533
6455
6534
6456
6535
6457
6536
6458
6537
6459
6538
6460
6539
6461
6540
6462
6541
6463
6542
6464
6543
6465
6544
6466
6545
6467
6546
6468
6547
6469
6548
6470
6549
6471
6550
6472
6551
6473
6552
6474
6553
6475
6554
6476
6555
6477
6556
6478
6557
6479
6558
6480
6559
6481
6560
6482
6561
6483
6562
6484
6563
6485
6564
6486
6565
6487
6566
6488
6567
6489
6568
6490
6569
6491
6570
6492
6571
6493
6572
6494
6573
6495
6574
6496
6575
6497
6576
6498
6577
6499
6578
6500
6579
6501
6580
6502
6581
6503
6582
6504
6583
6505
6584
6506
6585
6507
6586
6508
6587
6509
6588
6510
6589
6511
6590
6512
6591
6513
6592
6514
6593
6515
6594
6516
6595
6517
6596
6518
6597
6519
6598
6520
6599
6521
6600
6522
6601
6523
6602
6603
8884
6525
6604
6526
6605
6527
6606
6528
6607
6529
6608
6530
6609
6531
6610
6532
6611
6533
6612
6534
6613
6535
6614
6536
6615
6537
6616
6538
6617
6539
6618
6540
6619
6541
6620
6542
6621
6543
6622
6544
6623
6545
6624
6546
6625
6547
6626
6548
6627
6549
6628
6550
6629
6551
6630
6552
6631
6553
6632
6554
6633
6555
6634
6556
6635
6557
6636
6558
6637
6559
6638
6560
6639
6561
6640
6562
6641
6563
6642
6564
6643
6565
6644
6566
6645
6567
6646
6568
6647
6569
6648
6570
6649
6571
6650
6572
6651
6573
6652
6574
6653
6575
6654
6576
6655
6577
6656
6578
6657
6579
6658
6580
6659
6581
6660
6582
6661
6583
6662
6584
6663
6585
6664
6586
6665
6587
6666
6588
6667
6589
6668
6590
6669
6591
6670
6592
6671
6593
6672
6594
6673
6595
6674
6596
6675
6597
6676
6598
6677
6599
6678
6600
6679
6601
6680
6602
6681
6603
6682
6683
8904
6605
6684
6606
6685
6607
6686
6608
6687
6609
6688
6610
6689
6611
6690
6612
6691
6613
6692
6614
6693
6615
6694
6616
6695
6617
6696
6618
6697
6619
6698
6620
6699
6621
6700
6622
6701
6623
6702
6624
6703
6625
6704
6626
6705
6627
6706
6628
6707
6629
6708
6630
6709
6631
6710
6632
6711
6633
6712
6634
6713
6635
6714
6636
6715
6637
6716
6638
6717
6639
6718
6640
6719
6641
6720
6642
6721
6643
6722
6644
6723
6645
6724
6646
6725
6647
6726
6648
6727
6649
6728
6650
6729
6651
6730
6652
6731
6653
6732
6654
6733
6655
6734
6656
6735
6657
6736
6658
6737
6659
6738
6660
6739
6661
6740
6662
6741
6663
6742
6664
6743
6665
6744
6666
6745
6667
6746
6668
6747
6669
6748
6670
6749
6671
6750
6672
6751
6673
6752
6674
6753
6675
6754
6676
6755
6677
6756
6678
6757
6679
6758
6680
6759
6681
6760
6682
6761
6683
6762
6763
8924
6685
6764
6686
6765
6687
6766
6688
6767
6689
6768
6690
6769
6691
6770
6692
6771
6693
6772
6694
6773
6695
6774
6696
6775
6697
6776
6698
6777
6699
6778
6700
6779
6701
6780
6702
6781
6703
6782
6704
6783
6705
6784
6706
6785
6707
6786
6708
6787
6709
6788
6710
6789
6711
6790
6712
6791
6713
6792
6714
6793
6715
6794
6716
6795
6717
6796
6718
6797
6719
6798
6720
6799
6721
6800
6722
6801
6723
6802
6724
6803
6725
6804
6726
6805
6727
6806
6728
6807
6729
6808
6730
6809
6731
6810
6732
6811
6733
6812
6734
6813
6735
6814
6736
6815
6737
6816
6738
6817
6739
6818
6740
6819
6741
6820
6742
6821
6743
6822
6744
6823
6745
6824
6746
6825
6747
6826
6748
6827
6749
6828
6750
6829
6751
6830
6752
6831
6753
6832
6754
6833
6755
6834
6756
6835
6757
6836
6758
6837
6759
6838
6760
6839
6761
6840
6762
6841
6763
6842
6843
8944
6765
6844
6766
6845
6767
6846
6768
6847
6769
6848
6770
6849
6771
6850
6772
6851
6773
6852
6774
6853
6775
6854
6776
6855
6777
6856
6778
6857
6779
6858
6780
6859
6781
6860
6782
6861
6783
6862
6784
6863
6785
6864
6786
6865
6787
6866
6788
6867
6789
6868
6790
6869
6791
6870
6792
6871
6793
6872
6794
6873
6795
6874
6796
6875
6797
6876
6798
6877
6799
6878
6800
6879
6801
6880
6802
6881
6803
6882
6804
6883
6805
6884
6806
6885
6807
6886
6808
6887
6809
6888
6810
6889
6811
6890
6812
6891
6813
6892
6814
6893
6815
6894
6816
6895
6817
6896
6818
6897
6819
6898
6820
6899
6821
6900
6822
6901
6823
6902
6824
6903
6825
6904
6826
6905
6827
6906
6828
6907
6829
6908
6830
6909
6831
6910
6832
6911
6833
6912
6834
6913
6835
6914
6836
6915
6837
6916
6838
6917
6839
6918
6840
6919
6841
6920
6842
6921
6843
6922
6923
8964
6845
6924
6846
6925
6847
6926
6848
6927
6849
6928
6850
6929
6851
6930
6852
6931
6853
6932
6854
6933
6855
6934
6856
6935
6857
6936
6858
6937
6859
6938
6860
6939
6861
6940
6862
6941
6863
6942
6864
6943
6865
6944
6866
6945
6867
6946
6868
6947
6869
6948
6870
6949
6871
6950
6872
6951
6873
6952
6874
6953
6875
6954
6876
6955
6877
6956
6878
6957
6879
6958
6880
6959
6881
6960
6882
6961
6883
6962
6884
6963
6885
6964
6886
6965
6887
6966
6888
6967
6889
6968
6890
6969
6891
6970
6892
6971
6893
6972
6894
6973
6895
6974
6896
6975
6897
6976
6898
6977
6899
6978
6900
6979
6901
6980
6902
6981
6903
6982
6904
6983
6905
6984
6906
6985
6907
6986
6908
6987
6909
6988
6910
6989
6911
6990
6912
6991
6913
6992
6914
6993
6915
6994
6916
6995
6917
6996
6918
6997
6919
6998
6920
6999
6921
7000
6922
7001
6923
7002
7003
8984
6925
7004
6926
7005
6927
7006
6928
7007
6929
7008
6930
7009
6931
7010
6932
7011
6933
7012
6934
7013
6935
7014
6936
7015
6937
7016
6938
7017
6939
7018
6940
7019
6941
7020
6942
7021
6943
7022
6944
7023
6945
7024
6946
7025
6947
7026
6948
7027
6949
7028
6950
7029
6951
7030
6952
7031
6953
7032
6954
7033
6955
7034
6956
7035
6957
7036
6958
7037
6959
7038
6960
7039
6961
7040
6962
7041
6963
7042
6964
7043
6965
7044
6966
7045
6967
7046
6968
7047
6969
7048
6970
7049
6971
7050
6972
7051
6973
7052
6974
7053
6975
7054
6976
7055
6977
7056
6978
7057
6979
7058
6980
7059
6981
7060
6982
7061
6983
7062
6984
7063
6985
7064
6986
7065
6987
7066
6988
7067
6989
7068
6990
7069
6991
7070
6992
7071
6993
7072
6994
7073
6995
7074
6996
7075
6997
7076
6998
7077
6999
7078
7000
7079
7001
7080
7002
7081
7003
7082
7083
9004
7005
7006
7007
7008
7009
7010
7011
7012
7013
7014
7015
7016
7017
7018
7019
7020
7021
7022
7023
7024
7025
7026
7027
7028
7029
7030
7031
7032
7033
7034
7035
7036
7037
7038
7039
7040
7041
7042
7043
7044
7045
7046
7047
7048
7049
7050
7051
7052
7053
7054
7055
7056
7057
7058
7059
7060
7061
7062
7063
7064
7065
7066
7067
7068
7069
7070
7071
7072
7073
7074
7075
7076
7077
7078
7079
7080
7081
7082
7083
9024
7085
7104
7086
7105
7087
7106
7088
7107
7089
7108
7090
7109
7091
7110
7092
7111
7093
7112
7094
7113
7095
7114
7096
7115
7097
7116
7098
7117
7099
7118
7100
7119
7101
7120
7102
7121
7103
7122
7123
7105
7124
7106
7125
7107
7126
7108
7127
7109
7128
7110
7129
7111
7130
7112
7131
7113
7132
7114
7133
7115
7134
7116
7135
7117
7136
7118
7137
7119
7138
7120
7139
7121
7140
7122
7141
7123
7142
7143
7125
7144
7126
7145
7127
7146
7128
7147
7129
7148
7130
7149
7131
7150
7132
7151
7133
7152
7134
7153
7135
7154
7136
7155
7137
7156
7138
7157
7139
7158
7140
7159
7141
7160
7142
7161
7143
7162
7163
7145
7164
7146
7165
7147
7166
7148
7167
7149
7168
7150
7169
7151
7170
7152
7171
7153
7172
7154
7173
7155
7174
7156
7175
7157
7176
7158
7177
7159
7178
7160
7179
7161
7180
7162
7181
7163
7182
7183
7165
7184
7166
7185
7167
7186
7168
7187
7169
7188
7170
7189
7171
7190
7172
7191
7173
7192
7174
7193
7175
7194
7176
7195
7177
7196
7178
7197
7179
7198
7180
7199
7181
7200
7182
7201
7183
7202
7203
7185
7204
7186
7205
7187
7206
7188
7207
7189
7208
7190
7209
7191
7210
7192
7211
7193
7212
7194
7213
7195
7214
7196
7215
7197
7216
7198
7217
7199
7218
7200
7219
7201
7220
7202
7221
7203
7222
7223
7205
7224
7206
7225
7207
7226
7208
7227
7209
7228
7210
7229
7211
7230
7212
7231
7213
7232
7214
7233
7215
7234
7216
7235
7217
7236
7218
7237
7219
7238
7220
7239
7221
7240
7222
7241
7223
7242
7243
7225
7244
7226
7245
7227
7246
7228
7247
7229
7248
7230
7249
7231
7250
7232
7251
7233
7252
7234
7253
7235
7254
7236
7255
7237
7256
7238
7257
7239
7258
7240
7259
7241
7260
7242
7261
7243
7262
7263
7245
7264
7246
7265
7247
7266
7248
7267
7249
7268
7250
7269
7251
7270
7252
7271
7253
7272
7254
7273
7255
7274
7256
7275
7257
7276
7258
7277
7259
7278
7260
7279
7261
7280
7262
7281
7263
7282
7283
7265
7284
7266
7285
7267
7286
7268
7287
7269
7288
7270
7289
7271
7290
7272
7291
7273
7292
7274
7293
7275
7294
7276
7295
7277
7296
7278
7297
7279
7298
7280
7299
7281
7300
7282
7301
7283
7302
7303
7285
7304
7286
7305
7287
7306
7288
7307
7289
7308
7290
7309
7291
7310
7292
7311
7293
7312
7294
7313
7295
7314
7296
7315
7297
7316
7298
7317
7299
7318
7300
7319
7301
7320
7302
7321
7303
7322
7323
7305
7324
7306
7325
7307
7326
7308
7327
7309
7328
7310
7329
7311
7330
7312
7331
7313
7332
7314
7333
7315
7334
7316
7335
7317
7336
7318
7337
7319
7338
7320
7339
7321
7340
7322
7341
7323
7342
7343
7325
7344
7326
7345
7327
7346
7328
7347
7329
7348
7330
7349
7331
7350
7332
7351
7333
7352
7334
7353
7335
7354
7336
7355
7337
7356
7338
7357
7339
7358
7340
7359
7341
7360
7342
7361
7343
7362
7363
7345
7364
7346
7365
7347
7366
7348
7367
7349
7368
7350
7369
7351
7370
7352
7371
7353
7372
7354
7373
7355
7374
7356
7375
7357
7376
7358
7377
7359
7378
7360
7379
7361
7380
7362
7381
7363
7382
7383
7365
7384
7366
7385
7367
7386
7368
7387
7369
7388
7370
7389
7371
7390
7372
7391
7373
7392
7374
7393
7375
7394
7376
7395
7377
7396
7378
7397
7379
7398
7380
7399
7381
7400
7382
7401
7383
7402
7403
7385
7404
7386
7405
7387
7406
7388
7407
7389
7408
7390
7409
7391
7410
7392
7411
7393
7412
7394
7413
7395
7414
7396
7415
7397
7416
7398
7417
7399
7418
7400
7419
7401
7420
7402
7421
7403
7422
7423
7405
7424
7406
7425
7407
7426
7408
7427
7409
7428
7410
7429
7411
7430
7412
7431
7413
7432
7414
7433
7415
7434
7416
7435
7417
7436
7418
7437
7419
7438
7420
7439
7421
7440
7422
7441
7423
7442
7443
7425
7444
7426
7445
7427
7446
7428
7447
7429
7448
7430
7449
7431
7450
7432
7451
7433
7452
7434
7453
7435
7454
7436
7455
7437
7456
7438
7457
7439
7458
7440
7459
7441
7460
7442
7461
7443
7462
7463
7445
7464
7446
7465
7447
7466
7448
7467
7449
7468
7450
7469
7451
7470
7452
7471
7453
7472
7454
7473
7455
7474
7456
7475
7457
7476
7458
7477
7459
7478
7460
7479
7461
7480
7462
7481
7463
7482
7483
7465
7484
7466
7485
7467
7486
7468
7487
7469
7488
7470
7489
7471
7490
7472
7491
7473
7492
7474
7493
7475
7494
7476
7495
7477
7496
7478
7497
7479
7498
7480
7499
7481
7500
7482
7501
7483
7502
7503
7485
7504
7486
7505
7487
7506
7488
7507
7489
7508
7490
7509
7491
7510
7492
7511
7493
7512
7494
7513
7495
7514
7496
7515
7497
7516
7498
7517
7499
7518
7500
7519
7501
7520
7502
7521
7503
7522
7523
7505
7524
7506
7525
7507
7526
7508
7527
7509
7528
7510
7529
7511
7530
7512
7531
7513
7532
7514
7533
7515
7534
7516
7535
7517
7536
7518
7537
7519
7538
7520
7539
7521
7540
7522
7541
7523
7542
7543
7525
7544
7526
7545
7527
7546
7528
7547
7529
7548
7530
7549
7531
7550
7532
7551
7533
7552
7534
7553
7535
7554
7536
7555
7537
7556
7538
7557
7539
7558
7540
7559
7541
7560
7542
7561
7543
7562
7563
7545
7564
7546
7565
7547
7566
7548
7567
7549
7568
7550
7569
7551
7570
7552
7571
7553
7572
7554
7573
7555
7574
7556
7575
7557
7576
7558
7577
7559
7578
7560
7579
7561
7580
7562
7581
7563
7582
7583
7565
7584
7566
7585
7567
7586
7568
7587
7569
7588
7570
7589
7571
7590
7572
7591
7573
7592
7574
7593
7575
7594
7576
7595
7577
7596
7578
7597
7579
7598
7580
7599
7581
7600
7582
7601
7583
7602
7603
7585
7604
7586
7605
7587
7606
7588
7607
7589
7608
7590
7609
7591
7610
7592
7611
7593
7612
7594
7613
7595
7614
7596
7615
7597
7616
7598
7617
7599
7618
7600
7619
7601
7620
7602
7621
7603
7622
7623
7605
7624
7606
7625
7607
7626
7608
7627
7609
7628
7610
7629
7611
7630
7612
7631
7613
7632
7614
7633
7615
7634
7616
7635
7617
7636
7618
7637
7619
7638
7620
7639
7621
7640
7622
7641
7623
7642
7643
7625
7644
7626
7645
7627
7646
7628
7647
7629
7648
7630
7649
7631
7650
7632
7651
7633
7652
7634
7653
7635
7654
7636
7655
7637
7656
7638
7657
7639
7658
7640
7659
7641
7660
7642
7661
7643
7662
7663
7645
7664
7646
7665
7647
7666
7648
7667
7649
7668
7650
7669
7651
7670
7652
7671
7653
7672
7654
7673
7655
7674
7656
7675
7657
7676
7658
7677
7659
7678
7660
7679
7661
7680
7662
7681
7663
7682
7683
7665
7684
7666
7685
7667
7686
7668
7687
7669
7688
7670
7689
7671
7690
7672
7691
7673
7692
7674
7693
7675
7694
7676
7695
7677
7696
7678
7697
7679
7698
7680
7699
7681
7700
7682
7701
7683
7702
7703
7685
7704
7686
7705
7687
7706
7688
7707
7689
7708
7690
7709
7691
7710
7692
7711
7693
7712
7694
7713
7695
7714
7696
7715
7697
7716
7698
7717
7699
7718
7700
7719
7701
7720
7702
7721
7703
7722
7723
7705
7724
7706
7725
7707
7726
7708
7727
7709
7728
7710
7729
7711
7730
7712
7731
7713
7732
7714
7733
7715
7734
7716
7735
7717
7736
7718
7737
7719
7738
7720
7739
7721
7740
7722
7741
7723
7742
7743
7725
7744
7726
7745
7727
7746
7728
7747
7729
7748
7730
7749
7731
7750
7732
7751
7733
7752
7734
7753
7735
7754
7736
7755
7737
7756
7738
7757
7739
7758
7740
7759
7741
7760
7742
7761
7743
7762
7763
7745
7764
7746
7765
7747
7766
7748
7767
7749
7768
7750
7769
7751
7770
7752
7771
7753
7772
7754
7773
7755
7774
7756
7775
7757
7776
7758
7777
7759
7778
7760
7779
7761
7780
7762
7781
7763
7782
7783
7765
7784
7766
7785
7767
7786
7768
7787
7769
7788
7770
7789
7771
7790
7772
7791
7773
7792
7774
7793
7775
7794
7776
7795
7777
7796
7778
7797
7779
7798
7780
7799
7781
7800
7782
7801
7783
7802
7803
7785
7804
7786
7805
7787
7806
7788
7807
7789
7808
7790
7809
7791
7810
7792
7811
7793
7812
7794
7813
7795
7814
7796
7815
7797
7816
7798
7817
7799
7818
7800
7819
7801
7820
7802
7821
7803
7822
7823
7805
7824
7806
7825
7807
7826
7808
7827
7809
7828
7810
7829
7811
7830
7812
7831
7813
7832
7814
7833
7815
7834
7816
7835
7817
7836
7818
7837
7819
7838
7820
7839
7821
7840
7822
7841
7823
7842
7843
7825
7844
7826
7845
7827
7846
7828
7847
7829
7848
7830
7849
7831
7850
7832
7851
7833
7852
7834
7853
7835
7854
7836
7855
7837
7856
7838
7857
7839
7858
7840
7859
7841
7860
7842
7861
7843
7862
7863
7845
7864
7846
7865
7847
7866
7848
7867
7849
7868
7850
7869
7851
7870
7852
7871
7853
7872
7854
7873
7855
7874
7856
7875
7857
7876
7858
7877
7859
7878
7860
7879
7861
7880
7862
7881
7863
7882
7883
7865
7884
7866
7885
7867
7886
7868
7887
7869
7888
7870
7889
7871
7890
7872
7891
7873
7892
7874
7893
7875
7894
7876
7895
7877
7896
7878
7897
7879
7898
7880
7899
7881
7900
7882
7901
7883
7902
7903
7885
7904
7886
7905
7887
7906
7888
7907
7889
7908
7890
7909
7891
7910
7892
7911
7893
7912
7894
7913
7895
7914
7896
7915
7897
7916
7898
7917
7899
7918
7900
7919
7901
7920
7902
7921
7903
7922
7923
7905
7924
7906
7925
7907
7926
7908
7927
7909
7928
7910
7929
7911
7930
7912
7931
7913
7932
7914
7933
7915
7934
7916
7935
7917
7936
7918
7937
7919
7938
7920
7939
7921
7940
7922
7941
7923
7942
7943
7925
7944
7926
7945
7927
7946
7928
7947
7929
7948
7930
7949
7931
7950
7932
7951
7933
7952
7934
7953
7935
7954
7936
7955
7937
7956
7938
7957
7939
7958
7940
7959
7941
7960
7942
7961
7943
7962
7963
7945
7964
7946
7965
7947
7966
7948
7967
7949
7968
7950
7969
7951
7970
7952
7971
7953
7972
7954
7973
7955
7974
7956
7975
7957
7976
7958
7977
7959
7978
7960
7979
7961
7980
7962
7981
7963
7982
7983
7965
7984
7966
7985
7967
7986
7968
7987
7969
7988
7970
7989
7971
7990
7972
7991
7973
7992
7974
7993
7975
7994
7976
7995
7977
7996
7978
7997
7979
7998
7980
7999
7981
8000
7982
8001
7983
8002
8003
7985
8004
7986
8005
7987
8006
7988
8007
7989
8008
7990
8009
7991
8010
7992
8011
7993
8012
7994
8013
7995
8014
7996
8015
7997
8016
7998
8017
7999
8018
8000
8019
8001
8020
8002
8021
8003
8022
8023
8005
8024
8006
8025
8007
8026
8008
8027
8009
8028
8010
8029
8011
8030
8012
8031
8013
8032
8014
8033
8015
8034
8016
8035
8017
8036
8018
8037
8019
8038
8020
8039
8021
8040
8022
8041
8023
8042
8043
8025
8044
8026
8045
8027
8046
8028
8047
8029
8048
8030
8049
8031
8050
8032
8051
8033
8052
8034
8053
8035
8054
8036
8055
8037
8056
8038
8057
8039
8058
8040
8059
8041
8060
8042
8061
8043
8062
8063
8045
8064
8046
8065
8047
8066
8048
8067
8049
8068
8050
8069
8051
8070
8052
8071
8053
8072
8054
8073
8055
8074
8056
8075
8057
8076
8058
8077
8059
8078
8060
8079
8061
8080
8062
8081
8063
8082
8083
8065
8084
8066
8085
8067
8086
8068
8087
8069
8088
8070
8089
8071
8090
8072
8091
8073
8092
8074
8093
8075
8094
8076
8095
8077
8096
8078
8097
8079
8098
8080
8099
8081
8100
8082
8101
8083
8102
8103
8085
8104
8086
8105
8087
8106
8088
8107
8089
8108
8090
8109
8091
8110
8092
8111
8093
8112
8094
8113
8095
8114
8096
8115
8097
8116
8098
8117
8099
8118
8100
8119
8101
8120
8102
8121
8103
8122
8123
8105
8124
8106
8125
8107
8126
8108
8127
8109
8128
8110
8129
8111
8130
8112
8131
8113
8132
8114
8133
8115
8134
8116
8135
8117
8136
8118
8137
8119
8138
8120
8139
8121
8140
8122
8141
8123
8142
8143
8125
8144
8126
8145
8127
8146
8128
8147
8129
8148
8130
8149
8131
8150
8132
8151
8133
8152
8134
8153
8135
8154
8136
8155
8137
8156
8138
8157
8139
8158
8140
8159
8141
8160
8142
8161
8143
8162
8163
8145
8164
8146
8165
8147
8166
8148
8167
8149
8168
8150
8169
8151
8170
8152
8171
8153
8172
8154
8173
8155
8174
8156
8175
8157
8176
8158
8177
8159
8178
8160
8179
8161
8180
8162
8181
8163
8182
8183
8165
8184
8166
8185
8167
8186
8168
8187
8169
8188
8170
8189
8171
8190
8172
8191
8173
8192
8174
8193
8175
8194
8176
8195
8177
8196
8178
8197
8179
8198
8180
8199
8181
8200
8182
8201
8183
8202
8203
8185
8204
8186
8205
8187
8206
8188
8207
8189
8208
8190
8209
8191
8210
8192
8211
8193
8212
8194
8213
8195
8214
8196
8215
8197
8216
8198
8217
8199
8218
8200
8219
8201
8220
8202
8221
8203
8222
8223
8205
8224
8206
8225
8207
8226
8208
8227
8209
8228
8210
8229
8211
8230
8212
8231
8213
8232
8214
8233
8215
8234
8216
8235
8217
8236
8218
8237
8219
8238
8220
8239
8221
8240
8222
8241
8223
8242
8243
8225
8244
8226
8245
8227
8246
8228
8247
8229
8248
8230
8249
8231
8250
8232
8251
8233
8252
8234
8253
8235
8254
8236
8255
8237
8256
8238
8257
8239
8258
8240
8259
8241
8260
8242
8261
8243
8262
8263
8245
8264
8246
8265
8247
8266
8248
8267
8249
8268
8250
8269
8251
8270
8252
8271
8253
8272
8254
8273
8255
8274
8256
8275
8257
8276
8258
8277
8259
8278
8260
8279
8261
8280
8262
8281
8263
8282
8283
8265
8284
8266
8285
8267
8286
8268
8287
8269
8288
8270
8289
8271
8290
8272
8291
8273
8292
8274
8293
8275
8294
8276
8295
8277
8296
8278
8297
8279
8298
8280
8299
8281
8300
8282
8301
8283
8302
8303
8285
8304
8286
8305
8287
8306
8288
8307
8289
8308
8290
8309
8291
8310
8292
8311
8293
8312
8294
8313
8295
8314
8296
8315
8297
8316
8298
8317
8299
8318
8300
8319
8301
8320
8302
8321
8303
8322
8323
8305
8324
8306
8325
8307
8326
8308
8327
8309
8328
8310
8329
8311
8330
8312
8331
8313
8332
8314
8333
8315
8334
8316
8335
8317
8336
8318
8337
8319
8338
8320
8339
8321
8340
8322
8341
8323
8342
8343
8325
8344
8326
8345
8327
8346
8328
8347
8329
8348
8330
8349
8331
8350
8332
8351
8333
8352
8334
8353
8335
8354
8336
8355
8337
8356
8338
8357
8339
8358
8340
8359
8341
8360
8342
8361
8343
8362
8363
8345
8364
8346
8365
8347
8366
8348
8367
8349
8368
8350
8369
8351
8370
8352
8371
8353
8372
8354
8373
8355
8374
8356
8375
8357
8376
8358
8377
8359
8378
8360
8379
8361
8380
8362
8381
8363
8382
8383
8365
8384
8366
8385
8367
8386
8368
8387
8369
8388
8370
8389
8371
8390
8372
8391
8373
8392
8374
8393
8375
8394
8376
8395
8377
8396
8378
8397
8379
8398
8380
8399
8381
8400
8382
8401
8383
8402
8403
8385
8404
8386
8405
8387
8406
8388
8407
8389
8408
8390
8409
8391
8410
8392
8411
8393
8412
8394
8413
8395
8414
8396
8415
8397
8416
8398
8417
8399
8418
8400
8419
8401
8420
8402
8421
8403
8422
8423
8405
8424
8406
8425
8407
8426
8408
8427
8409
8428
8410
8429
8411
8430
8412
8431
8413
8432
8414
8433
8415
8434
8416
8435
8417
8436
8418
8437
8419
8438
8420
8439
8421
8440
8422
8441
8423
8442
8443
8425
8444
8426
8445
8427
8446
8428
8447
8429
8448
8430
8449
8431
8450
8432
8451
8433
8452
8434
8453
8435
8454
8436
8455
8437
8456
8438
8457
8439
8458
8440
8459
8441
8460
8442
8461
8443
8462
8463
8445
8464
8446
8465
8447
8466
8448
8467
8449
8468
8450
8469
8451
8470
8452
8471
8453
8472
8454
8473
8455
8474
8456
8475
8457
8476
8458
8477
8459
8478
8460
8479
8461
8480
8462
8481
8463
8482
8483
8465
8484
8466
8485
8467
8486
8468
8487
8469
8488
8470
8489
8471
8490
8472
8491
8473
8492
8474
8493
8475
8494
8476
8495
8477
8496
8478
8497
8479
8498
8480
8499
8481
8500
8482
8501
8483
8502
8503
8485
8504
8486
8505
8487
8506
8488
8507
8489
8508
8490
8509
8491
8510
8492
8511
8493
8512
8494
8513
8495
8514
8496
8515
8497
8516
8498
8517
8499
8518
8500
8519
8501
8520
8502
8521
8503
8522
8523
8505
8524
8506
8525
8507
8526
8508
8527
8509
8528
8510
8529
8511
8530
8512
8531
8513
8532
8514
8533
8515
8534
8516
8535
8517
8536
8518
8537
8519
8538
8520
8539
8521
8540
8522
8541
8523
8542
8543
8525
8544
8526
8545
8527
8546
8528
8547
8529
8548
8530
8549
8531
8550
8532
8551
8533
8552
8534
8553
8535
8554
8536
8555
8537
8556
8538
8557
8539
8558
8540
8559
8541
8560
8542
8561
8543
8562
8563
8545
8564
8546
8565
8547
8566
8548
8567
8549
8568
8550
8569
8551
8570
8552
8571
8553
8572
8554
8573
8555
8574
8556
8575
8557
8576
8558
8577
8559
8578
8560
8579
8561
8580
8562
8581
8563
8582
8583
8565
8584
8566
8585
8567
8586
8568
8587
8569
8588
8570
8589
8571
8590
8572
8591
8573
8592
8574
8593
8575
8594
8576
8595
8577
8596
8578
8597
8579
8598
8580
8599
8581
8600
8582
8601
8583
8602
8603
8585
8604
8586
8605
8587
8606
8588
8607
8589
8608
8590
8609
8591
8610
8592
8611
8593
8612
8594
8613
8595
8614
8596
8615
8597
8616
8598
8617
8599
8618
8600
8619
8601
8620
8602
8621
8603
8622
8623
8605
8624
8606
8625
8607
8626
8608
8627
8609
8628
8610
8629
8611
8630
8612
8631
8613
8632
8614
8633
8615
8634
8616
8635
8617
8636
8618
8637
8619
8638
8620
8639
8621
8640
8622
8641
8623
8642
8643
8625
8644
8626
8645
8627
8646
8628
8647
8629
8648
8630
8649
8631
8650
8632
8651
8633
8652
8634
8653
8635
8654
8636
8655
8637
8656
8638
8657
8639
8658
8640
8659
8641
8660
8642
8661
8643
8662
8663
8645
8664
8646
8665
8647
8666
8648
8667
8649
8668
8650
8669
8651
8670
8652
8671
8653
8672
8654
8673
8655
8674
8656
8675
8657
8676
8658
8677
8659
8678
8660
8679
8661
8680
8662
8681
8663
8682
8683
8665
8684
8666
8685
8667
8686
8668
8687
8669
8688
8670
8689
8671
8690
8672
8691
8673
8692
8674
8693
8675
8694
8676
8695
8677
8696
8678
8697
8679
8698
8680
8699
8681
8700
8682
8701
8683
8702
8703
8685
8704
8686
8705
8687
8706
8688
8707
8689
8708
8690
8709
8691
8710
8692
8711
8693
8712
8694
8713
8695
8714
8696
8715
8697
8716
8698
8717
8699
8718
8700
8719
8701
8720
8702
8721
8703
8722
8723
8705
8724
8706
8725
8707
8726
8708
8727
8709
8728
8710
8729
8711
8730
8712
8731
8713
8732
8714
8733
8715
8734
8716
8735
8717
8736
8718
8737
8719
8738
8720
8739
8721
8740
8722
8741
8723
8742
8743
8725
8744
8726
8745
8727
8746
8728
8747
8729
8748
8730
8749
8731
8750
8732
8751
8733
8752
8734
8753
8735
8754
8736
8755
8737
8756
8738
8757
8739
8758
8740
8759
8741
8760
8742
8761
8743
8762
8763
8745
8764
8746
8765
8747
8766
8748
8767
8749
8768
8750
8769
8751
8770
8752
8771
8753
8772
8754
8773
8755
8774
8756
8775
8757
8776
8758
8777
8759
8778
8760
8779
8761
8780
8762
8781
8763
8782
8783
8765
8784
8766
8785
8767
8786
8768
8787
8769
8788
8770
8789
8771
8790
8772
8791
8773
8792
8774
8793
8775
8794
8776
8795
8777
8796
8778
8797
8779
8798
8780
8799
8781
8800
8782
8801
8783
8802
8803
8785
8804
8786
8805
8787
8806
8788
8807
8789
8808
8790
8809
8791
8810
8792
8811
8793
8812
8794
8813
8795
8814
8796
8815
8797
8816
8798
8817
8799
8818
8800
8819
8801
8820
8802
8821
8803
8822
8823
8805
8824
8806
8825
8807
8826
8808
8827
8809
8828
8810
8829
8811
8830
8812
8831
8813
8832
8814
8833
8815
8834
8816
8835
8817
8836
8818
8837
8819
8838
8820
8839
8821
8840
8822
8841
8823
8842
8843
8825
8844
8826
8845
8827
8846
8828
8847
8829
8848
8830
8849
8831
8850
8832
8851
8833
8852
8834
8853
8835
8854
8836
8855
8837
8856
8838
8857
8839
8858
8840
8859
8841
8860
8842
8861
8843
8862
8863
8845
8864
8846
8865
8847
8866
8848
8867
8849
8868
8850
8869
8851
8870
8852
8871
8853
8872
8854
8873
8855
8874
8856
8875
8857
8876
8858
8877
8859
8878
8860
8879
8861
8880
8862
8881
8863
8882
8883
8865
8884
8866
8885
8867
8886
8868
8887
8869
8888
8870
8889
8871
8890
8872
8891
8873
8892
8874
8893
8875
8894
8876
8895
8877
8896
8878
8897
8879
8898
8880
8899
8881
8900
8882
8901
8883
8902
8903
8885
8904
8886
8905
8887
8906
8888
8907
8889
8908
8890
8909
8891
8910
8892
8911
8893
8912
8894
8913
8895
8914
8896
8915
8897
8916
8898
8917
8899
8918
8900
8919
8901
8920
8902
8921
8903
8922
8923
8905
8924
8906
8925
8907
8926
8908
8927
8909
8928
8910
8929
8911
8930
8912
8931
8913
8932
8914
8933
8915
8934
8916
8935
8917
8936
8918
8937
8919
8938
8920
8939
8921
8940
8922
8941
8923
8942
8943
8925
8944
8926
8945
8927
8946
8928
8947
8929
8948
8930
8949
8931
8950
8932
8951
8933
8952
8934
8953
8935
8954
8936
8955
8937
8956
8938
8957
8939
8958
8940
8959
8941
8960
8942
8961
8943
8962
8963
8945
8964
8946
8965
8947
8966
8948
8967
8949
8968
8950
8969
8951
8970
8952
8971
8953
8972
8954
8973
8955
8974
8956
8975
8957
8976
8958
8977
8959
8978
8960
8979
8961
8980
8962
8981
8963
8982
8983
8965
8984
8966
8985
8967
8986
8968
8987
8969
8988
8970
8989
8971
8990
8972
8991
8973
8992
8974
8993
8975
8994
8976
8995
8977
8996
8978
8997
8979
8998
8980
8999
8981
9000
8982
9001
8983
9002
9003
8985
9004
8986
9005
8987
9006
8988
9007
8989
9008
8990
9009
8991
9010
8992
9011
8993
9012
8994
9013
8995
9014
8996
9015
8997
9016
8998
9017
8999
9018
9000
9019
9001
9020
9002
9021
9003
9022
9023
9005
9024
9006
9025
9007
9026
9008
9027
9009
9028
9010
9029
9011
9030
9012
9031
9013
9032
9014
9033
9015
9034
9016
9035
9017
9036
9018
9037
9019
9038
9020
9039
9021
9040
9022
9041
9023
9042
9043
9025
9026
9027
9028
9029
9030
9031
9032
9033
9034
9035
9036
9037
9038
9039
9040
9041
9042
9043
)


// ************************************************************************* //
