/*--------------------------------*- C++ -*----------------------------------*\
| =========                 |                                                 |
| \\      /  F ield         | OpenFOAM: The Open Source CFD Toolbox           |
|  \\    /   O peration     | Version:  2306                                  |
|   \\  /    A nd           | Website:  www.openfoam.com                      |
|    \\/     M anipulation  |                                                 |
\*---------------------------------------------------------------------------*/
FoamFile
{
    version     2.0;
    format      ascii;
    arch        "LSB;label=32;scalar=64";
    class       volScalarField;
    location    "8e-05";
    object      p;
}
// * * * * * * * * * * * * * * * * * * * * * * * * * * * * * * * * * * * * * //

dimensions      [1 -1 -2 0 0 0 0];

internalField   nonuniform List<scalar> 
9032
(
109658
109591
109537
109519
109527
109550
109579
109594
109593
109586
109571
109553
109554
109568
109578
109585
109590
109592
109588
109575
109551
109526
109509
109505
109513
109531
109558
109594
109632
109656
109662
109642
109611
109583
109557
109535
109522
109517
109514
109506
109492
109489
109506
109536
109568
109609
109660
109691
109706
109729
109784
109918
110190
110641
111235
111808
112154
112277
112307
112286
112254
112234
112221
112209
112192
112164
112123
112087
109631
109565
109543
109556
109578
109592
109604
109609
109607
109603
109601
109588
109576
109575
109580
109592
109609
109623
109623
109612
109596
109579
109567
109564
109569
109579
109597
109620
109640
109652
109644
109621
109592
109555
109515
109486
109467
109463
109472
109485
109494
109512
109543
109578
109612
109646
109667
109672
109682
109707
109786
109960
110280
110803
111455
112006
112278
112347
112336
112298
112259
112227
112211
112200
112187
112168
112140
112095
109569
109587
109588
109583
109587
109590
109597
109599
109594
109588
109583
109569
109549
109534
109533
109540
109558
109580
109594
109594
109585
109570
109556
109558
109573
109598
109625
109648
109666
109669
109651
109627
109598
109556
109508
109475
109457
109451
109461
109481
109507
109539
109571
109603
109634
109660
109673
109676
109686
109715
109807
110005
110384
110969
111616
112094
112293
112328
112311
112277
112240
112212
112197
112185
112170
112149
112117
112076
109657
109666
109632
109607
109587
109584
109597
109611
109624
109629
109625
109608
109578
109553
109543
109547
109560
109582
109610
109620
109610
109602
109592
109586
109592
109599
109603
109606
109613
109619
109620
109616
109592
109550
109497
109457
109433
109428
109448
109489
109533
109566
109591
109608
109620
109629
109634
109638
109648
109697
109820
110065
110513
111139
111748
112154
112304
112323
112313
112286
112252
112223
112209
112199
112183
112156
112117
112063
109671
109645
109598
109564
109551
109560
109577
109594
109616
109626
109623
109605
109576
109552
109537
109542
109552
109568
109592
109614
109621
109615
109604
109591
109585
109581
109580
109586
109594
109606
109625
109635
109612
109569
109523
109487
109469
109466
109485
109526
109560
109577
109583
109583
109581
109576
109578
109590
109617
109685
109836
110144
110666
111320
111871
112210
112317
112332
112326
112306
112278
112248
112224
112207
112187
112153
112104
112044
109692
109636
109583
109562
109559
109570
109584
109597
109607
109629
109655
109647
109616
109579
109554
109555
109553
109555
109570
109594
109612
109611
109602
109590
109578
109567
109569
109575
109584
109594
109614
109630
109618
109599
109573
109539
109519
109512
109520
109544
109553
109549
109541
109533
109530
109530
109543
109569
109612
109701
109894
110270
110843
111488
111964
112238
112325
112342
112343
112329
112302
112268
112234
112206
112174
112131
112082
112027
109629
109609
109590
109583
109583
109580
109562
109561
109580
109618
109662
109683
109680
109670
109639
109606
109590
109579
109579
109590
109604
109613
109612
109613
109610
109601
109585
109566
109551
109551
109564
109584
109606
109621
109624
109618
109606
109591
109574
109556
109538
109523
109512
109506
109505
109511
109530
109564
109622
109738
109975
110409
111019
111627
112027
112229
112317
112345
112350
112344
112321
112287
112246
112198
112164
112135
112096
112046
109639
109668
109624
109601
109585
109551
109516
109518
109559
109618
109669
109694
109701
109699
109670
109619
109602
109599
109608
109633
109650
109647
109639
109633
109629
109616
109597
109571
109539
109518
109512
109520
109547
109587
109625
109646
109651
109642
109623
109597
109566
109533
109507
109495
109497
109509
109534
109578
109651
109797
110084
110571
111199
111738
112059
112208
112286
112328
112335
112328
112306
112273
112233
112193
112162
112134
112100
112057
109662
109667
109628
109599
109585
109540
109505
109516
109554
109585
109617
109633
109644
109643
109609
109572
109575
109597
109633
109670
109688
109680
109669
109650
109627
109604
109584
109564
109541
109522
109513
109517
109535
109565
109599
109629
109651
109649
109634
109614
109592
109569
109550
109539
109537
109549
109574
109617
109699
109874
110215
110756
111375
111831
112067
112172
112235
112278
112290
112281
112260
112232
112198
112164
112142
112120
112095
112060
109720
109570
109577
109585
109545
109525
109525
109538
109558
109563
109574
109584
109601
109606
109580
109573
109585
109605
109640
109681
109695
109686
109669
109642
109605
109571
109549
109537
109529
109523
109518
109521
109542
109569
109600
109628
109651
109660
109646
109627
109605
109588
109580
109577
109582
109594
109618
109663
109760
109971
110366
110945
111530
111897
112069
112144
112189
112223
112239
112234
112216
112193
112169
112143
112124
112106
112084
112060
109754
109425
109552
109590
109533
109534
109557
109560
109543
109532
109547
109573
109606
109624
109591
109548
109546
109568
109612
109670
109704
109708
109697
109667
109615
109561
109527
109519
109526
109539
109554
109563
109576
109592
109603
109611
109617
109625
109618
109603
109593
109592
109598
109610
109631
109655
109688
109739
109843
110087
110536
111142
111676
111958
112077
112132
112162
112178
112190
112191
112179
112164
112148
112128
112107
112085
112060
112043
108490
109505
109752
109594
109551
109605
109608
109584
109545
109534
109577
109617
109651
109635
109550
109494
109497
109531
109590
109658
109703
109717
109708
109677
109621
109563
109525
109523
109543
109570
109590
109605
109609
109603
109589
109582
109582
109588
109590
109583
109585
109601
109621
109647
109677
109708
109749
109808
109941
110233
110742
111362
111816
112013
112088
112126
112144
112150
112154
112161
112157
112149
112140
112124
112102
112070
112039
112023
96668.2
110101
110027
109407
109620
109693
109640
109595
109564
109554
109599
109646
109682
109657
109555
109489
109489
109522
109588
109658
109702
109713
109697
109657
109602
109524
109457
109449
109482
109546
109592
109613
109622
109614
109592
109576
109561
109554
109558
109567
109579
109603
109634
109667
109701
109736
109781
109860
110040
110401
110976
111582
111931
112060
112107
112133
112149
112154
112155
112164
112170
112167
112160
112142
112113
112071
112028
112007
57149.1
100006
108320
109181
109786
109662
109559
109594
109580
109548
109600
109658
109660
109614
109516
109501
109536
109583
109638
109668
109674
109668
109643
109605
109558
109500
109434
109406
109434
109493
109563
109611
109628
109620
109600
109578
109553
109529
109504
109497
109506
109535
109581
109640
109697
109743
109797
109901
110130
110562
111200
111768
112019
112105
112137
112158
112174
112183
112194
112211
112212
112205
112188
112157
112117
112067
112004
111963
33506.4
57758.8
96404.3
109537
110203
109305
109481
109634
109539
109478
109566
109607
109561
109490
109454
109512
109586
109656
109697
109688
109648
109608
109567
109530
109501
109470
109424
109391
109421
109473
109532
109588
109621
109621
109604
109579
109551
109521
109489
109469
109471
109490
109526
109578
109644
109712
109797
109943
110233
110746
111421
111925
112096
112153
112174
112191
112209
112223
112240
112251
112244
112228
112201
112162
112113
112054
111981
111929
32006.1
33464
56205.1
98071.7
108287
109067
109733
109740
109431
109429
109597
109622
109495
109408
109416
109496
109613
109702
109714
109675
109607
109541
109490
109463
109457
109454
109434
109413
109445
109484
109535
109581
109599
109602
109585
109558
109531
109501
109471
109451
109447
109464
109493
109535
109594
109672
109785
109980
110353
110957
111652
112045
112155
112193
112212
112229
112243
112251
112263
112268
112258
112237
112203
112157
112102
112039
111955
111893
32000
32005.9
33298.8
55253.5
96012.4
109006
110341
109493
109215
109528
109766
109691
109457
109405
109428
109501
109634
109692
109664
109614
109559
109505
109460
109433
109445
109462
109465
109479
109522
109556
109588
109597
109598
109580
109550
109522
109497
109472
109449
109432
109430
109447
109476
109522
109585
109668
109799
110047
110504
111181
111867
112137
112202
112218
112220
112230
112244
112258
112272
112275
112261
112234
112192
112139
112081
112014
111930
111873
32000
32000
32004.6
33171.8
53297
96231.5
108751
109080
109189
109950
110016
109701
109496
109517
109519
109564
109631
109619
109591
109563
109526
109495
109469
109443
109455
109476
109509
109566
109637
109689
109701
109675
109630
109580
109532
109497
109471
109448
109434
109431
109437
109458
109493
109543
109607
109695
109846
110148
110685
111406
112012
112183
112214
112220
112214
112210
112222
112235
112244
112250
112238
112209
112166
112110
112054
111993
111922
111874
32000
32000
32000
32004.1
32911
52846.7
94455.9
107561
109749
110506
109888
109480
109535
109608
109596
109607
109612
109595
109570
109549
109524
109509
109499
109482
109474
109490
109541
109616
109695
109760
109770
109741
109690
109619
109540
109494
109467
109445
109438
109445
109460
109488
109533
109589
109647
109738
109914
110273
110881
111620
112100
112197
112208
112210
112205
112196
112200
112209
112212
112215
112206
112176
112133
112078
112021
111965
111908
111867
32000
32000
32000
32000
32002.7
32910
50626.1
91148.1
108359
110551
108830
108998
109636
109613
109597
109597
109598
109582
109563
109545
109532
109531
109530
109526
109503
109506
109553
109626
109708
109778
109794
109767
109720
109655
109580
109513
109482
109465
109468
109478
109490
109517
109565
109632
109699
109792
109998
110422
111092
111807
112151
112198
112203
112205
112202
112193
112189
112195
112195
112193
112185
112154
112111
112058
111999
111940
111884
111843
32000
32000
32000
32000
32000
32002.9
32611.2
48588.1
89973.1
108802
107721
109505
110145
109651
109561
109582
109587
109566
109557
109534
109523
109534
109538
109548
109532
109518
109553
109602
109662
109735
109765
109746
109709
109662
109615
109579
109559
109550
109541
109523
109514
109528
109571
109639
109726
109856
110120
110623
111321
111965
112181
112200
112204
112206
112208
112204
112199
112201
112198
112190
112179
112147
112104
112050
111989
111926
111863
111810
32000
32000
32000
32000
32000
32000
32001.5
32502.3
46016.9
86583.8
105598
111435
110401
109425
109393
109551
109620
109592
109556
109528
109511
109520
109528
109547
109554
109529
109547
109573
109587
109626
109648
109633
109621
109623
109621
109635
109642
109638
109614
109563
109526
109524
109549
109616
109727
109906
110248
110840
111550
112086
112200
112204
112204
112208
112218
112218
112212
112211
112206
112195
112179
112147
112101
112047
111986
111920
111852
111789
32000
32000
32000
32000
32000
32000
32000
32001.1
32333.3
43639.6
81847.1
108835
109240
108900
109422
109528
109601
109606
109594
109585
109549
109516
109512
109528
109553
109554
109541
109534
109515
109518
109531
109524
109533
109553
109595
109651
109685
109684
109653
109589
109520
109502
109520
109582
109713
109958
110383
111049
111751
112164
112212
112210
112204
112207
112222
112232
112227
112223
112217
112205
112185
112156
112111
112058
111998
111931
111854
111777
32000
32000
32000
32000
32000
32000
32000
32000
32000.6
32210.5
41548.2
79266.4
105783
109156
109466
109534
109678
109718
109732
109723
109672
109581
109522
109508
109529
109547
109526
109501
109458
109435
109454
109464
109482
109505
109564
109633
109690
109698
109663
109602
109521
109483
109501
109569
109716
110008
110518
111230
111903
112202
112226
112221
112210
112204
112212
112228
112231
112227
112223
112211
112190
112160
112119
112068
112008
111943
111867
111789
32000
32000
32000
32000
32000
32000
32000
32000
32000
32000.3
32145.2
39325.9
74410.9
104512
109675
109799
109891
109917
109900
109852
109762
109643
109580
109563
109568
109558
109508
109469
109432
109427
109453
109461
109475
109514
109573
109630
109686
109695
109660
109610
109540
109488
109507
109579
109746
110090
110666
111400
112003
112223
112242
112238
112225
112212
112207
112211
112217
112218
112217
112208
112187
112155
112115
112068
112008
111944
111872
111802
32000
32000
32000
32000
32000
32000
32000
32000
32000
32000
32000.2
32087.6
37402.7
68885.3
103143
109371
110227
109806
109619
109690
109713
109664
109638
109643
109653
109601
109503
109429
109394
109433
109516
109553
109571
109591
109616
109634
109678
109681
109648
109613
109569
109525
109546
109631
109823
110214
110845
111568
112074
112245
112266
112265
112254
112237
112218
112210
112211
112210
112205
112198
112179
112145
112104
112060
112005
111939
111870
111806
32000
32000
32000
32000
32000
32000
32000
32000
32000
32000
32000
32000.1
32046.9
35799.7
64241.1
99470.3
108157
108981
109177
109579
109676
109658
109663
109667
109709
109636
109510
109394
109368
109445
109569
109642
109677
109675
109655
109639
109639
109633
109614
109601
109584
109570
109602
109706
109934
110376
111049
111732
112142
112267
112294
112295
112285
112267
112242
112221
112214
112211
112199
112180
112158
112125
112082
112041
111996
111932
111862
111798
32000
32000
32000
32000
32000
32000
32000
32000
32000
32000
32000
32000
32000
32026.2
34427.9
58831.5
96939.9
108799
109383
109947
109753
109500
109522
109573
109663
109595
109470
109339
109333
109444
109605
109698
109730
109715
109669
109623
109584
109560
109557
109567
109584
109596
109644
109768
110043
110551
111251
111868
112196
112295
112320
112321
112310
112292
112265
112236
112220
112211
112195
112163
112135
112101
112055
112008
111961
111900
111832
111771
32000
32000
32000
32000
32000
32000
32000
32000
32000
32000
32000
32000
32000
32000
32012.3
33634.3
53138.2
91431
108679
110358
109662
109091
109312
109438
109607
109551
109464
109351
109337
109443
109594
109683
109714
109694
109641
109602
109573
109560
109548
109554
109572
109605
109674
109826
110151
110717
111418
111957
112215
112293
112313
112313
112303
112287
112266
112243
112227
112211
112184
112145
112113
112077
112032
111987
111940
111878
111810
111747
32000
32000
32000
32000
32000
32000
32000
32000
32000
32000
32000
32000
32000
32000
32000
32006.5
32793.1
48505.8
87693.5
107642
108238
109073
109255
109483
109579
109533
109466
109385
109405
109499
109625
109690
109684
109656
109626
109611
109605
109601
109582
109566
109578
109611
109685
109870
110263
110890
111560
112025
112225
112285
112294
112287
112271
112256
112243
112230
112219
112203
112177
112138
112102
112063
112017
111972
111925
111864
111795
111725
32000
32000
32000
32000
32000
32000
32000
32000
32000
32000
32000
32000
32000
32000
32000
32000
32002.1
32481.3
43630
81501.7
104398
110515
109994
109697
109680
109554
109455
109459
109542
109661
109730
109727
109672
109631
109638
109657
109676
109679
109649
109603
109596
109627
109714
109943
110413
111083
111704
112082
112237
112282
112294
112284
112256
112237
112226
112222
112215
112200
112175
112138
112102
112061
112014
111968
111917
111856
111782
111702
32000
32000
32000
32000
32000
32000
32000
32000
32000
32000
32000
32000
32000
32000
32000
32000
32000
32001
32212
40129.5
72920
104803
108948
109542
109789
109551
109374
109402
109540
109758
109817
109785
109689
109631
109647
109696
109732
109732
109689
109626
109617
109653
109769
110059
110611
111297
111838
112128
112249
112292
112306
112295
112264
112243
112230
112229
112221
112205
112180
112144
112108
112068
112020
111971
111915
111853
111774
111684
32000
32000
32000
32000
32000
32000
32000
32000
32000
32000
32000
32000
32000
32000
32000
32000
32000
32000
32000.3
32100.4
37060.3
66348.1
98787.5
109450
110375
109586
109184
109317
109510
109761
109803
109765
109652
109609
109634
109691
109726
109716
109665
109614
109620
109673
109838
110208
110830
111489
111932
112156
112262
112308
112328
112319
112284
112259
112246
112241
112227
112211
112189
112159
112130
112095
112053
112002
111940
111867
111778
111687
32000
32000
32000
32000
32000
32000
32000
32000
32000
32000
32000
32000
32000
32000
32000
32000
32000
32000
32000
32000.1
32043
34787
58336.9
95337.6
109353
108799
109106
109161
109360
109557
109573
109571
109556
109574
109616
109670
109662
109630
109588
109573
109612
109708
109928
110376
111032
111609
111964
112159
112264
112319
112352
112350
112316
112284
112267
112254
112233
112212
112190
112170
112147
112121
112089
112038
111966
111881
111782
111689
32000
32000
32000
32000
32000
32000
32000
32000
32000
32000
32000
32000
32000
32000
32000
32000
32000
32000
32000
32000
32000
32015.1
33509.1
50207.1
90069.4
107468
110182
109662
109524
109571
109508
109480
109518
109626
109712
109705
109649
109581
109560
109590
109661
109806
110082
110586
111213
111689
111971
112143
112253
112321
112363
112366
112330
112293
112272
112249
112225
112200
112173
112156
112145
112134
112109
112056
111977
111886
111783
111687
32000
32000
32000
32000
32000
32000
32000
32000
32000
32000
32000
32000
32000
32000
32000
32000
32000
32000
32000
32000
32000
32000
32005.6
32565.7
45240.4
81017.3
106294
110290
110101
109804
109710
109564
109575
109707
109804
109779
109682
109575
109578
109650
109793
109989
110304
110828
111390
111779
112005
112153
112263
112341
112376
112367
112323
112289
112270
112248
112223
112196
112164
112127
112102
112087
112075
112040
111966
111874
111768
111671
32000
32000
32000
32000
32000
32000
32000
32000
32000
32000
32000
32000
32000
32000
32000
32000
32000
32000
32000
32000
32000
32000
32000
32001.2
32272.9
40183.7
72805.7
101638
108646
109988
109785
109695
109648
109726
109759
109723
109624
109543
109582
109680
109865
110097
110462
111011
111537
111869
112052
112172
112278
112356
112384
112371
112331
112303
112285
112269
112246
112216
112177
112122
112059
112012
111973
111940
111887
111806
111709
111616
32000
32000
32000
32000
32000
32000
32000
32000
32000
32000
32000
32000
32000
32000
32000
32000
32000
32000
32000
32000
32000
32000
32000
32000
32000.4
32101.3
36424.1
63368.4
96590.4
109139
109727
109654
109525
109484
109488
109469
109460
109457
109504
109599
109796
110060
110479
111064
111611
111922
112074
112173
112258
112329
112360
112367
112348
112331
112320
112315
112304
112269
112221
112146
112047
111958
111894
111838
111785
111718
111631
111531
32000
32000
32000
32000
32000
32000
32000
32000
32000
32000
32000
32000
32000
32000
32000
32000
32000
32000
32000
32000
32000
32000
32000
32000
32000
32000.1
32032.6
34253.3
52416.7
92059.3
107307
109466
109337
109277
109365
109418
109488
109505
109510
109572
109747
110011
110478
111124
111677
111946
112077
112147
112206
112257
112301
112326
112341
112352
112352
112350
112348
112317
112268
112198
112083
111945
111853
111790
111731
111668
111586
111483
32000
32000
32000
32000
32000
32000
32000
32000
32000
32000
32000
32000
32000
32000
32000
32000
32000
32000
32000
32000
32000
32000
32000
32000
32000
32000
32000
32010.5
32737.4
46366
81452.2
106486
110062
109717
109702
109770
109909
109918
109863
109828
109879
110125
110643
111312
111822
112035
112122
112155
112192
112245
112289
112314
112327
112328
112324
112329
112345
112328
112279
112220
112125
111985
111859
111785
111722
111660
111579
111478
32000
32000
32000
32000
32000
32000
32000
32000
32000
32000
32000
32000
32000
32000
32000
32000
32000
32000
32000
32000
32000
32000
32000
32000
32000
32000
32000
32000
32001.8
32318.1
40232.7
72075.1
100762
109122
110105
110183
110233
110180
110103
110049
110087
110348
110911
111566
111998
112164
112220
112225
112231
112287
112336
112363
112374
112350
112310
112276
112267
112282
112260
112211
112134
112014
111895
111820
111752
111684
111604
111510
32000
32000
32000
32000
32000
32000
32000
32000
32000
32000
32000
32000
32000
32000
32000
32000
32000
32000
32000
32000
32000
32000
32000
32000
32000
32000
32000
32000
32000
32000.5
32102.2
36068.1
60711.8
95188.4
107959
109508
109748
109613
109696
109875
110084
110444
111027
111655
112035
112200
112257
112286
112333
112420
112478
112499
112484
112414
112325
112261
112216
112201
112193
112165
112114
112019
111918
111854
111795
111735
111657
111572
32000
32000
32000
32000
32000
32000
32000
32000
32000
32000
32000
32000
32000
32000
32000
32000
32000
32000
32000
32000
32000
32000
32000
32000
32000
32000
32000
32000
32000
32000
32000.1
32026.9
33754.9
49639
89214.8
106018
108575
108761
108993
109425
109902
110464
111118
111619
111852
112005
112142
112262
112394
112517
112587
112607
112581
112500
112384
112289
112227
112185
112149
112109
112058
111986
111920
111865
111812
111759
111687
111608
32000
32000
32000
32000
32000
32000
32000
32000
32000
32000
32000
32000
32000
32000
32000
32000
32000
32000
32000
32000
32000
32000
32000
32000
32000
32000
32000
32000
32000
32000
32000
32000
32007.2
32499.3
43812.2
75340.3
105299
109223
109515
109787
110304
110845
111398
111646
111733
111822
111968
112157
112354
112525
112616
112636
112612
112536
112433
112364
112304
112239
112175
112103
112006
111907
111850
111811
111785
111753
111693
111619
32000
32000
32000
32000
32000
32000
32000
32000
32000
32000
32000
32000
32000
32000
32000
32000
32000
32000
32000
32000
32000
32000
32000
32000
32000
32000
32000
32000
32000
32000
32000
32000
32000
32001
32206.4
37463.1
65815.4
95884.2
109633
110912
111081
111428
111714
111778
111798
111916
112064
112234
112398
112499
112521
112510
112487
112454
112434
112418
112385
112328
112254
112148
112000
111853
111775
111724
111691
111656
111602
111530
32000
32000
32000
32000
32000
32000
32000
32000
32000
32000
32000
32000
32000
32000
32000
32000
32000
32000
32000
32000
32000
32000
32000
32000
32000
32000
32000
32000
32000
32000
32000
32000
32000
32000
32000.3
32048.2
34463.2
52599.8
90092.9
105496
109715
111051
111682
111975
112155
112256
112348
112447
112516
112525
112476
112379
112297
112275
112285
112324
112379
112353
112280
112179
112027
111855
111762
111707
111664
111612
111547
111468
32000
32000
32000
32000
32000
32000
32000
32000
32000
32000
32000
32000
32000
32000
32000
32000
32000
32000
32000
32000
32000
32000
32000
32000
32000
32000
32000
32000
32000
32000
32000
32000
32000
32000
32000
32000
32011.6
32752.2
43921
77076.7
104785
112235
112553
112424
112475
112443
112471
112537
112582
112590
112555
112457
112340
112282
112247
112228
112250
112250
112188
112115
112002
111854
111770
111718
111676
111623
111544
111457
32000
32000
32000
32000
32000
32000
32000
32000
32000
32000
32000
32000
32000
32000
32000
32000
32000
32000
32000
32000
32000
32000
32000
32000
32000
32000
32000
32000
32000
32000
32000
32000
32000
32000
32000
32000
32000
32001.8
32199.7
38177.4
65634.8
99846.4
109341
111419
111864
111852
112143
112387
112556
112644
112690
112657
112567
112432
112323
112254
112216
112207
112160
112097
111994
111849
111757
111698
111659
111616
111533
111448
32000
32000
32000
32000
32000
32000
32000
32000
32000
32000
32000
32000
32000
32000
32000
32000
32000
32000
32000
32000
32000
32000
32000
32000
32000
32000
32000
32000
32000
32000
32000
32000
32000
32000
32000
32000
32000
32000
32000.3
32059.4
34440.2
54167.7
90973
111828
112304
112236
112214
112357
112542
112639
112717
112741
112685
112552
112398
112322
112271
112248
112206
112145
112038
111889
111780
111706
111645
111582
111494
111406
32000
32000
32000
32000
32000
32000
32000
32000
32000
32000
32000
32000
32000
32000
32000
32000
32000
32000
32000
32000
32000
32000
32000
32000
32000
32000
32000
32000
32000
32000
32000
32000
32000
32000
32000
32000
32000
32000
32000
32000
32011.8
32853.9
44811.7
83130.6
105835
113033
112908
112439
112452
112596
112596
112613
112584
112511
112421
112354
112310
112272
112224
112159
112065
111941
111838
111760
111670
111577
111474
111379
32000
32000
32000
32000
32000
32000
32000
32000
32000
32000
32000
32000
32000
32000
32000
32000
32000
32000
32000
32000
32000
32000
32000
32000
32000
32000
32000
32000
32000
32000
32000
32000
32000
32000
32000
32000
32000
32000
32000
32000
32000
32002.1
32238.5
39434.5
68235.8
104868
111802
112096
112638
112665
112520
112518
112530
112479
112414
112351
112296
112230
112155
112085
112023
111958
111892
111798
111686
111574
111460
111349
32000
32000
32000
32000
32000
32000
32000
32000
32000
32000
32000
32000
32000
32000
32000
32000
32000
32000
32000
32000
32000
32000
32000
32000
32000
32000
32000
32000
32000
32000
32000
32000
32000
32000
32000
32000
32000
32000
32000
32000
32000
32000
32000.3
32078.3
35113.6
57923.9
95034
111734
114076
113597
112891
112653
112667
112603
112520
112428
112336
112235
112128
112021
111929
111868
111834
111766
111669
111570
111466
111343
32000
32000
32000
32000
32000
32000
32000
32000
32000
32000
32000
32000
32000
32000
32000
32000
32000
32000
32000
32000
32000
32000
32000
32000
32000
32000
32000
32000
32000
32000
32000
32000
32000
32000
32000
32000
32000
32000
32000
32000
32000
32000
32000
32000.1
32018
33153.4
48241.1
85159.4
110008
111752
112028
112290
112650
112738
112689
112614
112540
112431
112289
112103
111916
111797
111713
111668
111613
111535
111447
111325
32000
32000
32000
32000
32000
32000
32000
32000
32000
32000
32000
32000
32000
32000
32000
32000
32000
32000
32000
32000
32000
32000
32000
32000
32000
32000
32000
32000
32000
32000
32000
32000
32000
32000
32000
32000
32000
32000
32000
32000
32000
32000
32000
32000
32000
32003.5
32391.7
40498.8
73217.7
103779
112356
113419
113187
112990
112722
112621
112576
112531
112440
112284
112029
111781
111661
111599
111560
111487
111405
111295
32000
32000
32000
32000
32000
32000
32000
32000
32000
32000
32000
32000
32000
32000
32000
32000
32000
32000
32000
32000
32000
32000
32000
32000
32000
32000
32000
32000
32000
32000
32000
32000
32000
32000
32000
32000
32000
32000
32000
32000
32000
32000
32000
32000
32000
32000
32000.6
32101.4
35965.5
60111.8
96352.1
112514
112724
112526
112123
111926
111983
112245
112368
112290
112092
111823
111673
111591
111541
111469
111387
111281
32000
32000
32000
32000
32000
32000
32000
32000
32000
32000
32000
32000
32000
32000
32000
32000
32000
32000
32000
32000
32000
32000
32000
32000
32000
32000
32000
32000
32000
32000
32000
32000
32000
32000
32000
32000
32000
32000
32000
32000
32000
32000
32000
32000
32000
32000
32000
32000.1
32026.6
33488.6
48395.7
87759
109566
112384
111961
111667
111757
112049
112228
112129
111979
111810
111684
111604
111536
111460
111378
111286
32000
32000
32000
32000
32000
32000
32000
32000
32000
32000
32000
32000
32000
32000
32000
32000
32000
32000
32000
32000
32000
32000
32000
32000
32000
32000
32000
32000
32000
32000
32000
32000
32000
32000
32000
32000
32000
32000
32000
32000
32000
32000
32000
32000
32000
32000
32000
32000
32000
32005.1
32401.8
41691.8
73274.2
104490
113044
112948
112879
112685
112225
112006
111895
111810
111695
111587
111498
111417
111352
111271
32000
32000
32000
32000
32000
32000
32000
32000
32000
32000
32000
32000
32000
32000
32000
32000
32000
32000
32000
32000
32000
32000
32000
32000
32000
32000
32000
32000
32000
32000
32000
32000
32000
32000
32000
32000
32000
32000
32000
32000
32000
32000
32000
32000
32000
32000
32000
32000
32000
32000
32000.7
32131.7
36190.5
59865.9
95658
109891
113315
113047
112129
112001
111971
111920
111771
111567
111445
111352
111294
111226
32000
32000
32000
32000
32000
32000
32000
32000
32000
32000
32000
32000
32000
32000
32000
32000
32000
32000
32000
32000
32000
32000
32000
32000
32000
32000
32000
32000
32000
32000
32000
32000
32000
32000
32000
32000
32000
32000
32000
32000
32000
32000
32000
32000
32000
32000
32000
32000
32000
32000
32000
32000.1
32027.9
33372.1
48325.5
83202.2
109419
110949
111106
111585
112126
112047
111837
111566
111422
111327
111267
111179
32000
32000
32000
32000
32000
32000
32000
32000
32000
32000
32000
32000
32000
32000
32000
32000
32000
32000
32000
32000
32000
32000
32000
32000
32000
32000
32000
32000
32000
32000
32000
32000
32000
32000
32000
32000
32000
32000
32000
32000
32000
32000
32000
32000
32000
32000
32000
32000
32000
32000
32000
32000
32000
32004.5
32393.7
39523.6
69511.1
99628
111553
112975
112926
112283
111794
111480
111405
111360
111318
111204
32000
32000
32000
32000
32000
32000
32000
32000
32000
32000
32000
32000
32000
32000
32000
32000
32000
32000
32000
32000
32000
32000
32000
32000
32000
32000
32000
32000
32000
32000
32000
32000
32000
32000
32000
32000
32000
32000
32000
32000
32000
32000
32000
32000
32000
32000
32000
32000
32000
32000
32000
32000
32000
32000
32000.6
32080.3
34978.8
53875.1
91421.2
108869
111390
111449
111408
111372
111384
111412
111385
111259
32000
32000
32000
32000
32000
32000
32000
32000
32000
32000
32000
32000
32000
32000
32000
32000
32000
32000
32000
32000
32000
32000
32000
32000
32000
32000
32000
32000
32000
32000
32000
32000
32000
32000
32000
32000
32000
32000
32000
32000
32000
32000
32000
32000
32000
32000
32000
32000
32000
32000
32000
32000
32000
32000
32000
32000.1
32016.5
32805.5
43581.6
76335.5
103296
112366
112490
112119
111741
111452
111280
111166
32000
32000
32000
32000
32000
32000
32000
32000
32000
32000
32000
32000
32000
32000
32000
32000
32000
32000
32000
32000
32000
32000
32000
32000
32000
32000
32000
32000
32000
32000
32000
32000
32000
32000
32000
32000
32000
32000
32000
32000
32000
32000
32000
32000
32000
32000
32000
32000
32000
32000
32000
32000
32000
32000
32000
32000
32000
32002
32179.7
37088.2
58967.3
96855.9
108382
110797
111097
110778
110800
110973
32000
32000
32000
32000
32000
32000
32000
32000
32000
32000
32000
32000
32000
32000
32000
32000
32000
32000
32000
32000
32000
32000
32000
32000
32000
32000
32000
32000
32000
32000
32000
32000
32000
32000
32000
32000
32000
32000
32000
32000
32000
32000
32000
32000
32000
32000
32000
32000
32000
32000
32000
32000
32000
32000
32000
32000
32000
32000
32000.2
32040.4
33303.9
47511.2
78545.7
106711
111912
110743
111065
111152
32000
32000
32000
32000
32000
32000
32000
32000
32000
32000
32000
32000
32000
32000
32000
32000
32000
32000
32000
32000
32000
32000
32000
32000
32000
32000
32000
32000
32000
32000
32000
32000
32000
32000
32000
32000
32000
32000
32000
32000
32000
32000
32000
32000
32000
32000
32000
32000
32000
32000
32000
32000
32000
32000
32000
32000
32000
32000
32000
32000
32004.2
32329
37963.7
63459.1
95139.3
108907
112156
111990
32000
32000
32000
32000
32000
32000
32000
32000
32000
32000
32000
32000
32000
32000
32000
32000
32000
32000
32000
32000
32000
32000
32000
32000
32000
32000
32000
32000
32000
32000
32000
32000
32000
32000
32000
32000
32000
32000
32000
32000
32000
32000
32000
32000
32000
32000
32000
32000
32000
32000
32000
32000
32000
32000
32000
32000
32000
32000
32000
32000
32000
32000.5
32053.7
33796.8
48064.1
81136.4
105490
109770
32000
32000
32000
32000
32000
32000
32000
32000
32000
32000
32000
32000
32000
32000
32000
32000
32000
32000
32000
32000
32000
32000
32000
32000
32000
32000
32000
32000
32000
32000
32000
32000
32000
32000
32000
32000
32000
32000
32000
32000
32000
32000
32000
32000
32000
32000
32000
32000
32000
32000
32000
32000
32000
32000
32000
32000
32000
32000
32000
32000
32000
32000
32000
32006.8
32382.4
38595.3
62812.2
95147.1
32000
32000
32000
32000
32000
32000
32000
32000
32000
32000
32000
32000
32000
32000
32000
32000
32000
32000
32000
32000
32000
32000
32000
32000
32000
32000
32000
32000
32000
32000
32000
32000
32000
32000
32000
32000
32000
32000
32000
32000
32000
32000
32000
32000
32000
32000
32000
32000
32000
32000
32000
32000
32000
32000
32000
32000
32000
32000
32000
32000
32000
32000
32000
32000
32000.6
32060.7
33997.1
45649
32000
32000
32000
32000
32000
32000
32000
32000
32000
32000
32000
32000
32000
32000
32000
32000
32000
32000
32000
32000
32000
32000
32000
32000
32000
32000
32000
32000
32000
32000
32000
32000
32000
32000
32000
32000
32000
32000
32000
32000
32000
32000
32000
32000
32000
32000
32000
32000
32000
32000
32000
32000
32000
32000
32000
32000
32000
32000
32000
32000
32000
32000
32000
32000
32000
32000
32019.7
31415.7
32000
32000
32000
32000
32000
32000
32000
32000
32000
32000
32000
32000
32000
32000
32000
32000
32000
32000
32000
32000
32000
32000
32000
32000
32000
32000
32000
32000
32000
32000
32000
32000
32000
32000
32000
32000
32000
32000
32000
32000
32000
32000
32000
32000
32000
32000
32000
32000
32000
32000
32000
32000
32000
32000
32000
32000
32000
32000
32000
32000
32000
32000
32000
32000
32000
32000
32000
31930.2
32000
32000
32000
32000
32000
32000
32000
32000
32000
32000
32000
32000
32000
32000
32000
32000
32000
32000
32000
32000
32000
32000
32000
32000
32000
32000
32000
32000
32000
32000
32000
32000
32000
32000
32000
32000
32000
32000
32000
32000
32000
32000
32000
32000
32000
32000
32000
32000
32000
32000
32000
32000
32000
32000
32000
32000
32000
32000
32000
32000
32000
32000
32000
32000
32000
32000
32000
31999.1
32000
32000
32000
32000
32000
32000
32000
32000
32000
32000
32000
32000
32000
32000
32000
32000
32000
32000
32000
32000
32000
32000
32000
32000
32000
32000
32000
32000
32000
32000
32000
32000
32000
32000
32000
32000
32000
32000
32000
32000
32000
32000
32000
32000
32000
32000
32000
32000
32000
32000
32000
32000
32000
32000
32000
32000
32000
32000
32000
32000
32000
32000
32000
32000
32000
32000
32000
32000
32000
32000
32000
32000
32000
32000
32000
32000
32000
32000
32000
32000
32000
32000
32000
32000
32000
32000
32000
32000
32000
32000
32000
32000
32000
32000
32000
32000
32000
32000
32000
32000
32000
32000
32000
32000
32000
32000
32000
32000
32000
32000
32000
32000
32000
32000
32000
32000
32000
32000
32000
32000
32000
32000
32000
32000
32000
32000
32000
32000
32000
32000
32000
32000
32000
32000
32000
32000
32000
32000
32000
32000
32000
32000
32000
32000
32000
32000
32000
32000
32000
32000
32000
32000
32000
32000
32000
32000
32000
32000
32000
32000
32000
32000
32000
32000
32000
32000
32000
32000
32000
32000
32000
32000
32000
32000
32000
32000
32000
32000
32000
32000
32000
32000
32000
32000
32000
32000
32000
32000
32000
32000
32000
32000
32000
32000
32000
32000
32000
32000
32000
32000
32000
32000
32000
32000
32000
32000
32000
32000
32000
32000
32000
32000
32000
32000
32000
32000
32000
32000
32000
32000
32000
32000
32000
32000
32000
32000
32000
32000
32000
32000
32000
32000
32000
32000
32000
32000
32000
32000
32000
32000
32000
32000
32000
32000
32000
32000
32000
32000
32000
32000
32000
32000
32000
32000
32000
32000
32000
32000
32000
32000
32000
32000
32000
32000
32000
32000
32000
32000
32000
32000
32000
32000
32000
32000
32000
32000
32000
32000
32000
32000
32000
32000
32000
32000
32000
32000
32000
32000
32000
32000
32000
32000
32000
32000
32000
32000
32000
32000
32000
32000
32000
32000
32000
32000
32000
32000
32000
32000
32000
32000
32000
32000
32000
32000
32000
32000
32000
32000
32000
32000
32000
32000
32000
32000
32000
32000
32000
32000
32000
32000
32000
32000
32000
32000
32000
32000
32000
32000
32000
32000
32000
32000
32000
32000
32000
32000
32000
32000
32000
32000
32000
32000
32000
32000
32000
32000
32000
32000
32000
32000
32000
32000
32000
32000
32000
32000
32000
32000
32000
32000
32000
32000
32000
32000
32000
32000
32000
32000
32000
32000
32000
32000
32000
32000
32000
32000
32000
32000
32000
32000
32000
32000
32000
32000
32000
32000
32000
32000
32000
32000
32000
32000
32000
32000
32000
32000
32000
32000
32000
32000
32000
32000
32000
32000
32000
32000
32000
32000
32000
32000
32000
32000
32000
32000
32000
32000
32000
32000
32000
32000
32000
32000
32000
32000
32000
32000
32000
32000
32000
32000
32000
32000
32000
32000
32000
32000
32000
32000
32000
32000
32000
32000
32000
32000
32000
32000
32000
32000
32000
32000
32000
32000
32000
32000
32000
32000
32000
32000
32000
32000
32000
32000
32000
32000
32000
32000
32000
32000
32000
32000
32000
32000
32000
32000
32000
32000
32000
32000
32000
32000
32000
32000
32000
32000
32000
32000
32000
32000
32000
32000
32000
32000
32000
32000
32000
32000
32000
32000
32000
32000
32000
32000
32000
32000
32000
32000
32000
32000
32000
32000
32000
32000
32000
32000
32000
32000
32000
32000
32000
32000
32000
32000
32000
32000
32000
32000
32000
32000
32000
32000
32000
32000
32000
32000
32000
32000
32000
32000
32000
32000
32000
32000
32000
32000
32000
32000
32000
32000
32000
32000
32000
32000
32000
32000
32000
32000
32000
32000
32000
32000
32000
32000
32000
32000
32000
32000
32000
32000
32000
32000
32000
32000
32000
32000
32000
32000
32000
32000
32000
32000
32000
32000
32000
32000
32000
32000
32000
32000
32000
32000
32000
32000
32000
32000
32000
32000
32000
32000
32000
32000
32000
32000
32000
32000
32000
32000
32000
32000
32000
32000
32000
32000
32000
32000
32000
32000
32000
32000
32000
32000
32000
32000
32000
32000
32000
32000
32000
32000
32000
32000
32000
32000
32000
32000
32000
32000
32000
32000
32000
32000
32000
32000
32000
32000
32000
32000
32000
32000
32000
32000
32000
32000
32000
32000
32000
32000
32000
32000
32000
32000
32000
32000
32000
32000
32000
32000
32000
32000
32000
32000
32000
32000
32000
32000
32000
32000
32000
32000
32000
32000
32000
32000
32000
32000
32000
32000
32000
32000
32000
32000
32000
32000
32000
32000
32000
32000
32000
32000
32000
32000
32000
32000
32000
32000
32000
32000
32000
32000
32000
32000
32000
32000
32000
32000
32000
32000
32000
32000
32000
32000
32000
32000
32000
32000
32000
32000
32000
32000
32000
32000
32000
32000
32000
32000
32000
32000
32000
32000
32000
32000
32000
32000
32000
32000
32000
32000
32000
32000
32000
32000
32000
32000
32000
32000
32000
32000
32000
32000
32000
32000
32000
32000
32000
32000
32000
32000
32000
32000
32000
32000
32000
32000
32000
32000
32000
32000
32000
32000
32000
32000
32000
32000
32000
32000
32000
32000
32000
32000
32000
32000
32000
32000
32000
32000
32000
32000
32000
32000
32000
32000
32000
32000
32000
32000
32000
32000
32000
32000
32000
32000
32000
32000
32000
32000
32000
32000
32000
32000
32000
32000
32000
32000
32000
32000
32000
32000
32000
32000
32000
32000
32000
32000
32000
32000
32000
32000
32000
32000
32000
32000
32000
32000
32000
32000
32000
32000
32000
32000
32000
32000
32000
32000
32000
32000
32000
32000
32000
32000
32000
32000
32000
32000
32000
32000
32000
32000
32000
32000
32000
32000
32000
32000
32000
32000
32000
32000
32000
32000
32000
32000
32000
32000
32000
32000
32000
32000
32000
32000
32000
32000
32000
32000
32000
32000
32000
32000
32000
32000
32000
32000
32000
32000
32000
32000
32000
32000
32000
32000
32000
32000
32000
32000
32000
32000
32000
32000
32000
32000
32000
32000
32000
32000
32000
32000
32000
32000
32000
32000
32000
32000
32000
32000
32000
32000
32000
32000
32000
32000
32000
32000
32000
32000
32000
32000
32000
32000
32000
32000
32000
32000
32000
32000
32000
32000
32000
32000
32000
32000
32000
32000
32000
32000
32000
32000
32000
32000
32000
32000
32000
32000
32000
32000
32000
32000
32000
32000
32000
32000
32000
32000
32000
32000
32000
32000
32000
32000
32000
32000
32000
32000
32000
32000
32000
32000
32000
32000
32000
32000
32000
32000
32000
32000
32000
32000
32000
32000
32000
32000
32000
32000
32000
32000
32000
32000
32000
32000
32000
32000
32000
32000
32000
32000
32000
32000
32000
32000
32000
32000
32000
32000
32000
32000
32000
32000
32000
32000
32000
32000
32000
32000
32000
32000
32000
32000
32000
32000
32000
32000
32000
32000
32000
32000
32000
32000
32000
32000
32000
32000
32000
32000
32000
32000
32000
32000
32000
32000
32000
32000
32000
32000
32000
32000
32000
32000
32000
32000
32000
32000
32000
32000
32000
32000
32000
32000
32000
32000
32000
32000
32000
32000
32000
32000
32000
32000
32000
32000
32000
32000
32000
32000
32000
32000
32000
32000
32000
32000
32000
32000
32000
32000
32000
32000
32000
32000
32000
32000
32000
32000
32000
32000
32000
32000
32000
32000
32000
32000
32000
32000
32000
32000
32000
32000
32000
32000
32000
32000
32000
32000
32000
32000
32000
32000
32000
32000
32000
32000
32000
32000
32000
32000
32000
32000
32000
32000
32000
32000
32000
32000
32000
32000
32000
32000
32000
32000
32000
32000
32000
32000
32000
32000
32000
32000
32000
32000
32000
32000
32000
32000
32000
32000
32000
32000
32000
32000
32000
32000
32000
32000
32000
32000
32000
32000
32000
32000
32000
32000
32000
32000
32000
32000
32000
32000
32000
32000
32000
32000
32000
32000
32000
32000
32000
32000
32000
32000
32000
32000
32000
32000
32000
32000
32000
32000
32000
32000
32000
32000
32000
32000
32000
32000
32000
32000
32000
32000
32000
32000
32000
32000
32000
32000
32000
32000
32000
32000
32000
32000
32000
32000
32000
32000
32000
32000
32000
32000
32000
32000
32000
32000
32000
32000
32000
32000
32000
32000
32000
32000
32000
32000
32000
32000
32000
32000
32000
32000
32000
32000
32000
32000
32000
32000
32000
32000
32000
32000
32000
32000
32000
32000
32000
32000
32000
32000
32000
32000
32000
32000
32000
32000
32000
32000
32000
32000
32000
32000
32000
32000
32000
32000
32000
32000
32000
32000
32000
32000
32000
32000
32000
32000
32000
32000
32000
32000
32000
32000
32000
32000
32000
32000
32000
32000
32000
32000
32000
32000
32000
32000
32000
32000
32000
32000
32000
32000
32000
32000
32000
32000
32000
32000
32000
32000
32000
32000
32000
32000
32000
32000
32000
32000
32000
32000
32000
32000
32000
32000
32000
32000
32000
32000
32000
32000
32000
32000
32000
32000
32000
32000
32000
32000
32000
32000
32000
32000
32000
32000
32000
32000
32000
32000
32000
32000
32000
32000
32000
32000
32000
32000
32000
32000
32000
32000
32000
32000
32000
32000
32000
32000
32000
32000
32000
32000
32000
32000
32000
32000
32000
32000
32000
32000
32000
32000
32000
32000
32000
32000
32000
32000
32000
32000
32000
32000
32000
32000
32000
32000
32000
32000
32000
32000
32000
32000
32000
32000
32000
32000
32000
32000
32000
32000
32000
32000
32000
32000
32000
32000
32000
32000
32000
32000
32000
32000
32000
32000
32000
32000
32000
32000
32000
32000
32000
32000
32000
32000
32000
32000
32000
32000
32000
32000
32000
32000
32000
32000
32000
32000
32000
32000
32000
32000
32000
32000
32000
32000
32000
32000
32000
32000
32000
32000
32000
32000
32000
32000
32000
32000
32000
32000
32000
32000
32000
32000
32000
32000
32000
32000
32000
32000
32000
32000
32000
32000
32000
32000
32000
32000
32000
32000
32000
32000
32000
32000
32000
32000
32000
32000
32000
32000
32000
32000
32000
32000
32000
32000
32000
32000
32000
32000
32000
32000
32000
32000
32000
32000
32000
32000
32000
32000
32000
32000
32000
32000
32000
32000
32000
32000
32000
32000
32000
32000
32000
32000
32000
32000
32000
32000
32000
32000
32000
32000
32000
32000
32000
32000
32000
32000
32000
32000
32000
32000
32000
32000
32000
32000
32000
32000
32000
32000
32000
32000
32000
32000
32000
32000
32000
32000
32000
32000
32000
32000
32000
32000
32000
32000
32000
32000
32000
32000
32000
32000
32000
32000
32000
32000
32000
32000
32000
32000
32000
32000
32000
32000
32000
32000
32000
32000
32000
32000
32000
32000
32000
32000
32000
32000
32000
32000
32000
32000
32000
32000
32000
32000
32000
32000
32000
32000
32000
32000
32000
32000
32000
32000
32000
32000
32000
32000
32000
32000
32000
32000
32000
32000
32000
32000
32000
32000
32000
32000
32000
32000
32000
32000
32000
32000
32000
32000
32000
32000
32000
32000
32000
32000
32000
32000
32000
32000
32000
32000
32000
32000
32000
32000
32000
32000
32000
32000
32000
32000
32000
32000
32000
32000
32000
32000
32000
32000
32000
32000
32000
32000
32000
32000
32000
32000
32000
32000
32000
32000
32000
32000
32000
32000
32000
32000
32000
32000
32000
32000
32000
32000
32000
32000
32000
32000
32000
32000
32000
32000
32000
32000
32000
32000
32000
32000
32000
32000
32000
32000
32000
32000
32000
32000
32000
32000
32000
32000
32000
32000
32000
32000
32000
32000
32000
32000
32000
32000
32000
32000
32000
32000
32000
32000
32000
32000
32000
32000
32000
32000
32000
32000
32000
32000
32000
32000
32000
32000
32000
32000
32000
32000
32000
32000
32000
32000
32000
32000
32000
32000
32000
32000
32000
32000
32000
32000
32000
32000
32000
32000
32000
32000
32000
32000
32000
32000
32000
32000
32000
32000
32000
32000
32000
32000
32000
32000
32000
32000
32000
32000
32000
32000
32000
32000
32000
32000
32000
32000
32000
32000
32000
32000
32000
32000
32000
32000
32000
32000
32000
32000
32000
32000
32000
32000
32000
32000
32000
32000
32000
32000
32000
32000
32000
32000
32000
32000
32000
32000
32000
32000
32000
32000
32000
32000
32000
32000
32000
32000
32000
32000
32000
32000
32000
32000
32000
32000
32000
32000
32000
32000
32000
32000
32000
32000
32000
32000
32000
32000
32000
32000
32000
32000
32000
32000
32000
32000
32000
32000
32000
32000
32000
32000
32000
32000
32000
32000
32000
32000
32000
32000
32000
32000
32000
32000
32000
32000
32000
32000
32000
32000
32000
32000
32000
32000
32000
32000
32000
32000
32000
32000
32000
32000
32000
32000
32000
32000
32000
32000
32000
32000
32000
32000
32000
32000
32000
32000
32000
32000
32000
32000
32000
32000
32000
32000
32000
32000
32000
32000
32000
32000
32000
32000
32000
32000
32000
32000
32000
32000
32000
32000
32000
32000
32000
32000
32000
32000
32000
32000
32000
32000
32000
32000
32000
32000
32000
32000
32000
32000
32000
32000
32000
32000
32000
32000
32000
32000
32000
32000
32000
32000
32000
32000
32000
32000
32000
32000
32000
32000
32000
32000
32000
32000
32000
32000
32000
32000
32000
32000
32000
32000
32000
32000
32000
32000
32000
32000
32000
32000
32000
32000
32000
32000
32000
32000
32000
32000
32000
32000
32000
32000
32000
32000
32000
32000
32000
32000
32000
32000
32000
32000
32000
32000
32000
32000
32000
32000
32000
32000
32000
32000
32000
32000
32000
32000
32000
32000
32000
32000
32000
32000
32000
32000
32000
32000
32000
32000
32000
32000
32000
32000
32000
32000
32000
32000
32000
32000
32000
32000
32000
32000
32000
32000
32000
32000
32000
32000
32000
32000
32000
32000
32000
32000
32000
32000
32000
32000
32000
32000
32000
32000
32000
32000
32000
32000
32000
32000
32000
32000
32000
32000
32000
32000
32000
32000
32000
32000
32000
32000
32000
32000
32000
32000
32000
32000
32000
32000
32000
32000
54179.6
29017.4
30135
31179.8
33498.9
35114.6
34913.9
34418.6
34332.4
34286.9
34265.9
34248.5
34209.9
34159
34097.3
34036.9
33972
33893.5
33798
33596.2
76018.1
46605
38916
33776.1
33784
34550.9
34501.3
34461.2
34402.7
34324.1
34275.3
34250.2
34207.9
34155.6
34095.8
34037.9
33971.5
33890.4
33794.1
33592.9
85292
56457.5
42456.8
34966.2
34224.1
33832.8
34138.5
34508.6
34450.7
34335.5
34269.8
34236.5
34192.3
34147.5
34087.8
34028.9
33962.1
33883.6
33792.9
33593.3
91731.1
66200.8
48879.1
38042.1
35281
33468.2
33723
34449.1
34445.2
34348.3
34286.8
34245.8
34197.6
34147.9
34089.5
34030.8
33962
33880.4
33787
33590.2
96471.4
74108.5
55279
42441.2
36923.6
33398.3
33866.2
34387.7
34360.7
34363.2
34307.1
34237.1
34187.4
34145.2
34085.9
34024.5
33953.7
33871.9
33779.1
33583.4
99939.2
80350.9
61768.5
48025.7
39968.4
34159.4
34302.5
34141.9
34233.8
34378.3
34335.1
34236.7
34181.2
34139.3
34082.6
34020.9
33947.6
33864.7
33773.2
33581.4
102493
85391.3
67713.2
53605.2
43533
36042.5
34940.9
33894.8
34089.9
34365.6
34345.3
34242.8
34187.6
34140.1
34079.8
34016.7
33941.3
33856.7
33765
33576.1
104442
89436.6
72974.2
58776.3
47731.2
39317.2
36027.5
34085.5
34075.3
34326.1
34305.2
34233.7
34186.2
34136.3
34079.3
34015.3
33937.2
33850.8
33759.7
33574.4
105932
92779.9
77491.5
63568.2
52100.9
42845.5
37571.7
34178.9
34250.6
34336.3
34215.9
34225.1
34197.1
34129.3
34074.6
34013.5
33934.1
33846.7
33755.5
33572.6
107094
95571.4
81364.1
68012.8
56214.7
46652.8
40007.6
34826.6
34823.6
34375.1
34132.2
34217.2
34211
34128.8
34073
34013.2
33933.5
33844.2
33751.1
33570.3
108022
97878.5
84811.1
71951
60183.2
50463.3
42708.1
36453.1
35346.6
34205.1
34108.3
34240.8
34216.9
34124.6
34078.2
34017.4
33937.3
33845.1
33748.9
33570.1
108759
99834.4
87807.6
75512
63940.7
53997.9
45752.7
38865.2
36082.6
34189.3
34156.2
34295.6
34213.7
34128.4
34094.1
34023.3
33942.2
33847.2
33748.5
33572.9
109331
101499
90400.2
78763.5
67355.7
57449.5
48852.8
41527.2
37273.3
34361.1
34425.6
34354
34149.9
34138.1
34110.4
34027
33948.8
33851.5
33751.1
33578.9
109785
102887
92701
81664.6
70551.8
60706.8
51867.1
44358.7
39004.7
34839.7
34851.2
34439.4
34107.4
34154.1
34125.9
34029.9
33958.4
33858.3
33757
33587.2
110141
104068
94717
84264.6
73541.5
63738.2
54829.1
47201.1
41001.2
35966
35265.3
34323.8
34098.6
34194.8
34128.8
34026.7
33965.5
33863.1
33763.4
33595.3
110425
105075
96487.2
86626.9
76271.5
66618.4
57695.3
49904.8
43294.3
37669.1
35737.6
34339.1
34162.4
34242.5
34123.6
34029.3
33974.7
33867.1
33769.1
33601.2
110666
105955
98054.7
88763.5
78791.2
69346.5
60394.4
52592.3
45670.1
39613
36477.9
34420.8
34374.5
34284.1
34069.3
34033.8
33982.5
33866.6
33773.5
33604.7
110879
106726
99473
90691.6
81139.8
71887
63008.6
55170.5
48013.9
41808
37603.7
34627.6
34673.4
34311.7
34039.3
34044.5
33990.5
33864.6
33777
33607.5
111057
107411
100743
92468
83302.1
74283.9
65502.1
57631.4
50369.2
44023.5
39011.7
35223.6
34984.3
34379.1
34035.5
34065
34000.6
33869
33780.9
33608.2
111191
108001
101890
94089
85306.7
76533.1
67867
59998.3
52670.1
46195.3
40706.6
36294.8
35293.9
34288.3
34039.6
34099.5
33976.6
33859.5
33784
33612.9
111278
108498
102909
95564.5
87165.8
78631.4
70114.5
62276.3
54878.5
48361.7
42535.4
37631.4
35669.4
34332.6
34126.2
34134
33956.9
33865
33782.7
33606.2
111342
108916
103810
96903.4
88881.2
80597.9
72249.2
64445.7
57044.3
50464.3
44393.7
39238.9
36315.2
34397.1
34317.1
34151.9
33927.4
33865.8
33781.6
33601.7
111394
109275
104615
98122.8
90466.9
82441.4
74274.3
66531.5
59145.6
52492.8
46319.1
40936.1
37149.2
34581.3
34567.9
34177.3
33918.4
33874.4
33781.5
33598.1
111449
109598
105343
99244.8
91934.9
84178.9
76191
68547.9
61166.3
54495.9
48205.6
42678.3
38287.2
35082.9
34807.8
34235.3
33912.3
33902.9
33787.9
33596.7
111500
109884
106012
100280
93310
85805.5
78030
70468.9
63144.7
56431.6
50066.1
44458.2
39600.7
35874.7
35017
34163.7
33931.4
33932.3
33763.7
33598.4
111542
110135
106619
101246
94590.6
87345.1
79769.9
72324.7
65054.3
58305.6
51912.3
46198.8
41054.5
36941.6
35313.2
34178.1
34018.4
33952.8
33747
33603.4
111566
110347
107165
102136
95787.5
88793.1
81421.4
74104.6
66891
60143.2
53699.6
47929.5
42604.8
38158.4
35736.7
34217.9
34164.1
33965.8
33731.5
33619
111577
110521
107649
102949
96902
90148.9
82990.5
75798.6
68671.3
61919.1
55459.1
49634.1
44164
39504.4
36373.6
34328.9
34354.1
33980.5
33722.4
33649.1
111573
110663
108072
103689
97934.2
91424.3
84470
77421.7
70383.2
63645.1
57190.6
51290.5
45757.1
40916.1
37169
34647.1
34512.2
34015
33718.1
33697.2
111563
110775
108444
104360
98891.4
92622.1
85869.3
78973.4
72025.9
65335.8
58867.6
52935.6
47334.2
42329.2
38176.1
35200.3
34645.1
33936.6
33719.8
33749.5
111545
110865
108775
104975
99783.3
93747.9
87199.8
80450.6
73616.8
66966.1
60520.6
54548.1
48870.2
43796
39295.4
35909.5
34787.3
33946
33756.6
33807.3
111528
110940
109075
105546
100617
94812.2
88460.4
81865.3
75145.3
68550.4
62132.7
56114.3
50416.5
45220.4
40508.8
36818.3
35022.7
33985.7
33830.2
33842.7
111525
111010
109347
106080
101402
95820.3
89656.5
83220
76609.4
70094.4
63684.9
57665.9
51915.9
46651.7
41804.3
37805.4
35361.8
34075.2
33959.1
33874
111534
111075
109594
106579
102147
96769.1
90795.8
84505.3
78028.3
71571.2
65212
59165.4
53393.6
48078.7
43104.9
38901.5
35881.6
34219.6
34114.6
33909.8
111542
111134
109812
107038
102842
97668.3
91867.9
85737.3
79381.4
73010.9
66684.8
60634.9
54850.8
49465
44450.3
40060.6
36518.2
34454.6
34283.4
33952.2
111543
111181
110000
107444
103484
98508.5
92884.4
86907
80681.4
74399
68116.9
62079.4
56263.2
50860.3
45779.8
41228.4
37328.5
34882.1
34449.3
33998.5
111529
111212
110154
107798
104065
99293.8
93849.6
88020.3
81931.3
75731.3
69521.4
63480.9
57667.8
52224.8
47092.8
42434.9
38254.1
35449.2
34614.1
34028.4
111482
111222
110280
108105
104590
100031
94766.5
89093.5
83124.5
77027.1
70878.3
64864.3
59040.9
53566.9
48403.9
43621.3
39279.6
36180.3
34866.2
34065.3
111416
111213
110389
108386
105071
100721
95646.5
90122.2
84280
78270.6
72199.5
66213
60385.4
54899.3
49678.7
44815.1
40406.9
36995.7
35179.3
34119.3
111377
111199
110488
108657
105529
101373
96485.6
91113.8
85392.8
79473.3
73477.4
67519.9
61715.2
56197.5
50938
46022.7
41557.5
37913.7
35629
34212
111370
111192
110582
108921
105974
101994
97277.9
92063.4
86463
80636
74705.5
68794.9
63012.3
57478.7
52182.8
47220.3
42766
38910.6
36149
34329.8
111393
111195
110668
109171
106407
102585
98025.2
92956.4
87487.3
81753.6
75895.8
70031.4
64284.9
58740
53400.8
48455.2
43978.7
39923.6
36807.7
34516.8
111438
111209
110719
109394
106817
103152
98730.1
93800.6
88459.5
82829.1
77048.5
71237.3
65537.5
59969.2
54631.4
49686.9
45192.4
40997
37531.5
34751.8
111473
111226
110762
109553
107188
103691
99405.1
94606.9
89385.2
83868.2
78168.2
72424.3
66755.2
61190.4
55853.8
50931.6
46417.9
42045.9
38344.2
35078.2
111433
111220
110796
109713
107490
104188
100048
95378.9
90280.6
84869.6
79267.4
73584.6
67950.5
62392.4
57091
52191.4
47598.9
43120.9
39217.8
35469.7
111351
111177
110823
109844
107801
104647
100668
96125.1
91142.4
85841.8
80336.8
74721.3
69118.9
63586.2
58348.9
53426.4
48785.2
44168.1
40123.4
35950.5
111307
111133
110829
109953
108055
105114
101260
96855
91982
86790.1
81374.2
75831.2
70257.3
64792.7
59603.1
54672.7
49919.5
45203.5
41074
36502.7
111290
111108
110830
110038
108300
105498
101853
97552.4
92799.2
87698.1
82384
76900.3
71393.9
65997.9
60882.8
55872.8
51026.1
46228.6
42032.8
37125.3
111272
111099
110841
110115
108506
105876
102361
98226.6
93574.3
88586.4
83341.4
77950.7
72519.5
67234
62133
57046.2
52099
47228.5
43015.6
37813.9
111260
111095
110854
110185
108689
106203
102846
98837.9
94321.7
89422.6
84275.7
78974.2
73669.8
68466.4
63355.3
58172.2
53133.9
48228.3
44002.1
38552.4
111255
111103
110868
110250
108861
106511
103292
99413
95019.5
90230.2
85178.7
80007.2
74830.9
69688
64524.4
59242.2
54151.5
49217
44996.7
39337.5
111230
111100
110870
110303
109026
106809
103715
99956.4
95679
91003.8
86074.2
81053.3
76006
70874.1
65615.3
60273.8
55149.1
50209.4
45994.6
40153.8
111202
111079
110865
110350
109180
107094
104120
100473
96306.6
91756.5
86979.5
82123.5
77168.4
71985.1
66644.8
61264.3
56141.6
51205
46992.7
40995.1
111154
111048
110857
110393
109323
107363
104505
100964
96912.5
92512.3
87914.2
83204.7
78272.3
73013.9
67606.8
62236.5
57133.7
52204.5
47989.9
41852.3
111114
110997
110831
110423
109448
107604
104862
101439
97520.8
93299
88881.9
84263.1
79284.4
73950.1
68529
63198.7
58128.3
53208
48982.1
42719.7
111116
110958
110796
110429
109544
107818
105200
101915
98164.3
94135.6
89862.3
85248.8
80185.2
74813.4
69426.9
64163.6
59127.5
54208
49966.8
43593.6
111141
110953
110763
110422
109616
108008
105530
102418
98873.8
95020.9
90803.1
86115.9
80979.4
75634.1
70324.8
65133.8
60126.8
55201.8
50940.9
44470.3
111116
110944
110737
110409
109671
108189
105877
102980
99655.8
95914.3
91639.1
86847.6
81700.9
76443.5
71232
66107.9
61121
56183.9
51904.1
45348.7
111060
110894
110692
110387
109715
108377
106278
103620
100468
96725.1
92329.2
87478.2
82391.9
77264.3
72152.2
67079.6
62105.7
57153.7
52856.7
46227.5
111010
110820
110636
110361
109767
108607
106773
104332
101212
97358.6
92875.7
88059.1
83091.3
78102.1
73075.4
68041.4
63076.8
58112.6
53801.5
47106.2
111032
110768
110588
110355
109872
108952
107398
105036
101787
97790.5
93323.4
88638.6
83822.1
78953.1
73989.2
68987
64033.7
59062.1
54739.8
47984.3
111004
110728
110548
110398
110110
109463
108029
105586
102153
98107.4
93744.6
89242.3
84582.6
79804.7
74884.8
69914.5
64977.1
60005.3
55673.5
48861.2
110889
110666
110538
110552
110511
109988
108474
105844
102366
98410.9
94201.2
89875.2
85350.8
80639.6
75756.8
70822.4
65905.8
60940.1
56600.2
49735.1
110816
110678
110713
111010
111087
110391
108617
105882
102506
98748
94724.4
90536.7
86106
81447.9
76608.5
71714.4
66821.4
61865.5
57518.7
50605.6
111012
110935
111394
111835
111564
110515
108512
105809
102640
99135.1
95297.4
91206
86834.9
82228.5
77445.7
72594
67724.8
62779.3
58426.4
51471.4
109692
110889
111910
112137
111587
110357
108342
105865
102908
99568.5
95864.2
91852
87538.2
82988.9
78269.2
73459
68616.7
63681
59322.7
52332.2
110035
113231
112549
111877
110881
109717
108185
106031
103275
100057
96423.4
92463.7
88216.3
83738.9
79088.4
74316.5
69500.5
64572.3
60210.7
53191
94981
114107
111590
111117
110241
109365
108199
106387
103668
100507
96953
93066.1
88885.3
84475.6
79890.5
75157.7
70373.4
65451.4
61089.2
54046.2
57635.4
104038
108970
110526
110253
109403
108387
106611
104100
100961
97430.4
93614.8
89538.8
85215.3
80683.6
75982.2
71231.3
66318.6
61963.5
54902.3
35356.5
75951.7
109890
111535
110232
109421
108364
106763
104361
101437
98030
94205.6
90158.3
85914.7
81453.6
76798
72078
67171.5
62830.9
55756.7
32103.7
44301.5
93816.9
109554
109519
109165
108400
106918
104653
101837
98392.9
94863.3
90821.5
86608.5
82178.6
77583.1
72911.1
68018.8
63696.5
56609
32001.2
33185.2
61088.3
104284
109958
109528
108620
107052
104904
102198
98907.9
95319.2
91457.3
87361.5
82933.9
78367.8
73718.4
68853.5
64563.3
57459.2
32000
32039.6
37873
82932.7
108174
109401
108665
107287
105216
102458
99347.6
95877.7
92066.6
87942.4
83652.5
79164.8
74539.9
69687.5
65418.6
58297.5
32000
32000.6
32404.5
51517.7
99439.1
109457
108822
107462
105403
102806
99768.4
96356.8
92611.8
88673.5
84349.9
79879.6
75318.6
70534.5
66282.7
59128.7
32000
32000
32011.9
35106.1
75405.6
106611
108598
107471
105512
103080
100207
96859.8
93164.1
89203.5
85109
80671.8
76089.6
71328.7
67114.7
59948.8
32000
32000
32000.2
32177.4
46768.9
96243.6
108550
107623
105769
103397
100580
97316.7
93703.7
89814.8
85677
81393.8
76911.8
72174.2
67932.9
60752
32000
32000
32000
32005
34102.3
71550.1
104214
107334
105980
103665
100934
97769
94241.7
90418.8
86307.6
82080.2
77604.7
72989.1
68758.7
61566.9
32000
32000
32000
32000.1
32117.2
45015.3
94092.5
107453
106306
104038
101329
98205.1
94733.4
90976.4
86943.8
82740.3
78357.9
73747.4
69513.2
62361.4
32000
32000
32000
32000
32003.5
33849.2
70526.5
103174
105981
104360
101671
98615.2
95227.4
91549
87588.9
83419.8
79087.5
74508.2
70279.3
63157
32000
32000
32000
32000
32000.1
32109.6
45286.4
93853.1
106128
104777
102112
99057.7
95713.5
92093.9
88190.2
84074.9
79798.2
75240.4
71027.1
63950.7
32000
32000
32000
32000
32000
32003.8
34086
72208.6
102820
104471
102474
99441.7
96164.9
92619.4
88784
84747.6
80505.3
75968.3
71779.9
64735.9
32000
32000
32000
32000
32000
32000.1
32141.3
47516.6
94934.7
104816
102809
99871.5
96648.5
93151.2
89366.9
85392.8
81170.7
76659
72522.9
65512.7
32000
32000
32000
32000
32000
32000
32005.8
34936.5
76011.5
102479
102638
100356
97111.5
93642.2
89923.6
86010
81821.4
77354.4
73279.7
66287.1
32000
32000
32000
32000
32000
32000
32000.2
32245.3
51828.8
96539.5
103048
100841
97587.1
94133.9
90483.8
86612.4
82456.8
78037.8
74019.6
67041.1
32000
32000
32000
32000
32000
32000
32000
32012.5
36757
80985.7
101743
101030
98070.6
94627.7
91025.9
87172.7
83067.6
78713
74754.4
67791.7
32000
32000
32000
32000
32000
32000
32000
32000.4
32520.6
58241.4
98093
101217
98577.6
95184.5
91591.4
87746.5
83699.4
79402.7
75480.3
68530.1
32000
32000
32000
32000
32000
32000
32000
32000
32032.8
40221.8
86516.3
100562
99024
95735.4
92083.5
88280.9
84309.1
80059.6
76173.8
69257
32000
32000
32000
32000
32000
32000
32000
32000
32001.5
33279.1
66491.2
97917
99179.2
96395.7
92645.6
88876.8
84959
80739.4
76884.9
69997
32000
32000
32000
32000
32000
32000
32000
32000
32000
32105.9
46165.1
90813.6
99280.8
96830.8
93224.3
89456.8
85559.1
81380.4
77567
70715.3
32000
32000
32000
32000
32000
32000
32000
32000
32000
32006.5
35219.9
75212
97528.8
97064.1
93904.1
90033.2
86153.2
82042.8
78274.7
71450.8
32000
32000
32000
32000
32000
32000
32000
32000
32000
32000.3
32372.5
55045.4
93937.6
97464
94536.5
90607.2
86749.2
82706.7
78963.1
72159.3
32000
32000
32000
32000
32000
32000
32000
32000
32000
32000
32028.9
39602.6
83288.9
96777.3
94895.3
91177.3
87331.2
83337.5
79611.8
72848.5
32000
32000
32000
32000
32000
32000
32000
32000
32000
32000
32001.8
33357.9
65812.5
94818
95029.9
91925.5
88024.3
84006.6
80275.1
73547.2
32000
32000
32000
32000
32000
32000
32000
32000
32000
32000
32000.1
32142.2
47592.1
89076.4
95015.7
92500.3
88703.7
84602.4
80882
74215.8
32000
32000
32000
32000
32000
32000
32000
32000
32000
32000
32000
32011.9
36359.9
76242.4
93774.8
92978.3
89446.5
85200
81516.1
74905.6
32000
32000
32000
32000
32000
32000
32000
32000
32000
32000
32000
32000.8
32677.9
58837.8
91595.4
93387.4
90141.7
85831.9
82175.7
75584.6
32000
32000
32000
32000
32000
32000
32000
32000
32000
32000
32000
32000
32071.7
43126.1
84288.6
92969.2
90539.5
86508.1
82819.5
76223.3
32000
32000
32000
32000
32000
32000
32000
32000
32000
32000
32000
32000
32006.5
34799.2
70583
91286.5
90891.7
87401.3
83518.5
76879.2
32000
32000
32000
32000
32000
32000
32000
32000
32000
32000
32000
32000
32000.5
32418.1
54141
88551.1
91274.9
88175.4
84159.5
77504.4
32000
32000
32000
32000
32000
32000
32000
32000
32000
32000
32000
32000
32000
32047.6
40646.8
80265.3
90777.3
88663.4
84799.2
78147.9
32000
32000
32000
32000
32000
32000
32000
32000
32000
32000
32000
32000
32000
32004.9
34075.1
66657.9
89595.3
88983.7
85596.5
78895.9
32000
32000
32000
32000
32000
32000
32000
32000
32000
32000
32000
32000
32000
32000.4
32316.7
51416.8
86237.6
89038.1
86280.6
79648.4
)
;

boundaryField
{
    inlet
    {
        type            fixedValue;
        value           nonuniform List<scalar> 0();
    }
    outlet
    {
        type            zeroGradient;
    }
    bottom
    {
        type            symmetryPlane;
    }
    top
    {
        type            zeroGradient;
    }
    obstacle
    {
        type            zeroGradient;
    }
    defaultFaces
    {
        type            empty;
    }
    procBoundary1to0
    {
        type            processor;
        value           nonuniform List<scalar> 
103
(
109686
109731
109508
109557
109597
109686
109701
109590
109461
109486
110020
99699.2
58092.9
33506.2
32006.1
32000
32000
32000
32000
32000
32000
32000
32000
32000
32000
32000
32000
32000
32000
32000
32000
32000
32000
32000
32000
32000
32000
32000
32000
32000
32000
32000
32000
32000
32000
32000
32000
32000
32000
32000
32000
32000
32000
32000
32000
32000
32000
32000
32000
32000
32000
32000
32000
32000
32000
32000
32000
32000
32000
32000
32000
32000
32000
32000
32000
32000
32000
32000
32000
32000
32000
32000
32000
32000
32000
32000
32000
32000
32000
32000
32000
32000
32000
32000
32000
32000
32000
32000
32000
32000
32000
32000
32000
)
;
    }
    procBoundary1to3
    {
        type            processor;
        value           nonuniform List<scalar> 
89
(
32000
32000
32000
32000
32000
32000
32000
32000
32000
32000
32000
32000
32000
32000
32000
32000
32000
32000
32000
32000
32000
32000
32000
32000
32000
32000
32000
32000
32000
32000
32000
32000
32000
32000
32000
32000
32000
32000
32000
32000
32000
32000
32000
32000
32000
32000
32000
32000
32000
32000
32000
32000
32000
32000
32000
32000
32000
32000
32000
32000
32000
32000
32000
32000
32000
32000
32000
32000
32000
32000
32000
32000
32000
32000
32000
32000
32000
32000
32000
32000
32000
32000
32000
32039.8
39476.2
77592.8
88456.2
86825.3
80483
)
;
    }
}


// ************************************************************************* //
