/*--------------------------------*- C++ -*----------------------------------*\
| =========                 |                                                 |
| \\      /  F ield         | OpenFOAM: The Open Source CFD Toolbox           |
|  \\    /   O peration     | Version:  2306                                  |
|   \\  /    A nd           | Website:  www.openfoam.com                      |
|    \\/     M anipulation  |                                                 |
\*---------------------------------------------------------------------------*/
FoamFile
{
    version     2.0;
    format      ascii;
    arch        "LSB;label=32;scalar=64";
    class       volScalarField;
    location    "8e-05";
    object      rho;
}
// * * * * * * * * * * * * * * * * * * * * * * * * * * * * * * * * * * * * * //

dimensions      [1 -3 0 0 0 0 0];

internalField   nonuniform List<scalar> 
9032
(
1.4202
1.41926
1.41842
1.41794
1.41776
1.41777
1.41781
1.41771
1.41747
1.41719
1.41688
1.41656
1.41648
1.41649
1.41643
1.41631
1.41618
1.41603
1.41588
1.41567
1.41537
1.41504
1.41478
1.41466
1.41466
1.41475
1.41493
1.41519
1.41545
1.41559
1.41558
1.41532
1.41497
1.41467
1.4144
1.41417
1.41402
1.41396
1.41392
1.41383
1.41367
1.41362
1.41371
1.41391
1.41414
1.41446
1.41491
1.41517
1.4153
1.4155
1.416
1.41725
1.41976
1.42391
1.42938
1.43466
1.43787
1.439
1.43921
1.43896
1.4386
1.43839
1.43826
1.43816
1.43799
1.43772
1.43734
1.43701
1.4181
1.41724
1.41682
1.41674
1.41679
1.41678
1.41673
1.41663
1.41645
1.41628
1.41615
1.41595
1.41576
1.41568
1.41562
1.41561
1.41566
1.41568
1.41562
1.41546
1.41525
1.41502
1.41483
1.41475
1.41475
1.4148
1.41492
1.41507
1.41519
1.41523
1.41512
1.41485
1.41454
1.41418
1.4138
1.4135
1.41332
1.41327
1.41335
1.41345
1.4135
1.41364
1.41387
1.41412
1.41437
1.41465
1.41484
1.41488
1.41497
1.41519
1.41592
1.41753
1.42049
1.42531
1.4313
1.43637
1.43885
1.43947
1.43934
1.43895
1.43856
1.43824
1.43809
1.43799
1.43788
1.43771
1.43745
1.43702
1.41316
1.4134
1.41343
1.41343
1.41352
1.41358
1.41366
1.41369
1.41367
1.41366
1.41366
1.41357
1.41341
1.41326
1.41324
1.41331
1.4135
1.41375
1.41392
1.41392
1.41384
1.41368
1.41355
1.41357
1.41374
1.41401
1.41427
1.41448
1.41463
1.41464
1.41445
1.41422
1.41396
1.41358
1.41316
1.41286
1.41271
1.41267
1.41276
1.41295
1.41319
1.41346
1.41373
1.41399
1.41424
1.41448
1.4146
1.41463
1.41473
1.415
1.41586
1.4177
1.42121
1.42659
1.43252
1.4369
1.43866
1.43899
1.43884
1.43854
1.43819
1.43793
1.43779
1.43769
1.43757
1.43739
1.43712
1.43672
1.41005
1.41042
1.41035
1.41039
1.41046
1.41062
1.41088
1.41118
1.41148
1.41172
1.41185
1.41184
1.41169
1.41153
1.41151
1.41162
1.41188
1.41223
1.41262
1.41278
1.41275
1.41272
1.41267
1.4127
1.41285
1.41304
1.41315
1.41322
1.41332
1.41342
1.41345
1.41343
1.41323
1.41288
1.41242
1.41209
1.41193
1.41192
1.41214
1.41257
1.41299
1.41331
1.41355
1.41372
1.41383
1.4139
1.41394
1.41399
1.4141
1.41457
1.41573
1.41799
1.42212
1.42787
1.43345
1.43716
1.43852
1.43875
1.43866
1.43843
1.43812
1.43786
1.43774
1.43767
1.43755
1.43734
1.437
1.43649
1.40884
1.40893
1.40883
1.40887
1.40905
1.40936
1.40971
1.41007
1.4105
1.41083
1.41102
1.41102
1.41092
1.41081
1.41075
1.4109
1.41114
1.41146
1.41185
1.41218
1.41233
1.41234
1.41231
1.41229
1.41236
1.41246
1.41253
1.41265
1.4128
1.41298
1.41321
1.41331
1.41314
1.41276
1.41237
1.41209
1.41201
1.41204
1.41228
1.41272
1.41306
1.41322
1.41328
1.4133
1.41329
1.41326
1.41331
1.41344
1.41371
1.41436
1.41575
1.41857
1.42338
1.42938
1.43448
1.4376
1.4386
1.43878
1.43874
1.43857
1.43831
1.43804
1.43783
1.4377
1.43754
1.43726
1.43685
1.43635
1.41032
1.41001
1.40971
1.40976
1.40996
1.41023
1.41049
1.41073
1.41097
1.41135
1.41177
1.41184
1.41171
1.41146
1.41126
1.4113
1.41136
1.41151
1.41181
1.41219
1.41246
1.41251
1.41247
1.41242
1.4124
1.4124
1.41249
1.41264
1.4128
1.41297
1.41319
1.41335
1.41326
1.41311
1.4129
1.41264
1.41253
1.41254
1.41268
1.41296
1.41306
1.41303
1.41295
1.41289
1.41288
1.41292
1.41307
1.41333
1.41376
1.4146
1.41639
1.41988
1.42517
1.43114
1.43555
1.43805
1.43884
1.43901
1.43903
1.43891
1.43867
1.43836
1.43806
1.43782
1.43755
1.4372
1.43677
1.4364
1.41338
1.41309
1.41286
1.41282
1.41288
1.41286
1.41266
1.41262
1.41275
1.41314
1.41364
1.41393
1.41398
1.4139
1.41353
1.4131
1.4129
1.41284
1.41295
1.41321
1.41346
1.41358
1.41355
1.4135
1.41345
1.41338
1.41328
1.4132
1.41317
1.41322
1.41336
1.41354
1.41373
1.41386
1.41392
1.41391
1.41386
1.41377
1.41366
1.41351
1.41336
1.41323
1.41314
1.41309
1.41311
1.41319
1.41339
1.41372
1.41428
1.41536
1.41759
1.42164
1.42729
1.43292
1.43661
1.43842
1.4392
1.43948
1.43953
1.43948
1.43928
1.43897
1.43858
1.43816
1.43787
1.43764
1.43729
1.43705
1.41738
1.41737
1.4169
1.41663
1.41641
1.41594
1.4154
1.41525
1.41546
1.41593
1.41645
1.41672
1.41677
1.41667
1.41621
1.41549
1.41517
1.41512
1.41528
1.41565
1.4159
1.41586
1.4157
1.41546
1.41523
1.41505
1.41487
1.41469
1.41447
1.4143
1.41423
1.41427
1.41446
1.4148
1.41515
1.41538
1.41546
1.41539
1.41522
1.41494
1.41462
1.41429
1.41405
1.41395
1.41398
1.41412
1.41438
1.4148
1.41549
1.41685
1.41952
1.42403
1.42982
1.43476
1.4377
1.439
1.43971
1.44013
1.44021
1.44015
1.43995
1.43963
1.43924
1.43886
1.43858
1.43836
1.43806
1.43795
1.41969
1.41957
1.41925
1.41901
1.41877
1.41812
1.41752
1.41744
1.41763
1.41788
1.41819
1.41833
1.41838
1.41825
1.41774
1.41718
1.4171
1.41726
1.41767
1.41813
1.41832
1.41822
1.418
1.4176
1.41714
1.4168
1.41657
1.41637
1.41618
1.41598
1.41587
1.41587
1.41598
1.41623
1.41654
1.41683
1.41702
1.41699
1.4168
1.41654
1.41625
1.41598
1.4158
1.4157
1.41569
1.41582
1.41607
1.41649
1.41726
1.41889
1.42203
1.42698
1.43262
1.43674
1.43885
1.43972
1.44028
1.44073
1.44087
1.4408
1.4406
1.4403
1.43994
1.43959
1.43938
1.4392
1.43898
1.43897
1.4207
1.41941
1.41959
1.41963
1.41916
1.41872
1.41852
1.41852
1.41864
1.4187
1.4188
1.41886
1.41896
1.41891
1.41854
1.41838
1.41846
1.41866
1.41907
1.41953
1.41967
1.41955
1.4193
1.41889
1.41835
1.41788
1.41759
1.41742
1.41731
1.41724
1.41718
1.41719
1.41738
1.41764
1.41795
1.4182
1.41836
1.41839
1.41821
1.41794
1.41766
1.41744
1.41733
1.4173
1.41735
1.41746
1.4177
1.41813
1.41905
1.421
1.42461
1.42987
1.43518
1.43846
1.43995
1.44054
1.44093
1.44132
1.44151
1.44147
1.44129
1.44101
1.4407
1.4404
1.44021
1.44005
1.43987
1.43992
1.42092
1.41821
1.41945
1.41961
1.41898
1.4188
1.41891
1.41888
1.41871
1.41863
1.41876
1.41897
1.41923
1.41933
1.41899
1.41858
1.41857
1.4188
1.41927
1.41985
1.42017
1.42018
1.42005
1.41969
1.41909
1.41842
1.41798
1.41782
1.41784
1.41796
1.41813
1.41825
1.41842
1.41862
1.41876
1.41881
1.4188
1.41879
1.41869
1.41849
1.41833
1.41827
1.41829
1.41838
1.41857
1.4188
1.41912
1.41961
1.42057
1.42284
1.42696
1.43248
1.43732
1.43983
1.44082
1.44126
1.44154
1.44179
1.44197
1.44197
1.44182
1.44157
1.4413
1.44104
1.44081
1.44061
1.44041
1.44047
1.40871
1.41924
1.42096
1.41927
1.41868
1.41916
1.41917
1.419
1.41867
1.41855
1.41891
1.41922
1.41949
1.41933
1.41856
1.4181
1.41815
1.4185
1.41909
1.41974
1.42018
1.42032
1.42023
1.41991
1.41931
1.41863
1.41813
1.41802
1.41813
1.41838
1.41863
1.41884
1.41897
1.41898
1.41889
1.41881
1.41876
1.41875
1.41873
1.41862
1.41859
1.41868
1.41883
1.41905
1.41932
1.41962
1.42003
1.4206
1.42185
1.4246
1.42932
1.43501
1.43911
1.44078
1.44135
1.44168
1.44192
1.44207
1.44219
1.44225
1.44212
1.44192
1.44169
1.44147
1.44122
1.44093
1.44068
1.44069
1.30091
1.42478
1.42324
1.41668
1.41854
1.41945
1.41914
1.41895
1.41865
1.41848
1.41874
1.419
1.41928
1.4191
1.4183
1.41783
1.41789
1.41825
1.41888
1.41955
1.42001
1.42015
1.42004
1.41968
1.41909
1.4182
1.41742
1.41725
1.41746
1.41806
1.4186
1.41891
1.41911
1.41911
1.41895
1.41877
1.41861
1.41851
1.41853
1.41859
1.41866
1.41882
1.41904
1.41931
1.41961
1.41996
1.42042
1.42121
1.42294
1.42633
1.43166
1.43722
1.44041
1.44142
1.4417
1.44193
1.44217
1.44233
1.44244
1.44252
1.44247
1.44228
1.44208
1.44183
1.44152
1.44117
1.44085
1.44077
0.909147
1.33066
1.40825
1.41373
1.41939
1.4186
1.41824
1.41879
1.41862
1.41807
1.41823
1.41851
1.41854
1.41825
1.41764
1.41768
1.41809
1.41853
1.41897
1.41928
1.41942
1.41949
1.41938
1.41905
1.4185
1.41774
1.41691
1.41655
1.41675
1.41736
1.41815
1.41876
1.41904
1.41904
1.4189
1.41869
1.41844
1.41823
1.418
1.41791
1.41797
1.41817
1.41852
1.419
1.41952
1.41998
1.42053
1.42157
1.42375
1.4278
1.43368
1.43892
1.44118
1.44181
1.44199
1.44221
1.44245
1.44267
1.44285
1.443
1.44289
1.44266
1.44238
1.44201
1.44159
1.44117
1.44069
1.44038
0.639473
0.915643
1.30021
1.4164
1.42332
1.41537
1.41742
1.41913
1.41812
1.41709
1.41744
1.41761
1.41722
1.41682
1.41684
1.41755
1.41832
1.41885
1.41915
1.4191
1.41887
1.41871
1.41851
1.41817
1.41773
1.41715
1.41649
1.4161
1.41637
1.41695
1.41768
1.41836
1.41878
1.41881
1.41868
1.41846
1.41822
1.41799
1.41772
1.4175
1.41749
1.4176
1.41783
1.41825
1.41885
1.41952
1.42037
1.42181
1.42457
1.42934
1.43556
1.44024
1.44168
1.44204
1.44221
1.44245
1.44273
1.44299
1.44321
1.44327
1.44309
1.44279
1.44243
1.44197
1.44148
1.44098
1.44039
1.43994
0.620152
0.638932
0.899417
1.3138
1.40458
1.41313
1.42019
1.42014
1.41687
1.4164
1.41743
1.41754
1.41644
1.41606
1.41635
1.4173
1.41833
1.419
1.41908
1.41876
1.41833
1.418
1.41769
1.41734
1.41707
1.4167
1.4163
1.41606
1.4164
1.41692
1.41759
1.41815
1.41833
1.41834
1.41818
1.41795
1.41777
1.4176
1.41739
1.41715
1.41708
1.41716
1.41729
1.41759
1.41814
1.41892
1.42005
1.42194
1.42546
1.43106
1.43748
1.44113
1.44194
1.44217
1.44239
1.44263
1.44288
1.44309
1.44324
1.44325
1.44304
1.44273
1.4423
1.44179
1.44127
1.44072
1.44003
1.43947
0.62007
0.620151
0.63683
0.88898
1.29263
1.41283
1.42572
1.41787
1.41445
1.41707
1.41894
1.41823
1.41625
1.41614
1.41652
1.41727
1.41834
1.41876
1.41849
1.4181
1.4179
1.41771
1.41734
1.41694
1.41673
1.41651
1.41637
1.41648
1.41698
1.41752
1.41802
1.41818
1.41812
1.41789
1.41757
1.41733
1.41722
1.41715
1.41703
1.41684
1.41679
1.41683
1.41694
1.41727
1.41786
1.4187
1.42001
1.42237
1.42665
1.4329
1.43926
1.44169
1.44212
1.44225
1.4423
1.44248
1.44273
1.44296
1.44312
1.44308
1.44287
1.44252
1.44205
1.44149
1.44095
1.44036
1.43966
1.43915
0.62007
0.62007
0.620133
0.635253
0.867293
1.29596
1.41034
1.4134
1.41408
1.4208
1.42136
1.41853
1.41696
1.41733
1.41742
1.41774
1.41818
1.41798
1.4177
1.41766
1.41771
1.41769
1.4174
1.41694
1.41663
1.41646
1.41661
1.41717
1.41803
1.41878
1.41905
1.41882
1.41828
1.4177
1.41717
1.41688
1.41682
1.41682
1.41678
1.41673
1.41673
1.41677
1.41692
1.41731
1.41794
1.41884
1.42033
1.42319
1.42817
1.43481
1.44039
1.44186
1.4421
1.44217
1.44215
1.44219
1.44237
1.44255
1.44265
1.44265
1.44249
1.44216
1.44169
1.44112
1.4406
1.44006
1.43946
1.43902
0.62007
0.62007
0.62007
0.620127
0.6319
0.862096
1.278
1.39882
1.4189
1.4261
1.42042
1.41687
1.4175
1.41828
1.41804
1.41799
1.41786
1.4176
1.41745
1.41761
1.41781
1.41782
1.41765
1.4172
1.41666
1.41649
1.41682
1.41761
1.41865
1.41953
1.41971
1.4194
1.41875
1.41791
1.41708
1.41674
1.4167
1.41673
1.41672
1.41677
1.41682
1.41691
1.41718
1.41766
1.41826
1.41918
1.4209
1.42427
1.4299
1.43668
1.44101
1.44189
1.442
1.44204
1.44202
1.44197
1.44203
1.44216
1.4422
1.44219
1.44209
1.44177
1.44132
1.44077
1.44023
1.43974
1.43925
1.4389
0.62007
0.62007
0.62007
0.62007
0.620107
0.631904
0.83775
1.2485
1.40722
1.42688
1.41093
1.41257
1.41846
1.41819
1.4179
1.41771
1.41755
1.41736
1.41737
1.4176
1.41791
1.41798
1.41788
1.41751
1.41685
1.41659
1.4169
1.41774
1.41884
1.41976
1.41994
1.41964
1.41901
1.41817
1.41734
1.41685
1.41683
1.41687
1.41693
1.41701
1.41703
1.41713
1.41748
1.41811
1.41877
1.41969
1.42166
1.42563
1.43182
1.43835
1.4414
1.44189
1.44195
1.44197
1.44197
1.4419
1.44188
1.44195
1.44196
1.44193
1.44185
1.44153
1.44111
1.44059
1.44002
1.43948
1.439
1.43866
0.62007
0.62007
0.62007
0.62007
0.62007
0.620109
0.628034
0.814795
1.23749
1.41089
1.4009
1.41746
1.42321
1.41859
1.41736
1.41737
1.41733
1.41717
1.41731
1.4175
1.41779
1.41795
1.41789
1.41765
1.41709
1.41671
1.41692
1.41758
1.41849
1.4194
1.41971
1.41945
1.4189
1.41823
1.41769
1.41747
1.41753
1.41761
1.41758
1.41741
1.41725
1.41727
1.41759
1.41824
1.41909
1.42034
1.42284
1.42751
1.43395
1.43975
1.44171
1.44195
1.44199
1.44202
1.44204
1.442
1.44196
1.44199
1.44198
1.44191
1.44181
1.44151
1.44109
1.44057
1.43999
1.43941
1.43884
1.43839
0.62007
0.62007
0.62007
0.62007
0.62007
0.62007
0.62009
0.626635
0.786182
1.20504
1.38286
1.43555
1.42588
1.41659
1.41595
1.41709
1.41765
1.41745
1.41736
1.41746
1.41767
1.41781
1.41779
1.41767
1.41736
1.41687
1.41697
1.41741
1.4179
1.41847
1.41869
1.41845
1.41813
1.41792
1.41786
1.41809
1.41835
1.41845
1.41831
1.41783
1.41738
1.41728
1.41747
1.41811
1.4192
1.42092
1.42412
1.42959
1.43612
1.44085
1.44198
1.44206
1.44207
1.44211
1.44219
1.44218
1.44211
1.44212
1.4421
1.44202
1.44188
1.44158
1.44115
1.44063
1.44005
1.43944
1.43882
1.43829
0.62007
0.62007
0.62007
0.62007
0.62007
0.62007
0.62007
0.620085
0.624448
0.75946
1.16169
1.41224
1.41527
1.41204
1.41663
1.41718
1.4178
1.41788
1.41793
1.41811
1.41807
1.41785
1.41774
1.41766
1.41751
1.41721
1.41709
1.4172
1.41737
1.41763
1.41777
1.41761
1.41749
1.41747
1.41777
1.41841
1.41889
1.41897
1.41877
1.41816
1.4174
1.41718
1.41734
1.41793
1.41921
1.42153
1.42549
1.43162
1.43805
1.44162
1.44221
1.44221
1.44219
1.44221
1.44233
1.4424
1.44235
1.44232
1.4423
1.44221
1.44204
1.44175
1.44133
1.44081
1.44025
1.43963
1.43895
1.4383
0.62007
0.62007
0.62007
0.62007
0.62007
0.62007
0.62007
0.62007
0.620078
0.622841
0.735526
1.13486
1.38409
1.41486
1.4173
1.41779
1.41903
1.41937
1.4196
1.41964
1.4194
1.41868
1.41804
1.41771
1.41751
1.41737
1.41717
1.41708
1.41701
1.41708
1.41729
1.41732
1.41733
1.41734
1.41775
1.41846
1.41914
1.41925
1.41898
1.41838
1.41753
1.41714
1.41732
1.41797
1.41937
1.42212
1.42684
1.43342
1.43954
1.4421
1.44242
1.44241
1.44236
1.44231
1.44237
1.44249
1.44252
1.4425
1.44247
1.44236
1.44216
1.44187
1.44148
1.44099
1.44043
1.43984
1.43918
1.43851
0.62007
0.62007
0.62007
0.62007
0.62007
0.62007
0.62007
0.62007
0.62007
0.620075
0.621987
0.709467
1.08721
1.37357
1.41977
1.42077
1.42147
1.42155
1.4214
1.42103
1.42042
1.41951
1.41881
1.41847
1.41813
1.41778
1.41724
1.41696
1.41693
1.41714
1.41745
1.41748
1.4175
1.41768
1.41811
1.41868
1.41927
1.41937
1.41905
1.41855
1.41782
1.4173
1.41749
1.41817
1.41975
1.42298
1.42831
1.43508
1.44055
1.4424
1.44264
1.44263
1.44257
1.4425
1.44246
1.44249
1.44254
1.44254
1.44251
1.44241
1.4422
1.44188
1.4415
1.44106
1.4405
1.43993
1.43931
1.4387
0.62007
0.62007
0.62007
0.62007
0.62007
0.62007
0.62007
0.62007
0.62007
0.62007
0.620073
0.621232
0.686853
1.03218
1.36029
1.4183
1.42461
1.42058
1.41879
1.41957
1.42004
1.41979
1.4195
1.41941
1.41916
1.41847
1.41736
1.41672
1.41667
1.41718
1.4181
1.41843
1.41851
1.41857
1.41872
1.41887
1.4193
1.41933
1.419
1.41862
1.41815
1.41771
1.4179
1.41871
1.42053
1.42418
1.43002
1.4367
1.44126
1.44268
1.44292
1.44293
1.44289
1.4428
1.44268
1.44262
1.44262
1.44258
1.44247
1.44236
1.44215
1.44182
1.44143
1.44101
1.44051
1.43993
1.43932
1.43876
0.62007
0.62007
0.62007
0.62007
0.62007
0.62007
0.62007
0.62007
0.62007
0.62007
0.62007
0.620071
0.620694
0.667599
0.98405
1.32809
1.40507
1.41273
1.4146
1.41841
1.41962
1.41962
1.41968
1.41962
1.41978
1.41892
1.4175
1.41642
1.41633
1.41718
1.4185
1.41923
1.41951
1.41942
1.41915
1.41895
1.41895
1.41889
1.41869
1.41849
1.41828
1.41813
1.41844
1.41941
1.42156
1.42568
1.4319
1.43822
1.44192
1.44293
1.44319
1.44322
1.44318
1.44311
1.44298
1.44281
1.44272
1.44265
1.44246
1.44222
1.44196
1.44162
1.44121
1.44084
1.44044
1.43987
1.43926
1.43868
0.62007
0.62007
0.62007
0.62007
0.62007
0.62007
0.62007
0.62007
0.62007
0.62007
0.62007
0.62007
0.620071
0.620421
0.650852
0.926041
1.30081
1.41058
1.41625
1.42153
1.41986
1.41778
1.41805
1.41852
1.41923
1.41845
1.41706
1.41577
1.41576
1.41691
1.41857
1.41954
1.41985
1.4197
1.41922
1.41873
1.41834
1.41811
1.41804
1.41811
1.41822
1.41832
1.41876
1.41992
1.42249
1.42722
1.43368
1.43942
1.44239
1.44315
1.44338
1.4434
1.44335
1.44332
1.44322
1.443
1.4428
1.44266
1.44242
1.44204
1.44171
1.44136
1.44093
1.44051
1.4401
1.43956
1.43896
1.43839
0.62007
0.62007
0.62007
0.62007
0.62007
0.62007
0.62007
0.62007
0.62007
0.62007
0.62007
0.62007
0.62007
0.62007
0.620235
0.640968
0.865142
1.25174
1.40893
1.42485
1.41844
1.41351
1.41573
1.41701
1.41849
1.41783
1.4168
1.41564
1.41554
1.41662
1.4182
1.41919
1.41955
1.41938
1.41886
1.41842
1.4181
1.41797
1.41784
1.41789
1.41803
1.41831
1.41893
1.42035
1.42338
1.42863
1.43512
1.44017
1.44247
1.44306
1.44324
1.44326
1.44323
1.44323
1.44321
1.44307
1.44286
1.44265
1.44229
1.44182
1.44144
1.44108
1.44067
1.44027
1.43987
1.43933
1.43872
1.43811
0.62007
0.62007
0.62007
0.62007
0.62007
0.62007
0.62007
0.62007
0.62007
0.62007
0.62007
0.62007
0.62007
0.62007
0.62007
0.620158
0.630344
0.813653
1.21413
1.39938
1.40503
1.41302
1.41499
1.41729
1.41811
1.41753
1.41668
1.41582
1.416
1.41697
1.41837
1.41916
1.41916
1.41894
1.41862
1.41841
1.41831
1.41826
1.41809
1.41794
1.41803
1.4183
1.41898
1.42068
1.42433
1.43014
1.43635
1.44074
1.44248
1.44291
1.443
1.44295
1.44288
1.44291
1.44296
1.44291
1.44277
1.44254
1.44216
1.44168
1.44129
1.4409
1.44049
1.4401
1.43971
1.43918
1.43855
1.43787
0.62007
0.62007
0.62007
0.62007
0.62007
0.62007
0.62007
0.62007
0.62007
0.62007
0.62007
0.62007
0.62007
0.62007
0.62007
0.62007
0.620099
0.626352
0.758333
1.15573
1.37098
1.42649
1.42171
1.4193
1.4192
1.41783
1.41661
1.41657
1.4173
1.41856
1.41943
1.41948
1.41904
1.41865
1.4187
1.41881
1.41895
1.41899
1.41872
1.41828
1.4182
1.41846
1.41923
1.42134
1.42569
1.43189
1.43765
1.44124
1.44254
1.44282
1.44291
1.44285
1.44269
1.44269
1.44275
1.44277
1.44267
1.44245
1.44209
1.44164
1.44124
1.44085
1.44044
1.44005
1.43964
1.43911
1.43842
1.43764
0.62007
0.62007
0.62007
0.62007
0.62007
0.62007
0.62007
0.62007
0.62007
0.62007
0.62007
0.62007
0.62007
0.62007
0.62007
0.62007
0.62007
0.620083
0.622853
0.718688
1.07301
1.37511
1.41272
1.41851
1.42055
1.41812
1.41608
1.41627
1.41758
1.41977
1.42039
1.42011
1.41924
1.41867
1.41879
1.41921
1.41955
1.41955
1.41917
1.41856
1.41845
1.41875
1.41979
1.42246
1.42756
1.4339
1.43893
1.44166
1.44262
1.44288
1.44299
1.44292
1.44275
1.44273
1.44274
1.44275
1.44265
1.44242
1.44208
1.44165
1.44127
1.4409
1.44048
1.44008
1.43963
1.43908
1.43835
1.43747
0.62007
0.62007
0.62007
0.62007
0.62007
0.62007
0.62007
0.62007
0.62007
0.62007
0.62007
0.62007
0.62007
0.62007
0.62007
0.62007
0.62007
0.62007
0.620074
0.621397
0.682628
1.0059
1.32089
1.41811
1.42611
1.41856
1.41447
1.41568
1.41757
1.41999
1.42039
1.42001
1.41892
1.41847
1.41868
1.41922
1.41957
1.41949
1.41902
1.4185
1.41854
1.419
1.42049
1.42391
1.42966
1.43576
1.43988
1.44191
1.44273
1.44305
1.44322
1.44316
1.44294
1.44285
1.44281
1.44278
1.44264
1.44242
1.44212
1.44178
1.44147
1.44115
1.44079
1.44038
1.43987
1.43923
1.4384
1.43751
0.62007
0.62007
0.62007
0.62007
0.62007
0.62007
0.62007
0.62007
0.62007
0.62007
0.62007
0.62007
0.62007
0.62007
0.62007
0.62007
0.62007
0.62007
0.62007
0.620072
0.620642
0.655212
0.921331
1.28769
1.41638
1.4111
1.41374
1.41429
1.41622
1.41808
1.41823
1.41818
1.418
1.41813
1.41851
1.41905
1.419
1.41874
1.41834
1.41815
1.41849
1.41936
1.42138
1.42554
1.43162
1.43697
1.44023
1.44193
1.44276
1.44319
1.4435
1.4435
1.44326
1.44307
1.44296
1.44285
1.44264
1.44241
1.44214
1.4419
1.44166
1.44141
1.44114
1.44073
1.44013
1.4394
1.43847
1.43756
0.62007
0.62007
0.62007
0.62007
0.62007
0.62007
0.62007
0.62007
0.62007
0.62007
0.62007
0.62007
0.62007
0.62007
0.62007
0.62007
0.62007
0.62007
0.62007
0.62007
0.620071
0.620273
0.639421
0.832063
1.23732
1.39851
1.42351
1.41877
1.41758
1.41805
1.4175
1.41725
1.41759
1.41858
1.4194
1.41937
1.4189
1.41829
1.41807
1.41833
1.41895
1.42029
1.42286
1.42754
1.43336
1.43777
1.44032
1.44178
1.44267
1.44324
1.44368
1.44373
1.44344
1.44314
1.44297
1.44277
1.44256
1.44231
1.44202
1.44182
1.44168
1.44156
1.44135
1.4409
1.44025
1.43946
1.4385
1.43756
0.62007
0.62007
0.62007
0.62007
0.62007
0.62007
0.62007
0.62007
0.62007
0.62007
0.62007
0.62007
0.62007
0.62007
0.62007
0.62007
0.62007
0.62007
0.62007
0.62007
0.62007
0.62007
0.620146
0.627418
0.777238
1.15167
1.38726
1.42434
1.42274
1.42015
1.41935
1.41804
1.41814
1.41937
1.42027
1.42006
1.41919
1.41821
1.41823
1.41887
1.42017
1.422
1.42493
1.42981
1.43503
1.4386
1.44061
1.44184
1.44278
1.44347
1.44389
1.44383
1.44343
1.44312
1.44294
1.44273
1.44252
1.44229
1.44199
1.44161
1.44133
1.44117
1.44106
1.44077
1.44015
1.43935
1.43837
1.43743
0.62007
0.62007
0.62007
0.62007
0.62007
0.62007
0.62007
0.62007
0.62007
0.62007
0.62007
0.62007
0.62007
0.62007
0.62007
0.62007
0.62007
0.62007
0.62007
0.62007
0.62007
0.62007
0.62007
0.620086
0.623647
0.718819
1.07055
1.34578
1.40967
1.42196
1.4201
1.41932
1.4189
1.41962
1.41991
1.41958
1.41867
1.4179
1.41825
1.41913
1.42084
1.42301
1.42642
1.43152
1.43638
1.43939
1.44096
1.44197
1.44293
1.44368
1.44406
1.44397
1.44357
1.44325
1.44306
1.44291
1.44273
1.4425
1.44215
1.44163
1.44099
1.44052
1.44015
1.43986
1.43943
1.43873
1.43784
1.43695
0.62007
0.62007
0.62007
0.62007
0.62007
0.62007
0.62007
0.62007
0.62007
0.62007
0.62007
0.62007
0.62007
0.62007
0.62007
0.62007
0.62007
0.62007
0.62007
0.62007
0.62007
0.62007
0.62007
0.62007
0.620076
0.621406
0.674826
0.973986
1.3001
1.41471
1.41984
1.41908
1.41778
1.4174
1.41744
1.41725
1.41711
1.41706
1.41746
1.41834
1.4202
1.42268
1.4266
1.43201
1.43703
1.43979
1.44107
1.44195
1.44278
1.44353
1.44395
1.444
1.44376
1.44353
1.44338
1.44334
1.44328
1.44302
1.44261
1.44189
1.44092
1.44006
1.43944
1.43893
1.4385
1.43793
1.43715
1.4362
0.62007
0.62007
0.62007
0.62007
0.62007
0.62007
0.62007
0.62007
0.62007
0.62007
0.62007
0.62007
0.62007
0.62007
0.62007
0.62007
0.62007
0.62007
0.62007
0.62007
0.62007
0.62007
0.62007
0.62007
0.62007
0.620072
0.620504
0.6486
0.856884
1.25713
1.39789
1.41717
1.41584
1.41543
1.41631
1.41677
1.41732
1.41738
1.41742
1.41806
1.41976
1.42226
1.42662
1.43257
1.4376
1.43992
1.44104
1.44172
1.44236
1.44297
1.44347
1.44367
1.44372
1.44372
1.44369
1.4437
1.44372
1.4435
1.44308
1.44241
1.44128
1.43994
1.43907
1.43851
1.43802
1.4375
1.43677
1.4358
0.62007
0.62007
0.62007
0.62007
0.62007
0.62007
0.62007
0.62007
0.62007
0.62007
0.62007
0.62007
0.62007
0.62007
0.62007
0.62007
0.62007
0.62007
0.62007
0.62007
0.62007
0.62007
0.62007
0.62007
0.62007
0.62007
0.620071
0.620212
0.629622
0.789517
1.15581
1.3893
1.42212
1.41941
1.41961
1.42014
1.42113
1.42107
1.42059
1.42045
1.42099
1.42336
1.42818
1.4343
1.43887
1.44066
1.44145
1.44183
1.44229
1.44289
1.44336
1.44355
1.44358
1.44351
1.44347
1.44355
1.44375
1.44363
1.44319
1.4426
1.44165
1.4403
1.43912
1.43847
1.43794
1.43744
1.43672
1.43576
0.62007
0.62007
0.62007
0.62007
0.62007
0.62007
0.62007
0.62007
0.62007
0.62007
0.62007
0.62007
0.62007
0.62007
0.62007
0.62007
0.62007
0.62007
0.62007
0.62007
0.62007
0.62007
0.62007
0.62007
0.62007
0.62007
0.62007
0.62007
0.620095
0.624227
0.719322
1.06299
1.33714
1.41513
1.42367
1.42383
1.42399
1.42342
1.42273
1.42251
1.42294
1.42545
1.43066
1.4366
1.4404
1.44183
1.44242
1.44253
1.44266
1.44327
1.44374
1.44395
1.44397
1.44374
1.44339
1.44311
1.44306
1.4432
1.44298
1.44248
1.44169
1.44054
1.43945
1.43879
1.43823
1.43766
1.43694
1.43603
0.62007
0.62007
0.62007
0.62007
0.62007
0.62007
0.62007
0.62007
0.62007
0.62007
0.62007
0.62007
0.62007
0.62007
0.62007
0.62007
0.62007
0.62007
0.62007
0.62007
0.62007
0.62007
0.62007
0.62007
0.62007
0.62007
0.62007
0.62007
0.62007
0.620077
0.621417
0.670422
0.946087
1.28741
1.4044
1.41757
1.41931
1.41807
1.41895
1.42082
1.42291
1.42631
1.43167
1.43732
1.44067
1.44221
1.44281
1.44311
1.4436
1.44444
1.44495
1.44512
1.44498
1.44435
1.44356
1.44299
1.44257
1.4424
1.44228
1.44196
1.44142
1.44051
1.4396
1.43906
1.43858
1.43807
1.43736
1.4365
0.62007
0.62007
0.62007
0.62007
0.62007
0.62007
0.62007
0.62007
0.62007
0.62007
0.62007
0.62007
0.62007
0.62007
0.62007
0.62007
0.62007
0.62007
0.62007
0.62007
0.62007
0.62007
0.62007
0.62007
0.62007
0.62007
0.62007
0.62007
0.62007
0.62007
0.620072
0.620427
0.642443
0.82569
1.22981
1.38648
1.40777
1.41003
1.41245
1.41666
1.42118
1.42643
1.43242
1.43688
1.43899
1.44045
1.44174
1.44285
1.44407
1.44519
1.44582
1.44602
1.44581
1.44512
1.4441
1.44321
1.4426
1.44215
1.44174
1.4413
1.44078
1.44011
1.43952
1.43904
1.43859
1.43812
1.43744
1.43661
0.62007
0.62007
0.62007
0.62007
0.62007
0.62007
0.62007
0.62007
0.62007
0.62007
0.62007
0.62007
0.62007
0.62007
0.62007
0.62007
0.62007
0.62007
0.62007
0.62007
0.62007
0.62007
0.62007
0.62007
0.62007
0.62007
0.62007
0.62007
0.62007
0.62007
0.62007
0.62007
0.620167
0.626556
0.759831
1.09546
1.37769
1.41462
1.41756
1.42006
1.42486
1.42987
1.43493
1.43705
1.43784
1.43871
1.44006
1.44179
1.44355
1.44508
1.44596
1.44618
1.44598
1.44533
1.44442
1.44377
1.44316
1.44247
1.44178
1.44103
1.4401
1.4392
1.43869
1.43833
1.43809
1.43778
1.43719
1.43638
0.62007
0.62007
0.62007
0.62007
0.62007
0.62007
0.62007
0.62007
0.62007
0.62007
0.62007
0.62007
0.62007
0.62007
0.62007
0.62007
0.62007
0.62007
0.62007
0.62007
0.62007
0.62007
0.62007
0.62007
0.62007
0.62007
0.62007
0.62007
0.62007
0.62007
0.62007
0.62007
0.62007
0.620084
0.622768
0.687073
0.998302
1.29292
1.41886
1.43034
1.43198
1.43523
1.43778
1.4382
1.43832
1.43939
1.44076
1.44233
1.44378
1.44464
1.44485
1.44475
1.44457
1.4443
1.44412
1.44393
1.44355
1.44291
1.44213
1.4411
1.43973
1.43837
1.43764
1.43715
1.43682
1.43645
1.43591
1.43509
0.62007
0.62007
0.62007
0.62007
0.62007
0.62007
0.62007
0.62007
0.62007
0.62007
0.62007
0.62007
0.62007
0.62007
0.62007
0.62007
0.62007
0.62007
0.62007
0.62007
0.62007
0.62007
0.62007
0.62007
0.62007
0.62007
0.62007
0.62007
0.62007
0.62007
0.62007
0.62007
0.62007
0.62007
0.620074
0.620709
0.651049
0.858285
1.23828
1.38066
1.41957
1.43167
1.43731
1.43986
1.44132
1.44214
1.44297
1.44395
1.44453
1.44452
1.444
1.44305
1.4423
1.44211
1.44222
1.44251
1.44292
1.44261
1.44183
1.44084
1.43943
1.43785
1.43696
1.43642
1.43596
1.43541
1.43476
1.43383
0.62007
0.62007
0.62007
0.62007
0.62007
0.62007
0.62007
0.62007
0.62007
0.62007
0.62007
0.62007
0.62007
0.62007
0.62007
0.62007
0.62007
0.62007
0.62007
0.62007
0.62007
0.62007
0.62007
0.62007
0.62007
0.62007
0.62007
0.62007
0.62007
0.62007
0.62007
0.62007
0.62007
0.62007
0.62007
0.620071
0.620226
0.629794
0.761486
1.11317
1.3745
1.44189
1.44499
1.44372
1.44388
1.44338
1.44362
1.44427
1.44461
1.44456
1.4441
1.44308
1.44199
1.44143
1.44107
1.44084
1.44098
1.44093
1.44025
1.43946
1.43837
1.43699
1.4362
1.43569
1.43526
1.43469
1.43391
1.43287
0.62007
0.62007
0.62007
0.62007
0.62007
0.62007
0.62007
0.62007
0.62007
0.62007
0.62007
0.62007
0.62007
0.62007
0.62007
0.62007
0.62007
0.62007
0.62007
0.62007
0.62007
0.62007
0.62007
0.62007
0.62007
0.62007
0.62007
0.62007
0.62007
0.62007
0.62007
0.62007
0.62007
0.62007
0.62007
0.62007
0.62007
0.620095
0.622682
0.695257
0.997528
1.32906
1.41587
1.43358
1.43757
1.43749
1.44014
1.4423
1.44361
1.44414
1.44437
1.444
1.44314
1.44188
1.44083
1.44015
1.43975
1.4396
1.43906
1.43835
1.4373
1.43593
1.43509
1.43454
1.43417
1.43372
1.4329
1.43187
0.62007
0.62007
0.62007
0.62007
0.62007
0.62007
0.62007
0.62007
0.62007
0.62007
0.62007
0.62007
0.62007
0.62007
0.62007
0.62007
0.62007
0.62007
0.62007
0.62007
0.62007
0.62007
0.62007
0.62007
0.62007
0.62007
0.62007
0.62007
0.62007
0.62007
0.62007
0.62007
0.62007
0.62007
0.62007
0.62007
0.62007
0.62007
0.620074
0.620853
0.650814
0.874515
1.24506
1.43433
1.44045
1.44052
1.44012
1.44101
1.44242
1.44314
1.44371
1.44384
1.44325
1.44196
1.44052
1.43982
1.43933
1.43906
1.43858
1.43789
1.43681
1.4354
1.4344
1.43373
1.43319
1.43257
1.43171
1.43066
0.62007
0.62007
0.62007
0.62007
0.62007
0.62007
0.62007
0.62007
0.62007
0.62007
0.62007
0.62007
0.62007
0.62007
0.62007
0.62007
0.62007
0.62007
0.62007
0.62007
0.62007
0.62007
0.62007
0.62007
0.62007
0.62007
0.62007
0.62007
0.62007
0.62007
0.62007
0.62007
0.62007
0.62007
0.62007
0.62007
0.62007
0.62007
0.62007
0.620071
0.620228
0.631063
0.770964
1.16808
1.38145
1.44671
1.44544
1.44074
1.44078
1.44209
1.44203
1.442
1.44165
1.44087
1.43998
1.43936
1.43895
1.43857
1.43805
1.43734
1.43637
1.43518
1.43425
1.43358
1.43277
1.43187
1.43085
1.42976
0.62007
0.62007
0.62007
0.62007
0.62007
0.62007
0.62007
0.62007
0.62007
0.62007
0.62007
0.62007
0.62007
0.62007
0.62007
0.62007
0.62007
0.62007
0.62007
0.62007
0.62007
0.62007
0.62007
0.62007
0.62007
0.62007
0.62007
0.62007
0.62007
0.62007
0.62007
0.62007
0.62007
0.62007
0.62007
0.62007
0.62007
0.62007
0.62007
0.62007
0.62007
0.620099
0.623179
0.709552
1.0231
1.37219
1.43491
1.43729
1.44205
1.44228
1.44095
1.4408
1.4408
1.44023
1.43952
1.43889
1.43837
1.43775
1.43701
1.43627
1.43559
1.43494
1.43435
1.43356
1.43256
1.43146
1.43029
1.42908
0.62007
0.62007
0.62007
0.62007
0.62007
0.62007
0.62007
0.62007
0.62007
0.62007
0.62007
0.62007
0.62007
0.62007
0.62007
0.62007
0.62007
0.62007
0.62007
0.62007
0.62007
0.62007
0.62007
0.62007
0.62007
0.62007
0.62007
0.62007
0.62007
0.62007
0.62007
0.62007
0.62007
0.62007
0.62007
0.62007
0.62007
0.62007
0.62007
0.62007
0.62007
0.62007
0.620075
0.621099
0.658978
0.914775
1.28151
1.43306
1.45481
1.4505
1.44417
1.44187
1.44184
1.44107
1.44016
1.43929
1.43849
1.43761
1.43658
1.43549
1.43454
1.43394
1.43365
1.43309
1.43224
1.43126
1.43016
1.42884
0.62007
0.62007
0.62007
0.62007
0.62007
0.62007
0.62007
0.62007
0.62007
0.62007
0.62007
0.62007
0.62007
0.62007
0.62007
0.62007
0.62007
0.62007
0.62007
0.62007
0.62007
0.62007
0.62007
0.62007
0.62007
0.62007
0.62007
0.62007
0.62007
0.62007
0.62007
0.62007
0.62007
0.62007
0.62007
0.62007
0.62007
0.62007
0.62007
0.62007
0.62007
0.62007
0.62007
0.620071
0.620311
0.634822
0.808907
1.18774
1.41721
1.43346
1.43618
1.4384
1.4414
1.442
1.4415
1.44087
1.44029
1.43934
1.43797
1.43613
1.4343
1.43318
1.43246
1.43213
1.43167
1.43088
1.42991
1.4286
0.62007
0.62007
0.62007
0.62007
0.62007
0.62007
0.62007
0.62007
0.62007
0.62007
0.62007
0.62007
0.62007
0.62007
0.62007
0.62007
0.62007
0.62007
0.62007
0.62007
0.62007
0.62007
0.62007
0.62007
0.62007
0.62007
0.62007
0.62007
0.62007
0.62007
0.62007
0.62007
0.62007
0.62007
0.62007
0.62007
0.62007
0.62007
0.62007
0.62007
0.62007
0.62007
0.62007
0.62007
0.62007
0.620118
0.625151
0.721465
1.0719
1.36201
1.43964
1.44841
1.44609
1.44417
1.44175
1.44099
1.44069
1.44026
1.43927
1.43768
1.43527
1.43302
1.43201
1.43154
1.43121
1.43046
1.42953
1.42834
0.62007
0.62007
0.62007
0.62007
0.62007
0.62007
0.62007
0.62007
0.62007
0.62007
0.62007
0.62007
0.62007
0.62007
0.62007
0.62007
0.62007
0.62007
0.62007
0.62007
0.62007
0.62007
0.62007
0.62007
0.62007
0.62007
0.62007
0.62007
0.62007
0.62007
0.62007
0.62007
0.62007
0.62007
0.62007
0.62007
0.62007
0.62007
0.62007
0.62007
0.62007
0.62007
0.62007
0.62007
0.62007
0.62007
0.620079
0.621399
0.669077
0.93791
1.29432
1.44078
1.44124
1.43969
1.43632
1.43473
1.4353
1.43759
1.43852
1.4377
1.43581
1.43344
1.43221
1.43157
1.43111
1.43035
1.42942
1.42831
0.62007
0.62007
0.62007
0.62007
0.62007
0.62007
0.62007
0.62007
0.62007
0.62007
0.62007
0.62007
0.62007
0.62007
0.62007
0.62007
0.62007
0.62007
0.62007
0.62007
0.62007
0.62007
0.62007
0.62007
0.62007
0.62007
0.62007
0.62007
0.62007
0.62007
0.62007
0.62007
0.62007
0.62007
0.62007
0.62007
0.62007
0.62007
0.62007
0.62007
0.62007
0.62007
0.62007
0.62007
0.62007
0.62007
0.62007
0.620072
0.620423
0.639024
0.810809
1.21232
1.41173
1.43816
1.43466
1.4324
1.43325
1.43573
1.43714
1.43617
1.43483
1.43341
1.43242
1.43179
1.43114
1.43032
1.42942
1.4285
0.62007
0.62007
0.62007
0.62007
0.62007
0.62007
0.62007
0.62007
0.62007
0.62007
0.62007
0.62007
0.62007
0.62007
0.62007
0.62007
0.62007
0.62007
0.62007
0.62007
0.62007
0.62007
0.62007
0.62007
0.62007
0.62007
0.62007
0.62007
0.62007
0.62007
0.62007
0.62007
0.62007
0.62007
0.62007
0.62007
0.62007
0.62007
0.62007
0.62007
0.62007
0.62007
0.62007
0.62007
0.62007
0.62007
0.62007
0.62007
0.62007
0.620139
0.625283
0.735743
1.07196
1.36581
1.44474
1.44433
1.44357
1.44157
1.43701
1.43502
1.43413
1.43354
1.43268
1.43175
1.43087
1.42999
1.42926
1.42849
0.62007
0.62007
0.62007
0.62007
0.62007
0.62007
0.62007
0.62007
0.62007
0.62007
0.62007
0.62007
0.62007
0.62007
0.62007
0.62007
0.62007
0.62007
0.62007
0.62007
0.62007
0.62007
0.62007
0.62007
0.62007
0.62007
0.62007
0.62007
0.62007
0.62007
0.62007
0.62007
0.62007
0.62007
0.62007
0.62007
0.62007
0.62007
0.62007
0.62007
0.62007
0.62007
0.62007
0.62007
0.62007
0.62007
0.62007
0.62007
0.62007
0.62007
0.62008
0.621795
0.671531
0.935384
1.28666
1.41699
1.44734
1.44473
1.43608
1.43506
1.43495
1.43468
1.43351
1.43167
1.43046
1.42948
1.42884
1.42819
0.62007
0.62007
0.62007
0.62007
0.62007
0.62007
0.62007
0.62007
0.62007
0.62007
0.62007
0.62007
0.62007
0.62007
0.62007
0.62007
0.62007
0.62007
0.62007
0.62007
0.62007
0.62007
0.62007
0.62007
0.62007
0.62007
0.62007
0.62007
0.62007
0.62007
0.62007
0.62007
0.62007
0.62007
0.62007
0.62007
0.62007
0.62007
0.62007
0.62007
0.62007
0.62007
0.62007
0.62007
0.62007
0.62007
0.62007
0.62007
0.62007
0.62007
0.62007
0.620072
0.62044
0.637549
0.809173
1.16901
1.41285
1.42597
1.42702
1.43131
1.43655
1.43598
1.43421
1.43176
1.43032
1.42933
1.42871
1.42793
0.62007
0.62007
0.62007
0.62007
0.62007
0.62007
0.62007
0.62007
0.62007
0.62007
0.62007
0.62007
0.62007
0.62007
0.62007
0.62007
0.62007
0.62007
0.62007
0.62007
0.62007
0.62007
0.62007
0.62007
0.62007
0.62007
0.62007
0.62007
0.62007
0.62007
0.62007
0.62007
0.62007
0.62007
0.62007
0.62007
0.62007
0.62007
0.62007
0.62007
0.62007
0.62007
0.62007
0.62007
0.62007
0.62007
0.62007
0.62007
0.62007
0.62007
0.62007
0.62007
0.62007
0.620132
0.625168
0.710156
1.03487
1.32552
1.43163
1.44435
1.444
1.43833
1.43401
1.43115
1.43028
1.42973
1.42928
1.42835
0.62007
0.62007
0.62007
0.62007
0.62007
0.62007
0.62007
0.62007
0.62007
0.62007
0.62007
0.62007
0.62007
0.62007
0.62007
0.62007
0.62007
0.62007
0.62007
0.62007
0.62007
0.62007
0.62007
0.62007
0.62007
0.62007
0.62007
0.62007
0.62007
0.62007
0.62007
0.62007
0.62007
0.62007
0.62007
0.62007
0.62007
0.62007
0.62007
0.62007
0.62007
0.62007
0.62007
0.62007
0.62007
0.62007
0.62007
0.62007
0.62007
0.62007
0.62007
0.62007
0.62007
0.62007
0.620079
0.621122
0.657248
0.871255
1.24792
1.40729
1.4303
1.43091
1.43065
1.43033
1.43032
1.43038
1.43009
1.42904
0.62007
0.62007
0.62007
0.62007
0.62007
0.62007
0.62007
0.62007
0.62007
0.62007
0.62007
0.62007
0.62007
0.62007
0.62007
0.62007
0.62007
0.62007
0.62007
0.62007
0.62007
0.62007
0.62007
0.62007
0.62007
0.62007
0.62007
0.62007
0.62007
0.62007
0.62007
0.62007
0.62007
0.62007
0.62007
0.62007
0.62007
0.62007
0.62007
0.62007
0.62007
0.62007
0.62007
0.62007
0.62007
0.62007
0.62007
0.62007
0.62007
0.62007
0.62007
0.62007
0.62007
0.62007
0.62007
0.620071
0.62029
0.630443
0.756791
1.10306
1.35763
1.43927
1.4407
1.43746
1.43385
1.43095
1.42932
1.42846
0.62007
0.62007
0.62007
0.62007
0.62007
0.62007
0.62007
0.62007
0.62007
0.62007
0.62007
0.62007
0.62007
0.62007
0.62007
0.62007
0.62007
0.62007
0.62007
0.62007
0.62007
0.62007
0.62007
0.62007
0.62007
0.62007
0.62007
0.62007
0.62007
0.62007
0.62007
0.62007
0.62007
0.62007
0.62007
0.62007
0.62007
0.62007
0.62007
0.62007
0.62007
0.62007
0.62007
0.62007
0.62007
0.62007
0.62007
0.62007
0.62007
0.62007
0.62007
0.62007
0.62007
0.62007
0.62007
0.62007
0.62007
0.620097
0.622412
0.682146
0.926025
1.29818
1.40434
1.42625
1.42807
1.42485
1.42521
1.42704
0.62007
0.62007
0.62007
0.62007
0.62007
0.62007
0.62007
0.62007
0.62007
0.62007
0.62007
0.62007
0.62007
0.62007
0.62007
0.62007
0.62007
0.62007
0.62007
0.62007
0.62007
0.62007
0.62007
0.62007
0.62007
0.62007
0.62007
0.62007
0.62007
0.62007
0.62007
0.62007
0.62007
0.62007
0.62007
0.62007
0.62007
0.62007
0.62007
0.62007
0.62007
0.62007
0.62007
0.62007
0.62007
0.62007
0.62007
0.62007
0.62007
0.62007
0.62007
0.62007
0.62007
0.62007
0.62007
0.62007
0.62007
0.62007
0.620073
0.620603
0.636702
0.800062
1.12443
1.38953
1.4359
1.42509
1.42805
1.42899
0.62007
0.62007
0.62007
0.62007
0.62007
0.62007
0.62007
0.62007
0.62007
0.62007
0.62007
0.62007
0.62007
0.62007
0.62007
0.62007
0.62007
0.62007
0.62007
0.62007
0.62007
0.62007
0.62007
0.62007
0.62007
0.62007
0.62007
0.62007
0.62007
0.62007
0.62007
0.62007
0.62007
0.62007
0.62007
0.62007
0.62007
0.62007
0.62007
0.62007
0.62007
0.62007
0.62007
0.62007
0.62007
0.62007
0.62007
0.62007
0.62007
0.62007
0.62007
0.62007
0.62007
0.62007
0.62007
0.62007
0.62007
0.62007
0.62007
0.620071
0.620128
0.624328
0.692278
0.972697
1.28359
1.41002
1.43848
1.43689
0.62007
0.62007
0.62007
0.62007
0.62007
0.62007
0.62007
0.62007
0.62007
0.62007
0.62007
0.62007
0.62007
0.62007
0.62007
0.62007
0.62007
0.62007
0.62007
0.62007
0.62007
0.62007
0.62007
0.62007
0.62007
0.62007
0.62007
0.62007
0.62007
0.62007
0.62007
0.62007
0.62007
0.62007
0.62007
0.62007
0.62007
0.62007
0.62007
0.62007
0.62007
0.62007
0.62007
0.62007
0.62007
0.62007
0.62007
0.62007
0.62007
0.62007
0.62007
0.62007
0.62007
0.62007
0.62007
0.62007
0.62007
0.62007
0.62007
0.62007
0.62007
0.620077
0.620778
0.642743
0.806605
1.15098
1.37859
1.41676
0.62007
0.62007
0.62007
0.62007
0.62007
0.62007
0.62007
0.62007
0.62007
0.62007
0.62007
0.62007
0.62007
0.62007
0.62007
0.62007
0.62007
0.62007
0.62007
0.62007
0.62007
0.62007
0.62007
0.62007
0.62007
0.62007
0.62007
0.62007
0.62007
0.62007
0.62007
0.62007
0.62007
0.62007
0.62007
0.62007
0.62007
0.62007
0.62007
0.62007
0.62007
0.62007
0.62007
0.62007
0.62007
0.62007
0.62007
0.62007
0.62007
0.62007
0.62007
0.62007
0.62007
0.62007
0.62007
0.62007
0.62007
0.62007
0.62007
0.62007
0.62007
0.62007
0.620071
0.620162
0.625026
0.699872
0.966717
1.282
0.62007
0.62007
0.62007
0.62007
0.62007
0.62007
0.62007
0.62007
0.62007
0.62007
0.62007
0.62007
0.62007
0.62007
0.62007
0.62007
0.62007
0.62007
0.62007
0.62007
0.62007
0.62007
0.62007
0.62007
0.62007
0.62007
0.62007
0.62007
0.62007
0.62007
0.62007
0.62007
0.62007
0.62007
0.62007
0.62007
0.62007
0.62007
0.62007
0.62007
0.62007
0.62007
0.62007
0.62007
0.62007
0.62007
0.62007
0.62007
0.62007
0.62007
0.62007
0.62007
0.62007
0.62007
0.62007
0.62007
0.62007
0.62007
0.62007
0.62007
0.62007
0.62007
0.62007
0.62007
0.620079
0.620866
0.64536
0.779699
0.62007
0.62007
0.62007
0.62007
0.62007
0.62007
0.62007
0.62007
0.62007
0.62007
0.62007
0.62007
0.62007
0.62007
0.62007
0.62007
0.62007
0.62007
0.62007
0.62007
0.62007
0.62007
0.62007
0.62007
0.62007
0.62007
0.62007
0.62007
0.62007
0.62007
0.62007
0.62007
0.62007
0.62007
0.62007
0.62007
0.62007
0.62007
0.62007
0.62007
0.62007
0.62007
0.62007
0.62007
0.62007
0.62007
0.62007
0.62007
0.62007
0.62007
0.62007
0.62007
0.62007
0.62007
0.62007
0.62007
0.62007
0.62007
0.62007
0.62007
0.62007
0.62007
0.62007
0.62007
0.62007
0.620071
0.620337
0.612547
0.62007
0.62007
0.62007
0.62007
0.62007
0.62007
0.62007
0.62007
0.62007
0.62007
0.62007
0.62007
0.62007
0.62007
0.62007
0.62007
0.62007
0.62007
0.62007
0.62007
0.62007
0.62007
0.62007
0.62007
0.62007
0.62007
0.62007
0.62007
0.62007
0.62007
0.62007
0.62007
0.62007
0.62007
0.62007
0.62007
0.62007
0.62007
0.62007
0.62007
0.62007
0.62007
0.62007
0.62007
0.62007
0.62007
0.62007
0.62007
0.62007
0.62007
0.62007
0.62007
0.62007
0.62007
0.62007
0.62007
0.62007
0.62007
0.62007
0.62007
0.62007
0.62007
0.62007
0.62007
0.62007
0.62007
0.620071
0.619115
0.62007
0.62007
0.62007
0.62007
0.62007
0.62007
0.62007
0.62007
0.62007
0.62007
0.62007
0.62007
0.62007
0.62007
0.62007
0.62007
0.62007
0.62007
0.62007
0.62007
0.62007
0.62007
0.62007
0.62007
0.62007
0.62007
0.62007
0.62007
0.62007
0.62007
0.62007
0.62007
0.62007
0.62007
0.62007
0.62007
0.62007
0.62007
0.62007
0.62007
0.62007
0.62007
0.62007
0.62007
0.62007
0.62007
0.62007
0.62007
0.62007
0.62007
0.62007
0.62007
0.62007
0.62007
0.62007
0.62007
0.62007
0.62007
0.62007
0.62007
0.62007
0.62007
0.62007
0.62007
0.62007
0.62007
0.62007
0.620057
0.62007
0.62007
0.62007
0.62007
0.62007
0.62007
0.62007
0.62007
0.62007
0.62007
0.62007
0.62007
0.62007
0.62007
0.62007
0.62007
0.62007
0.62007
0.62007
0.62007
0.62007
0.62007
0.62007
0.62007
0.62007
0.62007
0.62007
0.62007
0.62007
0.62007
0.62007
0.62007
0.62007
0.62007
0.62007
0.62007
0.62007
0.62007
0.62007
0.62007
0.62007
0.62007
0.62007
0.62007
0.62007
0.62007
0.62007
0.62007
0.62007
0.62007
0.62007
0.62007
0.62007
0.62007
0.62007
0.62007
0.62007
0.62007
0.62007
0.62007
0.62007
0.62007
0.62007
0.62007
0.62007
0.62007
0.62007
0.62007
0.62007
0.62007
0.62007
0.62007
0.62007
0.62007
0.62007
0.62007
0.62007
0.62007
0.62007
0.62007
0.62007
0.62007
0.62007
0.62007
0.62007
0.62007
0.62007
0.62007
0.62007
0.62007
0.62007
0.62007
0.62007
0.62007
0.62007
0.62007
0.62007
0.62007
0.62007
0.62007
0.62007
0.62007
0.62007
0.62007
0.62007
0.62007
0.62007
0.62007
0.62007
0.62007
0.62007
0.62007
0.62007
0.62007
0.62007
0.62007
0.62007
0.62007
0.62007
0.62007
0.62007
0.62007
0.62007
0.62007
0.62007
0.62007
0.62007
0.62007
0.62007
0.62007
0.62007
0.62007
0.62007
0.62007
0.62007
0.62007
0.62007
0.62007
0.62007
0.62007
0.62007
0.62007
0.62007
0.62007
0.62007
0.62007
0.62007
0.62007
0.62007
0.62007
0.62007
0.62007
0.62007
0.62007
0.62007
0.62007
0.62007
0.62007
0.62007
0.62007
0.62007
0.62007
0.62007
0.62007
0.62007
0.62007
0.62007
0.62007
0.62007
0.62007
0.62007
0.62007
0.62007
0.62007
0.62007
0.62007
0.62007
0.62007
0.62007
0.62007
0.62007
0.62007
0.62007
0.62007
0.62007
0.62007
0.62007
0.62007
0.62007
0.62007
0.62007
0.62007
0.62007
0.62007
0.62007
0.62007
0.62007
0.62007
0.62007
0.62007
0.62007
0.62007
0.62007
0.62007
0.62007
0.62007
0.62007
0.62007
0.62007
0.62007
0.62007
0.62007
0.62007
0.62007
0.62007
0.62007
0.62007
0.62007
0.62007
0.62007
0.62007
0.62007
0.62007
0.62007
0.62007
0.62007
0.62007
0.62007
0.62007
0.62007
0.62007
0.62007
0.62007
0.62007
0.62007
0.62007
0.62007
0.62007
0.62007
0.62007
0.62007
0.62007
0.62007
0.62007
0.62007
0.62007
0.62007
0.62007
0.62007
0.62007
0.62007
0.62007
0.62007
0.62007
0.62007
0.62007
0.62007
0.62007
0.62007
0.62007
0.62007
0.62007
0.62007
0.62007
0.62007
0.62007
0.62007
0.62007
0.62007
0.62007
0.62007
0.62007
0.62007
0.62007
0.62007
0.62007
0.62007
0.62007
0.62007
0.62007
0.62007
0.62007
0.62007
0.62007
0.62007
0.62007
0.62007
0.62007
0.62007
0.62007
0.62007
0.62007
0.62007
0.62007
0.62007
0.62007
0.62007
0.62007
0.62007
0.62007
0.62007
0.62007
0.62007
0.62007
0.62007
0.62007
0.62007
0.62007
0.62007
0.62007
0.62007
0.62007
0.62007
0.62007
0.62007
0.62007
0.62007
0.62007
0.62007
0.62007
0.62007
0.62007
0.62007
0.62007
0.62007
0.62007
0.62007
0.62007
0.62007
0.62007
0.62007
0.62007
0.62007
0.62007
0.62007
0.62007
0.62007
0.62007
0.62007
0.62007
0.62007
0.62007
0.62007
0.62007
0.62007
0.62007
0.62007
0.62007
0.62007
0.62007
0.62007
0.62007
0.62007
0.62007
0.62007
0.62007
0.62007
0.62007
0.62007
0.62007
0.62007
0.62007
0.62007
0.62007
0.62007
0.62007
0.62007
0.62007
0.62007
0.62007
0.62007
0.62007
0.62007
0.62007
0.62007
0.62007
0.62007
0.62007
0.62007
0.62007
0.62007
0.62007
0.62007
0.62007
0.62007
0.62007
0.62007
0.62007
0.62007
0.62007
0.62007
0.62007
0.62007
0.62007
0.62007
0.62007
0.62007
0.62007
0.62007
0.62007
0.62007
0.62007
0.62007
0.62007
0.62007
0.62007
0.62007
0.62007
0.62007
0.62007
0.62007
0.62007
0.62007
0.62007
0.62007
0.62007
0.62007
0.62007
0.62007
0.62007
0.62007
0.62007
0.62007
0.62007
0.62007
0.62007
0.62007
0.62007
0.62007
0.62007
0.62007
0.62007
0.62007
0.62007
0.62007
0.62007
0.62007
0.62007
0.62007
0.62007
0.62007
0.62007
0.62007
0.62007
0.62007
0.62007
0.62007
0.62007
0.62007
0.62007
0.62007
0.62007
0.62007
0.62007
0.62007
0.62007
0.62007
0.62007
0.62007
0.62007
0.62007
0.62007
0.62007
0.62007
0.62007
0.62007
0.62007
0.62007
0.62007
0.62007
0.62007
0.62007
0.62007
0.62007
0.62007
0.62007
0.62007
0.62007
0.62007
0.62007
0.62007
0.62007
0.62007
0.62007
0.62007
0.62007
0.62007
0.62007
0.62007
0.62007
0.62007
0.62007
0.62007
0.62007
0.62007
0.62007
0.62007
0.62007
0.62007
0.62007
0.62007
0.62007
0.62007
0.62007
0.62007
0.62007
0.62007
0.62007
0.62007
0.62007
0.62007
0.62007
0.62007
0.62007
0.62007
0.62007
0.62007
0.62007
0.62007
0.62007
0.62007
0.62007
0.62007
0.62007
0.62007
0.62007
0.62007
0.62007
0.62007
0.62007
0.62007
0.62007
0.62007
0.62007
0.62007
0.62007
0.62007
0.62007
0.62007
0.62007
0.62007
0.62007
0.62007
0.62007
0.62007
0.62007
0.62007
0.62007
0.62007
0.62007
0.62007
0.62007
0.62007
0.62007
0.62007
0.62007
0.62007
0.62007
0.62007
0.62007
0.62007
0.62007
0.62007
0.62007
0.62007
0.62007
0.62007
0.62007
0.62007
0.62007
0.62007
0.62007
0.62007
0.62007
0.62007
0.62007
0.62007
0.62007
0.62007
0.62007
0.62007
0.62007
0.62007
0.62007
0.62007
0.62007
0.62007
0.62007
0.62007
0.62007
0.62007
0.62007
0.62007
0.62007
0.62007
0.62007
0.62007
0.62007
0.62007
0.62007
0.62007
0.62007
0.62007
0.62007
0.62007
0.62007
0.62007
0.62007
0.62007
0.62007
0.62007
0.62007
0.62007
0.62007
0.62007
0.62007
0.62007
0.62007
0.62007
0.62007
0.62007
0.62007
0.62007
0.62007
0.62007
0.62007
0.62007
0.62007
0.62007
0.62007
0.62007
0.62007
0.62007
0.62007
0.62007
0.62007
0.62007
0.62007
0.62007
0.62007
0.62007
0.62007
0.62007
0.62007
0.62007
0.62007
0.62007
0.62007
0.62007
0.62007
0.62007
0.62007
0.62007
0.62007
0.62007
0.62007
0.62007
0.62007
0.62007
0.62007
0.62007
0.62007
0.62007
0.62007
0.62007
0.62007
0.62007
0.62007
0.62007
0.62007
0.62007
0.62007
0.62007
0.62007
0.62007
0.62007
0.62007
0.62007
0.62007
0.62007
0.62007
0.62007
0.62007
0.62007
0.62007
0.62007
0.62007
0.62007
0.62007
0.62007
0.62007
0.62007
0.62007
0.62007
0.62007
0.62007
0.62007
0.62007
0.62007
0.62007
0.62007
0.62007
0.62007
0.62007
0.62007
0.62007
0.62007
0.62007
0.62007
0.62007
0.62007
0.62007
0.62007
0.62007
0.62007
0.62007
0.62007
0.62007
0.62007
0.62007
0.62007
0.62007
0.62007
0.62007
0.62007
0.62007
0.62007
0.62007
0.62007
0.62007
0.62007
0.62007
0.62007
0.62007
0.62007
0.62007
0.62007
0.62007
0.62007
0.62007
0.62007
0.62007
0.62007
0.62007
0.62007
0.62007
0.62007
0.62007
0.62007
0.62007
0.62007
0.62007
0.62007
0.62007
0.62007
0.62007
0.62007
0.62007
0.62007
0.62007
0.62007
0.62007
0.62007
0.62007
0.62007
0.62007
0.62007
0.62007
0.62007
0.62007
0.62007
0.62007
0.62007
0.62007
0.62007
0.62007
0.62007
0.62007
0.62007
0.62007
0.62007
0.62007
0.62007
0.62007
0.62007
0.62007
0.62007
0.62007
0.62007
0.62007
0.62007
0.62007
0.62007
0.62007
0.62007
0.62007
0.62007
0.62007
0.62007
0.62007
0.62007
0.62007
0.62007
0.62007
0.62007
0.62007
0.62007
0.62007
0.62007
0.62007
0.62007
0.62007
0.62007
0.62007
0.62007
0.62007
0.62007
0.62007
0.62007
0.62007
0.62007
0.62007
0.62007
0.62007
0.62007
0.62007
0.62007
0.62007
0.62007
0.62007
0.62007
0.62007
0.62007
0.62007
0.62007
0.62007
0.62007
0.62007
0.62007
0.62007
0.62007
0.62007
0.62007
0.62007
0.62007
0.62007
0.62007
0.62007
0.62007
0.62007
0.62007
0.62007
0.62007
0.62007
0.62007
0.62007
0.62007
0.62007
0.62007
0.62007
0.62007
0.62007
0.62007
0.62007
0.62007
0.62007
0.62007
0.62007
0.62007
0.62007
0.62007
0.62007
0.62007
0.62007
0.62007
0.62007
0.62007
0.62007
0.62007
0.62007
0.62007
0.62007
0.62007
0.62007
0.62007
0.62007
0.62007
0.62007
0.62007
0.62007
0.62007
0.62007
0.62007
0.62007
0.62007
0.62007
0.62007
0.62007
0.62007
0.62007
0.62007
0.62007
0.62007
0.62007
0.62007
0.62007
0.62007
0.62007
0.62007
0.62007
0.62007
0.62007
0.62007
0.62007
0.62007
0.62007
0.62007
0.62007
0.62007
0.62007
0.62007
0.62007
0.62007
0.62007
0.62007
0.62007
0.62007
0.62007
0.62007
0.62007
0.62007
0.62007
0.62007
0.62007
0.62007
0.62007
0.62007
0.62007
0.62007
0.62007
0.62007
0.62007
0.62007
0.62007
0.62007
0.62007
0.62007
0.62007
0.62007
0.62007
0.62007
0.62007
0.62007
0.62007
0.62007
0.62007
0.62007
0.62007
0.62007
0.62007
0.62007
0.62007
0.62007
0.62007
0.62007
0.62007
0.62007
0.62007
0.62007
0.62007
0.62007
0.62007
0.62007
0.62007
0.62007
0.62007
0.62007
0.62007
0.62007
0.62007
0.62007
0.62007
0.62007
0.62007
0.62007
0.62007
0.62007
0.62007
0.62007
0.62007
0.62007
0.62007
0.62007
0.62007
0.62007
0.62007
0.62007
0.62007
0.62007
0.62007
0.62007
0.62007
0.62007
0.62007
0.62007
0.62007
0.62007
0.62007
0.62007
0.62007
0.62007
0.62007
0.62007
0.62007
0.62007
0.62007
0.62007
0.62007
0.62007
0.62007
0.62007
0.62007
0.62007
0.62007
0.62007
0.62007
0.62007
0.62007
0.62007
0.62007
0.62007
0.62007
0.62007
0.62007
0.62007
0.62007
0.62007
0.62007
0.62007
0.62007
0.62007
0.62007
0.62007
0.62007
0.62007
0.62007
0.62007
0.62007
0.62007
0.62007
0.62007
0.62007
0.62007
0.62007
0.62007
0.62007
0.62007
0.62007
0.62007
0.62007
0.62007
0.62007
0.62007
0.62007
0.62007
0.62007
0.62007
0.62007
0.62007
0.62007
0.62007
0.62007
0.62007
0.62007
0.62007
0.62007
0.62007
0.62007
0.62007
0.62007
0.62007
0.62007
0.62007
0.62007
0.62007
0.62007
0.62007
0.62007
0.62007
0.62007
0.62007
0.62007
0.62007
0.62007
0.62007
0.62007
0.62007
0.62007
0.62007
0.62007
0.62007
0.62007
0.62007
0.62007
0.62007
0.62007
0.62007
0.62007
0.62007
0.62007
0.62007
0.62007
0.62007
0.62007
0.62007
0.62007
0.62007
0.62007
0.62007
0.62007
0.62007
0.62007
0.62007
0.62007
0.62007
0.62007
0.62007
0.62007
0.62007
0.62007
0.62007
0.62007
0.62007
0.62007
0.62007
0.62007
0.62007
0.62007
0.62007
0.62007
0.62007
0.62007
0.62007
0.62007
0.62007
0.62007
0.62007
0.62007
0.62007
0.62007
0.62007
0.62007
0.62007
0.62007
0.62007
0.62007
0.62007
0.62007
0.62007
0.62007
0.62007
0.62007
0.62007
0.62007
0.62007
0.62007
0.62007
0.62007
0.62007
0.62007
0.62007
0.62007
0.62007
0.62007
0.62007
0.62007
0.62007
0.62007
0.62007
0.62007
0.62007
0.62007
0.62007
0.62007
0.62007
0.62007
0.62007
0.62007
0.62007
0.62007
0.62007
0.62007
0.62007
0.62007
0.62007
0.62007
0.62007
0.62007
0.62007
0.62007
0.62007
0.62007
0.62007
0.62007
0.62007
0.62007
0.62007
0.62007
0.62007
0.62007
0.62007
0.62007
0.62007
0.62007
0.62007
0.62007
0.62007
0.62007
0.62007
0.62007
0.62007
0.62007
0.62007
0.62007
0.62007
0.62007
0.62007
0.62007
0.62007
0.62007
0.62007
0.62007
0.62007
0.62007
0.62007
0.62007
0.62007
0.62007
0.62007
0.62007
0.62007
0.62007
0.62007
0.62007
0.62007
0.62007
0.62007
0.62007
0.62007
0.62007
0.62007
0.62007
0.62007
0.62007
0.62007
0.62007
0.62007
0.62007
0.62007
0.62007
0.62007
0.62007
0.62007
0.62007
0.62007
0.62007
0.62007
0.62007
0.62007
0.62007
0.62007
0.62007
0.62007
0.62007
0.62007
0.62007
0.62007
0.62007
0.62007
0.62007
0.62007
0.62007
0.62007
0.62007
0.62007
0.62007
0.62007
0.62007
0.62007
0.62007
0.62007
0.62007
0.62007
0.62007
0.62007
0.62007
0.62007
0.62007
0.62007
0.62007
0.62007
0.62007
0.62007
0.62007
0.62007
0.62007
0.62007
0.62007
0.62007
0.62007
0.62007
0.62007
0.62007
0.62007
0.62007
0.62007
0.62007
0.62007
0.62007
0.62007
0.62007
0.62007
0.62007
0.62007
0.62007
0.62007
0.62007
0.62007
0.62007
0.62007
0.62007
0.62007
0.62007
0.62007
0.62007
0.62007
0.62007
0.62007
0.62007
0.62007
0.62007
0.62007
0.62007
0.62007
0.62007
0.62007
0.62007
0.62007
0.62007
0.62007
0.62007
0.62007
0.62007
0.62007
0.62007
0.62007
0.62007
0.62007
0.62007
0.62007
0.62007
0.62007
0.62007
0.62007
0.62007
0.62007
0.62007
0.62007
0.62007
0.62007
0.62007
0.62007
0.62007
0.62007
0.62007
0.62007
0.62007
0.62007
0.62007
0.62007
0.62007
0.62007
0.62007
0.62007
0.62007
0.62007
0.62007
0.62007
0.62007
0.62007
0.62007
0.62007
0.62007
0.62007
0.62007
0.62007
0.62007
0.62007
0.62007
0.62007
0.62007
0.62007
0.62007
0.62007
0.62007
0.62007
0.62007
0.62007
0.62007
0.62007
0.62007
0.62007
0.62007
0.62007
0.62007
0.62007
0.62007
0.62007
0.62007
0.62007
0.62007
0.62007
0.62007
0.62007
0.62007
0.62007
0.62007
0.62007
0.62007
0.62007
0.62007
0.62007
0.62007
0.62007
0.62007
0.62007
0.62007
0.62007
0.62007
0.62007
0.62007
0.62007
0.62007
0.62007
0.62007
0.62007
0.62007
0.62007
0.62007
0.62007
0.62007
0.62007
0.62007
0.62007
0.62007
0.62007
0.62007
0.62007
0.62007
0.62007
0.62007
0.62007
0.62007
0.62007
0.62007
0.62007
0.62007
0.62007
0.62007
0.62007
0.62007
0.62007
0.62007
0.62007
0.62007
0.62007
0.62007
0.62007
0.62007
0.62007
0.62007
0.62007
0.62007
0.62007
0.62007
0.62007
0.62007
0.62007
0.62007
0.62007
0.62007
0.62007
0.62007
0.62007
0.62007
0.62007
0.62007
0.62007
0.62007
0.62007
0.62007
0.62007
0.62007
0.62007
0.62007
0.62007
0.62007
0.62007
0.62007
0.62007
0.62007
0.62007
0.62007
0.62007
0.62007
0.62007
0.62007
0.62007
0.62007
0.62007
0.62007
0.62007
0.62007
0.62007
0.62007
0.62007
0.62007
0.62007
0.62007
0.62007
0.62007
0.62007
0.62007
0.62007
0.62007
0.62007
0.62007
0.62007
0.62007
0.62007
0.62007
0.62007
0.62007
0.62007
0.62007
0.62007
0.62007
0.62007
0.62007
0.62007
0.62007
0.62007
0.62007
0.62007
0.62007
0.62007
0.62007
0.62007
0.62007
0.62007
0.62007
0.62007
0.62007
0.62007
0.62007
0.62007
0.62007
0.62007
0.62007
0.62007
0.62007
0.62007
0.62007
0.62007
0.62007
0.62007
0.62007
0.62007
0.62007
0.62007
0.62007
0.62007
0.62007
0.62007
0.62007
0.62007
0.62007
0.62007
0.62007
0.62007
0.62007
0.62007
0.62007
0.62007
0.62007
0.62007
0.62007
0.62007
0.62007
0.62007
0.62007
0.62007
0.62007
0.62007
0.62007
0.62007
0.62007
0.62007
0.62007
0.62007
0.62007
0.62007
0.62007
0.62007
0.62007
0.62007
0.62007
0.62007
0.62007
0.62007
0.62007
0.62007
0.62007
0.62007
0.62007
0.62007
0.62007
0.62007
0.62007
0.62007
0.62007
0.62007
0.62007
0.62007
0.62007
0.62007
0.62007
0.62007
0.62007
0.62007
0.62007
0.62007
0.62007
0.62007
0.62007
0.62007
0.62007
0.62007
0.62007
0.62007
0.62007
0.62007
0.62007
0.62007
0.62007
0.62007
0.62007
0.62007
0.62007
0.62007
0.62007
0.62007
0.62007
0.62007
0.62007
0.62007
0.62007
0.62007
0.62007
0.62007
0.62007
0.62007
0.62007
0.62007
0.62007
0.62007
0.62007
0.62007
0.62007
0.62007
0.62007
0.62007
0.62007
0.62007
0.62007
0.62007
0.62007
0.62007
0.62007
0.62007
0.62007
0.62007
0.62007
0.62007
0.62007
0.62007
0.62007
0.62007
0.62007
0.62007
0.62007
0.62007
0.62007
0.62007
0.62007
0.62007
0.62007
0.62007
0.62007
0.62007
0.62007
0.62007
0.62007
0.62007
0.62007
0.62007
0.62007
0.62007
0.62007
0.62007
0.62007
0.62007
0.62007
0.62007
0.62007
0.62007
0.62007
0.62007
0.62007
0.62007
0.62007
0.62007
0.62007
0.62007
0.62007
0.62007
0.62007
0.62007
0.62007
0.62007
0.62007
0.62007
0.62007
0.62007
0.62007
0.62007
0.62007
0.62007
0.62007
0.62007
0.62007
0.62007
0.62007
0.62007
0.62007
0.62007
0.62007
0.62007
0.62007
0.62007
0.62007
0.62007
0.62007
0.62007
0.62007
0.62007
0.62007
0.62007
0.62007
0.62007
0.62007
0.62007
0.62007
0.62007
0.62007
0.62007
0.62007
0.62007
0.62007
0.62007
0.62007
0.62007
0.62007
0.62007
0.62007
0.62007
0.62007
0.62007
0.62007
0.62007
0.62007
0.62007
0.62007
0.62007
0.62007
0.62007
0.62007
0.62007
0.62007
0.62007
0.62007
0.62007
0.62007
0.62007
0.62007
0.62007
0.62007
0.62007
0.62007
0.62007
0.62007
0.62007
0.62007
0.62007
0.62007
0.62007
0.62007
0.62007
0.62007
0.62007
0.62007
0.62007
0.62007
0.62007
0.62007
0.62007
0.62007
0.62007
0.62007
0.62007
0.62007
0.62007
0.62007
0.62007
0.62007
0.62007
0.62007
0.62007
0.62007
0.62007
0.62007
0.62007
0.62007
0.62007
0.62007
0.62007
0.62007
0.62007
0.62007
0.62007
0.62007
0.62007
0.62007
0.62007
0.62007
0.62007
0.62007
0.62007
0.62007
0.62007
0.62007
0.62007
0.62007
0.62007
0.62007
0.62007
0.62007
0.62007
0.62007
0.62007
0.62007
0.62007
0.62007
0.62007
0.62007
0.62007
0.62007
0.62007
0.62007
0.62007
0.62007
0.62007
0.62007
0.62007
0.62007
0.62007
0.62007
0.62007
0.62007
0.62007
0.62007
0.62007
0.62007
0.62007
0.62007
0.62007
0.62007
0.62007
0.62007
0.62007
0.62007
0.62007
0.62007
0.62007
0.62007
0.62007
0.62007
0.62007
0.62007
0.62007
0.62007
0.62007
0.62007
0.62007
0.62007
0.62007
0.62007
0.62007
0.62007
0.62007
0.62007
0.62007
0.62007
0.62007
0.62007
0.62007
0.62007
0.62007
0.62007
0.62007
0.62007
0.62007
0.62007
0.62007
0.62007
0.62007
0.62007
0.62007
0.62007
0.62007
0.62007
0.62007
0.62007
0.62007
0.62007
0.62007
0.62007
0.62007
0.62007
0.62007
0.62007
0.62007
0.62007
0.62007
0.62007
0.62007
0.62007
0.62007
0.62007
0.62007
0.62007
0.62007
0.62007
0.62007
0.62007
0.62007
0.62007
0.62007
0.62007
0.62007
0.62007
0.62007
0.62007
0.62007
0.62007
0.62007
0.62007
0.62007
0.62007
0.62007
0.62007
0.62007
0.62007
0.62007
0.62007
0.62007
0.62007
0.62007
0.62007
0.62007
0.62007
0.62007
0.62007
0.62007
0.62007
0.62007
0.62007
0.62007
0.62007
0.62007
0.62007
0.62007
0.62007
0.62007
0.62007
0.62007
0.62007
0.62007
0.62007
0.62007
0.62007
0.62007
0.62007
0.62007
0.62007
0.62007
0.62007
0.62007
0.62007
0.62007
0.62007
0.62007
0.62007
0.62007
0.62007
0.62007
0.62007
0.62007
0.62007
0.62007
0.62007
0.62007
0.62007
0.62007
0.62007
0.62007
0.62007
0.62007
0.62007
0.62007
0.62007
0.62007
0.62007
0.62007
0.62007
0.62007
0.62007
0.62007
0.62007
0.62007
0.62007
0.62007
0.62007
0.62007
0.62007
0.62007
0.62007
0.62007
0.62007
0.62007
0.62007
0.62007
0.62007
0.62007
0.62007
0.62007
0.62007
0.62007
0.62007
0.62007
0.62007
0.62007
0.62007
0.62007
0.62007
0.62007
0.62007
0.62007
0.62007
0.62007
0.62007
0.62007
0.62007
0.62007
0.62007
0.62007
0.62007
0.62007
0.62007
0.62007
0.62007
0.62007
0.62007
0.62007
0.62007
0.62007
0.62007
0.62007
0.62007
0.62007
0.62007
0.62007
0.62007
0.62007
0.62007
0.62007
0.62007
0.62007
0.62007
0.62007
0.62007
0.62007
0.62007
0.62007
0.62007
0.62007
0.62007
0.62007
0.62007
0.62007
0.62007
0.62007
0.62007
0.62007
0.62007
0.62007
0.62007
0.62007
0.62007
0.62007
0.62007
0.62007
0.62007
0.62007
0.62007
0.62007
0.62007
0.62007
0.62007
0.62007
0.62007
0.62007
0.62007
0.62007
0.62007
0.62007
0.62007
0.62007
0.62007
0.62007
0.62007
0.62007
0.62007
0.62007
0.62007
0.62007
0.62007
0.62007
0.62007
0.62007
0.62007
0.62007
0.62007
0.62007
0.848903
0.527112
0.539013
0.552875
0.583222
0.605036
0.603096
0.597558
0.597394
0.597532
0.597851
0.59818
0.598161
0.597981
0.597635
0.59728
0.596855
0.596257
0.595389
0.593364
1.08509
0.755733
0.659335
0.592582
0.592521
0.601907
0.601448
0.601071
0.600636
0.599972
0.599663
0.599668
0.599444
0.599088
0.598633
0.598195
0.597654
0.596934
0.595984
0.593864
1.18097
0.875756
0.710748
0.6171
0.605648
0.599855
0.603705
0.607781
0.606703
0.604932
0.603912
0.603397
0.602789
0.602201
0.60145
0.600736
0.599945
0.599031
0.597966
0.595586
1.24496
0.985503
0.791319
0.661011
0.624785
0.600953
0.60389
0.612589
0.611999
0.61041
0.609263
0.608425
0.607513
0.606599
0.605605
0.60464
0.603574
0.602371
0.601058
0.598371
1.29075
1.06941
0.865974
0.716576
0.648616
0.602789
0.608331
0.614796
0.614235
0.614093
0.613191
0.612049
0.611127
0.61028
0.609228
0.608158
0.606975
0.60566
0.604246
0.601372
1.3238
1.13312
0.938217
0.783539
0.687221
0.613399
0.615097
0.613065
0.614207
0.615921
0.615285
0.613904
0.613044
0.612328
0.611405
0.610412
0.609262
0.607985
0.606614
0.603801
1.34814
1.18344
1.0022
0.848027
0.730449
0.637628
0.623691
0.61032
0.612857
0.616322
0.61601
0.614624
0.613871
0.613205
0.612346
0.611435
0.610364
0.60917
0.607886
0.605238
1.36701
1.22346
1.05751
0.906021
0.780241
0.678911
0.63767
0.612806
0.612631
0.615902
0.615633
0.614698
0.61408
0.613441
0.61269
0.611832
0.610796
0.60966
0.608458
0.60598
1.38179
1.25652
1.10431
0.95853
0.830945
0.722387
0.657291
0.61399
0.614877
0.61603
0.614522
0.614683
0.614323
0.613464
0.612772
0.611986
0.610969
0.609865
0.608705
0.606331
1.3936
1.28422
1.14411
1.0064
0.877725
0.768182
0.687886
0.622418
0.622355
0.616574
0.613587
0.614689
0.614613
0.613569
0.612872
0.612119
0.611116
0.610006
0.608841
0.606526
1.40306
1.30714
1.17931
1.04829
0.922107
0.813009
0.721258
0.643523
0.62938
0.614757
0.613483
0.61517
0.614877
0.613708
0.61313
0.612364
0.611354
0.610207
0.609003
0.606719
1.41045
1.32646
1.20969
1.08575
0.96351
0.853812
0.758113
0.674358
0.639215
0.61502
0.614381
0.616187
0.615152
0.614081
0.61364
0.612722
0.611682
0.610483
0.609236
0.60698
1.41607
1.34268
1.23571
1.11956
1.00064
0.893003
0.794958
0.707682
0.654772
0.617481
0.618259
0.617372
0.614746
0.614598
0.614219
0.613112
0.612089
0.610843
0.609558
0.607326
1.42037
1.35601
1.25848
1.14934
1.03488
0.929397
0.830171
0.742357
0.67687
0.623971
0.624093
0.618786
0.61455
0.615118
0.61474
0.613479
0.612544
0.611256
0.60995
0.607733
1.42361
1.36717
1.27817
1.17565
1.06642
0.962723
0.864193
0.776468
0.701866
0.638747
0.629742
0.617587
0.614647
0.615877
0.615036
0.613725
0.61294
0.611628
0.61034
0.60814
1.42611
1.37656
1.29524
1.19924
1.09479
0.993875
0.896555
0.808306
0.730015
0.660658
0.6361
0.618123
0.615687
0.616737
0.615223
0.61402
0.613324
0.611948
0.610686
0.608487
1.42817
1.38466
1.31018
1.2203
1.12061
1.02292
0.926533
0.839391
0.758654
0.685199
0.645786
0.619362
0.618697
0.61752
0.614774
0.614311
0.613646
0.612161
0.610962
0.608755
1.42998
1.39169
1.32358
1.23911
1.14437
1.04959
0.955111
0.868706
0.78642
0.712375
0.660193
0.622139
0.622706
0.6181
0.61458
0.614613
0.613914
0.612298
0.611168
0.608951
1.43153
1.39793
1.3355
1.25629
1.16601
1.07443
0.981977
0.896243
0.813868
0.739291
0.677915
0.629858
0.626776
0.619084
0.614627
0.614987
0.614149
0.612459
0.611318
0.609059
1.43272
1.40332
1.34624
1.27187
1.1859
1.09748
1.00713
0.922349
0.840273
0.765214
0.69891
0.643596
0.630786
0.617939
0.614727
0.615502
0.613899
0.612384
0.6114
0.609168
1.43352
1.40791
1.35577
1.28599
1.20421
1.11879
1.03076
0.947152
0.865262
0.790673
0.721223
0.660555
0.635608
0.618525
0.615879
0.615963
0.61366
0.612456
0.61139
0.609098
1.43417
1.41179
1.36421
1.29877
1.22101
1.1386
1.05299
0.970508
0.889463
0.81503
0.74357
0.680689
0.643841
0.619356
0.618343
0.616185
0.613235
0.61244
0.61136
0.609032
1.43476
1.41518
1.37178
1.3104
1.23648
1.15707
1.07391
0.992754
0.912681
0.838229
0.766419
0.701634
0.654391
0.621687
0.621541
0.616489
0.613063
0.612511
0.611325
0.608967
1.43537
1.41826
1.37864
1.32111
1.25078
1.17441
1.0936
1.01409
0.934789
0.860882
0.788533
0.722829
0.668659
0.628074
0.624596
0.617212
0.612965
0.612848
0.611379
0.608933
1.43593
1.421
1.38498
1.33099
1.26415
1.19059
1.11238
1.03427
0.956251
0.882552
0.810105
0.74421
0.684975
0.638166
0.627254
0.61628
0.6132
0.613206
0.611042
0.608933
1.43635
1.42338
1.39072
1.34022
1.27658
1.20586
1.13008
1.05366
0.976813
0.903352
0.831302
0.764877
0.702848
0.651711
0.631036
0.616454
0.614302
0.613438
0.610789
0.608972
1.43656
1.42534
1.39585
1.3487
1.28819
1.22017
1.14679
1.07215
0.996462
0.923595
0.851644
0.785221
0.721717
0.667036
0.636445
0.616939
0.616161
0.613569
0.610564
0.609153
1.43661
1.42692
1.40037
1.35643
1.29896
1.23352
1.1626
1.08966
1.01539
0.943028
0.87151
0.805077
0.740511
0.68382
0.644556
0.618317
0.618589
0.613746
0.610441
0.609529
1.43651
1.42817
1.40428
1.36343
1.3089
1.24603
1.17743
1.10634
1.03349
0.961794
0.890917
0.824211
0.759536
0.701248
0.654631
0.622401
0.620626
0.614183
0.610387
0.610149
1.43637
1.42914
1.4077
1.36975
1.31807
1.2577
1.19136
1.12219
1.05075
0.980058
0.90958
0.843066
0.778202
0.718515
0.667295
0.629527
0.622365
0.613179
0.610429
0.610829
1.43616
1.42992
1.41073
1.3755
1.32657
1.26861
1.20454
1.13718
1.06735
0.997549
0.927843
0.861402
0.796223
0.736271
0.681264
0.638634
0.624237
0.613337
0.610934
0.611598
1.43599
1.43058
1.41347
1.38082
1.33447
1.27888
1.21694
1.15145
1.08318
1.01442
0.945519
0.879072
0.814208
0.753351
0.696279
0.650236
0.627307
0.613923
0.611929
0.612088
1.43596
1.4312
1.41595
1.38578
1.34188
1.28855
1.22865
1.16502
1.09824
1.03074
0.962405
0.896432
0.831495
0.770357
0.71217
0.662739
0.631697
0.615152
0.613644
0.612525
1.43604
1.43179
1.41822
1.3904
1.3489
1.29763
1.23976
1.17782
1.11273
1.04623
0.978881
0.91307
0.848383
0.787157
0.727977
0.676493
0.63838
0.617065
0.615692
0.613017
1.43614
1.43234
1.42022
1.39467
1.35543
1.30623
1.25019
1.19005
1.12647
1.06122
0.99464
0.929237
0.864892
0.803333
0.74418
0.690899
0.646522
0.620128
0.617898
0.613589
1.43617
1.43279
1.42196
1.39843
1.36146
1.31425
1.26006
1.20161
1.13959
1.07558
1.00985
0.944999
0.880757
0.819469
0.760043
0.705271
0.656802
0.62566
0.620065
0.614211
1.43605
1.43307
1.42337
1.40171
1.36691
1.32173
1.26942
1.21259
1.15216
1.08927
1.02465
0.960176
0.896407
0.835114
0.775566
0.719981
0.66845
0.632958
0.622216
0.61462
1.43565
1.43318
1.42453
1.40454
1.37183
1.32875
1.27829
1.22315
1.16411
1.10252
1.03887
0.975055
0.911591
0.850378
0.790932
0.734311
0.681242
0.642306
0.625484
0.615117
1.43508
1.4331
1.42552
1.40712
1.37632
1.33531
1.28679
1.23324
1.17565
1.11519
1.05264
0.989472
0.926358
0.865418
0.805749
0.748606
0.69518
0.652655
0.629519
0.615828
1.43473
1.43299
1.42641
1.4096
1.38058
1.34148
1.29487
1.24295
1.18672
1.12739
1.0659
1.00337
0.940876
0.879973
0.820275
0.762952
0.709275
0.664211
0.635283
0.617027
1.43464
1.4329
1.42724
1.41198
1.3847
1.34733
1.30247
1.2522
1.19734
1.13915
1.07859
1.01686
0.95496
0.89425
0.834537
0.777071
0.723953
0.67666
0.641916
0.618536
1.43477
1.43285
1.42798
1.41423
1.38868
1.35288
1.3096
1.26087
1.20746
1.15041
1.09085
1.02989
0.968708
0.90823
0.848405
0.791526
0.738559
0.689203
0.650276
0.620923
1.43501
1.43286
1.42834
1.4162
1.39241
1.35816
1.3163
1.26903
1.21702
1.1612
1.10266
1.04254
0.982175
0.921783
0.862337
0.80585
0.753064
0.702395
0.659419
0.623914
1.43506
1.4328
1.42857
1.41752
1.39574
1.36313
1.32265
1.27677
1.22609
1.17158
1.11409
1.05494
0.995205
0.93518
0.876099
0.820231
0.767602
0.715187
0.669623
0.628063
1.43428
1.4324
1.4286
1.41877
1.39834
1.36762
1.32864
1.28412
1.23481
1.18152
1.12525
1.06699
1.00793
0.948298
0.889949
0.834692
0.781516
0.728207
0.680527
0.633024
1.4329
1.43149
1.42842
1.41961
1.4009
1.37164
1.3343
1.29115
1.24312
1.19111
1.13603
1.07873
1.02029
0.961249
0.903941
0.848777
0.795396
0.740803
0.691753
0.639095
1.4317
1.43036
1.42785
1.42005
1.40272
1.37553
1.33952
1.29789
1.25112
1.20037
1.1464
1.0901
1.03225
0.974247
0.917797
0.862892
0.808576
0.753168
0.703452
0.646036
1.43063
1.42928
1.42706
1.42006
1.40425
1.37843
1.34456
1.30413
1.25873
1.20908
1.15637
1.10093
1.04407
0.987118
0.931816
0.876372
0.821335
0.765317
0.715151
0.653811
1.4296
1.42834
1.42631
1.41994
1.4053
1.38112
1.34858
1.30992
1.26571
1.21741
1.16563
1.11141
1.05563
1.00017
0.945367
0.889424
0.833589
0.777059
0.727029
0.662345
1.42878
1.42755
1.42566
1.41979
1.40617
1.38331
1.35228
1.31493
1.27221
1.22501
1.17447
1.12143
1.06726
1.013
0.958442
0.901793
0.845271
0.788674
0.738816
0.671407
1.42824
1.42707
1.42521
1.41977
1.40708
1.38543
1.35565
1.31953
1.27809
1.23215
1.18279
1.13133
1.07879
1.02551
0.97074
0.913362
0.856596
0.80001
0.750546
0.680935
1.42777
1.42673
1.42486
1.41983
1.40813
1.38764
1.35896
1.32391
1.28359
1.23886
1.19089
1.14119
1.09025
1.03742
0.981987
0.924317
0.86752
0.811224
0.762145
0.690721
1.42743
1.42642
1.42462
1.42
1.40924
1.38994
1.36231
1.32822
1.2889
1.2454
1.19905
1.15117
1.10143
1.04836
0.992391
0.934639
0.878212
0.822305
0.773574
0.700684
1.42696
1.42611
1.42449
1.42027
1.41039
1.39225
1.36567
1.33251
1.29419
1.2521
1.20755
1.16127
1.11195
1.05835
1.00195
0.94462
0.888748
0.833276
0.784834
0.710722
1.4267
1.4257
1.42425
1.42048
1.41144
1.39438
1.36891
1.33682
1.2997
1.25928
1.21651
1.17121
1.12157
1.06737
1.01104
0.954414
0.899208
0.844171
0.795908
0.720789
1.42695
1.42553
1.424
1.42054
1.41228
1.39632
1.37203
1.34125
1.3057
1.26711
1.22575
1.18057
1.13018
1.07571
1.01992
0.964229
0.909672
0.854954
0.806813
0.730875
1.42739
1.42571
1.42384
1.42052
1.41295
1.39808
1.37512
1.346
1.31242
1.27554
1.23476
1.18891
1.13786
1.08375
1.02889
0.974152
0.920148
0.865651
0.817563
0.74097
1.42732
1.42582
1.42377
1.42052
1.41354
1.39982
1.3784
1.35133
1.31989
1.28414
1.24286
1.19604
1.14494
1.0918
1.03806
0.984199
0.930622
0.876245
0.828201
0.751093
1.42697
1.42554
1.42353
1.42049
1.41411
1.40169
1.38223
1.35742
1.32768
1.29199
1.24962
1.20226
1.15182
1.10007
1.04748
0.994312
0.941065
0.886755
0.838756
0.761246
1.42672
1.42502
1.42318
1.42046
1.41479
1.40401
1.38698
1.3642
1.33483
1.29819
1.25503
1.20806
1.15886
1.10859
1.05701
1.00439
0.95143
0.897206
0.849272
0.771431
1.42717
1.42474
1.42292
1.42059
1.416
1.40743
1.39297
1.37092
1.34039
1.30246
1.25951
1.21387
1.16624
1.11729
1.06648
1.01436
0.961696
0.907604
0.859756
0.781634
1.42716
1.42459
1.42275
1.42117
1.41844
1.41242
1.39903
1.37619
1.34395
1.30562
1.26373
1.21993
1.17393
1.126
1.07579
1.02416
0.971847
0.917964
0.870216
0.791839
1.42638
1.42429
1.42282
1.42284
1.42242
1.41753
1.4034
1.37882
1.34614
1.30867
1.2683
1.22628
1.18169
1.13455
1.08486
1.03376
0.981853
0.928243
0.880606
0.80201
1.42606
1.42453
1.42468
1.42734
1.42795
1.4215
1.40504
1.3795
1.34775
1.3121
1.27353
1.2329
1.18933
1.14283
1.09371
1.04319
0.991713
0.938414
0.890896
0.812127
1.42795
1.42706
1.43126
1.43527
1.4327
1.423
1.40427
1.37905
1.34927
1.31604
1.27926
1.23962
1.1967
1.15083
1.10241
1.05248
1.00143
0.948442
0.901049
0.822166
1.41606
1.42705
1.43627
1.43838
1.43331
1.42182
1.40301
1.37985
1.35207
1.32041
1.28495
1.24613
1.20384
1.15862
1.11097
1.06161
1.011
0.958317
0.91105
0.832119
1.41951
1.44825
1.4419
1.4359
1.42691
1.41618
1.40189
1.38173
1.35582
1.32533
1.29058
1.25232
1.21075
1.16633
1.11948
1.07065
1.02047
0.968055
0.920934
0.842016
1.27662
1.45278
1.43045
1.42745
1.42026
1.41258
1.40197
1.38528
1.35986
1.32995
1.29598
1.25845
1.21758
1.17391
1.12783
1.07951
1.02981
0.977641
0.930685
0.851841
0.908591
1.35936
1.401
1.41862
1.41745
1.41124
1.40294
1.38714
1.36405
1.33457
1.30093
1.26412
1.22431
1.18155
1.13609
1.0882
1.03899
0.987079
0.940361
0.861643
0.662517
1.09331
1.40452
1.42551
1.41441
1.40875
1.40073
1.38726
1.36585
1.33898
1.30689
1.27019
1.23074
1.18883
1.14414
1.09682
1.04804
0.996348
0.949939
0.871396
0.62146
0.768626
1.26272
1.40655
1.40683
1.40466
1.39883
1.38663
1.36707
1.34189
1.31006
1.27666
1.23755
1.19608
1.15178
1.10514
1.05696
1.00555
0.959479
0.881099
0.620087
0.63572
0.949033
1.36168
1.41151
1.40762
1.39957
1.38594
1.36739
1.3437
1.31401
1.28061
1.24376
1.20378
1.15972
1.1135
1.06565
1.01464
0.969028
0.89076
0.62007
0.620614
0.694714
1.16453
1.39645
1.40663
1.39997
1.38739
1.36881
1.34434
1.31654
1.2849
1.24916
1.20944
1.16713
1.12194
1.07449
1.02374
0.978468
0.900282
0.62007
0.620079
0.625539
0.850745
1.32287
1.40863
1.40223
1.38933
1.37016
1.34635
1.31885
1.28789
1.25332
1.21607
1.17398
1.12937
1.08284
1.03298
0.988018
0.90973
0.62007
0.62007
0.620235
0.660676
1.0936
1.38552
1.40072
1.39011
1.37168
1.34875
1.32199
1.29122
1.25719
1.22012
1.18092
1.13723
1.09092
1.0416
0.997214
0.919066
0.62007
0.62007
0.620073
0.622496
0.799155
1.2958
1.40224
1.39297
1.375
1.35219
1.3254
1.29476
1.26108
1.22474
1.18545
1.14388
1.09916
1.05055
1.00617
0.928201
0.62007
0.62007
0.62007
0.620139
0.647933
1.05662
1.36567
1.39119
1.37817
1.35583
1.32945
1.29909
1.26557
1.22945
1.19043
1.14974
1.10562
1.05883
1.01499
0.937384
0.62007
0.62007
0.62007
0.620071
0.621681
0.779846
1.27644
1.39394
1.3827
1.36064
1.33432
1.304
1.27042
1.2343
1.19564
1.15517
1.11232
1.06611
1.02271
0.946166
0.62007
0.62007
0.62007
0.62007
0.620119
0.644737
1.04689
1.35679
1.38029
1.3649
1.33893
1.30913
1.27596
1.24
1.20147
1.16098
1.11863
1.07308
1.03019
0.954688
0.62007
0.62007
0.62007
0.62007
0.620071
0.621581
0.783506
1.27462
1.38299
1.37014
1.34446
1.31467
1.28179
1.24607
1.20756
1.16705
1.12494
1.07962
1.03718
0.962871
0.62007
0.62007
0.62007
0.62007
0.62007
0.620122
0.647949
1.06366
1.35377
1.36785
1.3489
1.31957
1.28743
1.25232
1.21414
1.17391
1.13166
1.08628
1.04412
0.970684
0.62007
0.62007
0.62007
0.62007
0.62007
0.620071
0.622019
0.809109
1.28546
1.37205
1.35305
1.32475
1.29329
1.25874
1.22097
1.18106
1.13855
1.09297
1.05113
0.978266
0.62007
0.62007
0.62007
0.62007
0.62007
0.62007
0.620151
0.659154
1.10165
1.35092
1.35185
1.33007
1.2987
1.26464
1.22764
1.18825
1.14578
1.10022
1.05865
0.98587
0.62007
0.62007
0.62007
0.62007
0.62007
0.62007
0.620072
0.623451
0.856836
1.3009
1.35654
1.33536
1.30401
1.27033
1.23422
1.19536
1.15316
1.1078
1.06645
0.993495
0.62007
0.62007
0.62007
0.62007
0.62007
0.62007
0.62007
0.620244
0.682647
1.15177
1.34489
1.33797
1.3094
1.2759
1.24044
1.20196
1.16036
1.11558
1.07459
1.00142
0.62007
0.62007
0.62007
0.62007
0.62007
0.62007
0.62007
0.620076
0.627222
0.924834
1.31508
1.34067
1.31514
1.28207
1.24676
1.20853
1.16769
1.12359
1.0829
1.00956
0.62007
0.62007
0.62007
0.62007
0.62007
0.62007
0.62007
0.62007
0.620525
0.725786
1.20791
1.33543
1.32033
1.28818
1.25229
1.21457
1.17465
1.13121
1.09097
1.01783
0.62007
0.62007
0.62007
0.62007
0.62007
0.62007
0.62007
0.62007
0.620091
0.637515
1.00907
1.31323
1.32255
1.29541
1.25856
1.22117
1.18189
1.13894
1.09917
1.02638
0.62007
0.62007
0.62007
0.62007
0.62007
0.62007
0.62007
0.62007
0.620071
0.621539
0.795581
1.25154
1.3248
1.30079
1.26517
1.22767
1.18858
1.14615
1.10697
1.03474
0.62007
0.62007
0.62007
0.62007
0.62007
0.62007
0.62007
0.62007
0.62007
0.620161
0.663289
1.09768
1.30929
1.30435
1.27289
1.23427
1.19527
1.15354
1.11494
1.04322
0.62007
0.62007
0.62007
0.62007
0.62007
0.62007
0.62007
0.62007
0.62007
0.620074
0.625219
0.89281
1.28024
1.30936
1.28036
1.24106
1.20213
1.161
1.12268
1.05136
0.62007
0.62007
0.62007
0.62007
0.62007
0.62007
0.62007
0.62007
0.62007
0.62007
0.620472
0.718931
1.18018
1.30372
1.28505
1.24786
1.20899
1.16826
1.13007
1.05927
0.62007
0.62007
0.62007
0.62007
0.62007
0.62007
0.62007
0.62007
0.62007
0.62007
0.620096
0.638673
1.00406
1.28775
1.28709
1.2562
1.21696
1.176
1.1377
1.06729
0.62007
0.62007
0.62007
0.62007
0.62007
0.62007
0.62007
0.62007
0.62007
0.62007
0.620071
0.622043
0.812569
1.23876
1.28809
1.26296
1.2248
1.18304
1.14483
1.07505
0.62007
0.62007
0.62007
0.62007
0.62007
0.62007
0.62007
0.62007
0.62007
0.62007
0.62007
0.620235
0.678381
1.11204
1.27765
1.26921
1.23338
1.19012
1.15227
1.08307
0.62007
0.62007
0.62007
0.62007
0.62007
0.62007
0.62007
0.62007
0.62007
0.62007
0.62007
0.620082
0.629438
0.933837
1.26091
1.27435
1.2416
1.19766
1.16004
1.09103
0.62007
0.62007
0.62007
0.62007
0.62007
0.62007
0.62007
0.62007
0.62007
0.62007
0.62007
0.620071
0.621065
0.761876
1.19489
1.2713
1.24686
1.20574
1.16774
1.09863
0.62007
0.62007
0.62007
0.62007
0.62007
0.62007
0.62007
0.62007
0.62007
0.62007
0.62007
0.62007
0.620161
0.65809
1.0559
1.2564
1.25188
1.21603
1.17608
1.10649
0.62007
0.62007
0.62007
0.62007
0.62007
0.62007
0.62007
0.62007
0.62007
0.62007
0.62007
0.62007
0.620077
0.625866
0.885168
1.2344
1.25692
1.22524
1.18396
1.11413
0.62007
0.62007
0.62007
0.62007
0.62007
0.62007
0.62007
0.62007
0.62007
0.62007
0.62007
0.62007
0.620071
0.620731
0.732577
1.15618
1.25293
1.2314
1.19181
1.12205
0.62007
0.62007
0.62007
0.62007
0.62007
0.62007
0.62007
0.62007
0.62007
0.62007
0.62007
0.62007
0.62007
0.620139
0.648491
1.01623
1.24262
1.23596
1.20115
1.13103
0.62007
0.62007
0.62007
0.62007
0.62007
0.62007
0.62007
0.62007
0.62007
0.62007
0.62007
0.62007
0.62007
0.620076
0.624465
0.856161
1.21416
1.23722
1.20909
1.13998
)
;

boundaryField
{
    inlet
    {
        type            calculated;
        value           nonuniform List<scalar> 0();
    }
    outlet
    {
        type            calculated;
        value           nonuniform List<scalar> 
102
(
0.593364
0.593864
0.595586
0.598371
0.601372
0.603801
0.605238
0.60598
0.606331
0.606526
0.606719
0.60698
0.607326
0.607733
0.60814
0.608487
0.608755
0.608951
0.609059
0.609168
0.609098
0.609032
0.608967
0.608933
0.608933
0.608972
0.609153
0.609529
0.610149
0.610829
0.611598
0.612088
0.612525
0.613017
0.613589
0.614211
0.61462
0.615117
0.615828
0.617027
0.618536
0.620923
0.623914
0.628063
0.633024
0.639095
0.646036
0.653811
0.662345
0.671407
0.680935
0.690721
0.700684
0.710722
0.720789
0.730875
0.74097
0.751093
0.761246
0.771431
0.781634
0.791839
0.80201
0.812127
0.822166
0.832119
0.842016
0.851841
0.861643
0.871396
0.881099
0.89076
0.900282
0.90973
0.919066
0.928201
0.937384
0.946166
0.954688
0.962871
0.970684
0.978266
0.98587
0.993495
1.00142
1.00956
1.01783
1.02638
1.03474
1.04322
1.05136
1.05927
1.06729
1.07505
1.08307
1.09103
1.09863
1.10649
1.11413
1.12205
1.13103
1.13998
)
;
    }
    bottom
    {
        type            symmetryPlane;
    }
    top
    {
        type            calculated;
        value           nonuniform List<scalar> 0();
    }
    obstacle
    {
        type            calculated;
        value           nonuniform List<scalar> 
88
(
1.4202
1.41926
1.41842
1.41794
1.41776
1.41777
1.41781
1.41771
1.41747
1.41719
1.41688
1.41656
1.41648
1.41649
1.41643
1.41631
1.41618
1.41603
1.41588
1.41567
1.41537
1.41504
1.41478
1.41466
1.41466
1.41475
1.41493
1.41519
1.41545
1.41559
1.41558
1.41532
1.41497
1.41467
1.4144
1.41417
1.41402
1.41396
1.41392
1.41383
1.41367
1.41362
1.41371
1.41391
1.41414
1.41446
1.41491
1.41517
1.4153
1.4155
1.416
1.41725
1.41976
1.42391
1.42938
1.43466
1.43787
1.439
1.43921
1.43896
1.4386
1.43839
1.43826
1.43816
1.43799
1.43772
1.43734
1.43701
0.848903
0.527112
0.539013
0.552875
0.583222
0.605036
0.603096
0.597558
0.597394
0.597532
0.597851
0.59818
0.598161
0.597981
0.597635
0.59728
0.596855
0.596257
0.595389
0.593364
)
;
    }
    defaultFaces
    {
        type            empty;
    }
    procBoundary1to0
    {
        type            processor;
        value           nonuniform List<scalar> 
103
(
1.42079
1.41925
1.41252
1.40871
1.40768
1.41006
1.41411
1.41711
1.41793
1.41854
1.42335
1.32764
0.919582
0.63947
0.620153
0.62007
0.62007
0.62007
0.62007
0.62007
0.62007
0.62007
0.62007
0.62007
0.62007
0.62007
0.62007
0.62007
0.62007
0.62007
0.62007
0.62007
0.62007
0.62007
0.62007
0.62007
0.62007
0.62007
0.62007
0.62007
0.62007
0.62007
0.62007
0.62007
0.62007
0.62007
0.62007
0.62007
0.62007
0.62007
0.62007
0.62007
0.62007
0.62007
0.62007
0.62007
0.62007
0.62007
0.62007
0.62007
0.62007
0.62007
0.62007
0.62007
0.62007
0.62007
0.62007
0.62007
0.62007
0.62007
0.62007
0.62007
0.62007
0.62007
0.62007
0.62007
0.62007
0.62007
0.62007
0.62007
0.62007
0.62007
0.62007
0.62007
0.62007
0.62007
0.62007
0.62007
0.62007
0.62007
0.62007
0.62007
0.62007
0.62007
0.62007
0.62007
0.62007
0.62007
0.62007
0.62007
0.62007
0.62007
0.62007
)
;
    }
    procBoundary1to3
    {
        type            processor;
        value           nonuniform List<scalar> 
89
(
0.62007
0.62007
0.62007
0.62007
0.62007
0.62007
0.62007
0.62007
0.62007
0.62007
0.62007
0.62007
0.62007
0.62007
0.62007
0.62007
0.62007
0.62007
0.62007
0.62007
0.62007
0.62007
0.62007
0.62007
0.62007
0.62007
0.62007
0.62007
0.62007
0.62007
0.62007
0.62007
0.62007
0.62007
0.62007
0.62007
0.62007
0.62007
0.62007
0.62007
0.62007
0.62007
0.62007
0.62007
0.62007
0.62007
0.62007
0.62007
0.62007
0.62007
0.62007
0.62007
0.62007
0.62007
0.62007
0.62007
0.62007
0.62007
0.62007
0.62007
0.62007
0.62007
0.62007
0.62007
0.62007
0.62007
0.62007
0.62007
0.62007
0.62007
0.62007
0.62007
0.62007
0.62007
0.62007
0.62007
0.62007
0.62007
0.62007
0.62007
0.62007
0.62007
0.620071
0.620622
0.718416
1.13056
1.23249
1.21562
1.14964
)
;
    }
}


// ************************************************************************* //
