/*--------------------------------*- C++ -*----------------------------------*\
| =========                 |                                                 |
| \\      /  F ield         | OpenFOAM: The Open Source CFD Toolbox           |
|  \\    /   O peration     | Version:  2306                                  |
|   \\  /    A nd           | Website:  www.openfoam.com                      |
|    \\/     M anipulation  |                                                 |
\*---------------------------------------------------------------------------*/
FoamFile
{
    version     2.0;
    format      ascii;
    arch        "LSB;label=32;scalar=64";
    class       volScalarField;
    location    "8e-05";
    object      T;
}
// * * * * * * * * * * * * * * * * * * * * * * * * * * * * * * * * * * * * * //

dimensions      [0 0 0 1 0 0 0];

internalField   nonuniform List<scalar> 
9032
(
269.31
269.324
269.352
269.398
269.451
269.506
269.57
269.625
269.669
269.706
269.729
269.743
269.764
269.797
269.831
269.869
269.909
269.941
269.962
269.968
269.968
269.968
269.974
269.988
270.008
270.035
270.067
270.107
270.15
270.184
270.201
270.198
270.189
270.179
270.166
270.157
270.153
270.152
270.152
270.149
270.146
270.148
270.171
270.208
270.244
270.282
270.323
270.35
270.363
270.38
270.419
270.512
270.702
271.017
271.429
271.824
272.056
272.14
272.174
272.17
272.161
272.152
272.144
272.136
272.125
272.108
272.08
272.058
269.643
269.644
269.67
269.716
269.763
269.8
269.836
269.87
269.898
269.922
269.941
269.946
269.952
269.968
269.991
270.022
270.056
270.084
270.098
270.101
270.101
270.102
270.108
270.117
270.129
270.144
270.166
270.193
270.219
270.242
270.244
270.238
270.225
270.204
270.178
270.162
270.152
270.15
270.158
270.172
270.182
270.201
270.234
270.272
270.308
270.337
270.353
270.359
270.367
270.385
270.44
270.561
270.784
271.148
271.601
271.982
272.172
272.223
272.219
272.2
272.182
272.164
272.153
272.145
272.135
272.122
272.101
272.075
270.432
270.432
270.427
270.417
270.409
270.404
270.406
270.405
270.397
270.384
270.373
270.354
270.336
270.327
270.327
270.333
270.339
270.346
270.351
270.349
270.343
270.335
270.327
270.327
270.332
270.342
270.357
270.374
270.392
270.397
270.388
270.373
270.352
270.319
270.283
270.259
270.244
270.235
270.241
270.256
270.276
270.301
270.329
270.358
270.386
270.407
270.415
270.415
270.421
270.441
270.504
270.639
270.902
271.309
271.762
272.095
272.244
272.266
272.253
272.228
272.204
272.186
272.175
272.166
272.152
272.134
272.107
272.085
271.248
271.199
271.126
271.057
270.994
270.957
270.938
270.917
270.891
270.857
270.821
270.782
270.739
270.706
270.685
270.673
270.657
270.643
270.638
270.631
270.613
270.599
270.582
270.564
270.547
270.531
270.519
270.513
270.511
270.508
270.504
270.498
270.476
270.439
270.396
270.361
270.332
270.321
270.329
270.35
270.376
270.397
270.412
270.422
270.431
270.439
270.443
270.443
270.447
270.479
270.562
270.732
271.045
271.483
271.908
272.191
272.296
272.301
272.292
272.271
272.246
272.225
272.213
272.202
272.186
272.162
272.132
272.096
271.514
271.434
271.336
271.244
271.177
271.141
271.115
271.088
271.06
271.021
270.977
270.93
270.88
270.842
270.814
270.8
270.778
270.755
270.741
270.732
270.72
270.704
270.683
270.655
270.625
270.597
270.581
270.572
270.564
270.559
270.563
270.566
270.545
270.508
270.471
270.436
270.407
270.393
270.395
270.411
270.431
270.442
270.443
270.442
270.437
270.431
270.429
270.432
270.445
270.489
270.596
270.815
271.18
271.637
272.012
272.243
272.313
272.314
272.31
272.294
272.274
272.252
272.233
272.218
272.198
272.168
272.13
272.078
271.281
271.202
271.129
271.067
271.021
270.999
270.984
270.968
270.947
270.928
270.912
270.878
270.827
270.784
270.76
270.754
270.737
270.714
270.694
270.681
270.673
270.662
270.645
270.627
270.6
270.574
270.561
270.549
270.538
270.532
270.537
270.546
270.534
270.517
270.494
270.459
270.431
270.411
270.404
270.409
270.413
270.41
270.403
270.396
270.389
270.384
270.387
270.399
270.426
270.485
270.617
270.875
271.273
271.713
272.034
272.225
272.287
272.295
272.295
272.284
272.264
272.24
272.216
272.192
272.165
272.128
272.09
272.026
270.538
270.545
270.543
270.532
270.521
270.517
270.512
270.518
270.538
270.559
270.57
270.567
270.551
270.541
270.536
270.537
270.536
270.52
270.497
270.475
270.462
270.462
270.464
270.476
270.48
270.471
270.45
270.418
270.388
270.378
270.382
270.398
270.417
270.426
270.424
270.411
270.392
270.37
270.35
270.333
270.32
270.307
270.297
270.29
270.286
270.285
270.293
270.314
270.351
270.429
270.588
270.881
271.299
271.712
271.985
272.136
272.199
272.215
272.218
272.212
272.195
272.172
272.144
272.109
272.08
272.053
272.024
271.949
269.801
269.873
269.855
269.85
269.853
269.857
269.874
269.908
269.97
270.024
270.052
270.061
270.069
270.084
270.099
270.111
270.13
270.131
270.124
270.115
270.11
270.109
270.12
270.152
270.185
270.188
270.175
270.145
270.108
270.09
270.089
270.101
270.13
270.164
270.189
270.198
270.197
270.187
270.174
270.162
270.147
270.128
270.11
270.099
270.097
270.101
270.114
270.14
270.189
270.288
270.486
270.824
271.258
271.636
271.857
271.973
272.029
272.052
272.054
272.047
272.032
272.012
271.989
271.964
271.94
271.915
271.89
271.807
269.416
269.453
269.417
269.391
269.401
269.416
269.444
269.485
269.544
269.574
269.591
269.604
269.622
269.643
269.658
269.674
269.696
269.719
269.73
269.735
269.741
269.742
269.756
269.786
269.817
269.824
269.82
269.806
269.787
269.778
269.778
269.788
269.811
269.837
269.86
269.88
269.897
269.9
269.898
269.899
269.898
269.893
269.884
269.874
269.871
269.876
269.889
269.916
269.971
270.092
270.331
270.715
271.155
271.486
271.66
271.75
271.798
271.816
271.82
271.812
271.798
271.785
271.772
271.756
271.742
271.722
271.703
271.621
269.37
269.243
269.228
269.238
269.23
269.264
269.304
269.335
269.362
269.363
269.369
269.382
269.406
269.427
269.435
269.448
269.462
269.472
269.481
269.494
269.503
269.503
269.509
269.521
269.532
269.537
269.54
269.541
269.541
269.542
269.54
269.544
269.561
269.578
269.597
269.618
269.644
269.661
269.66
269.663
269.664
269.664
269.664
269.663
269.667
269.674
269.688
269.716
269.78
269.928
270.212
270.63
271.05
271.322
271.458
271.528
271.564
271.572
271.575
271.57
271.561
271.559
271.558
271.551
271.543
271.527
271.509
271.44
269.412
269.114
269.194
269.257
269.234
269.271
269.309
269.321
269.311
269.301
269.311
269.334
269.368
269.392
269.376
269.348
269.345
269.354
269.375
269.407
269.429
269.437
269.436
269.43
269.418
269.409
269.41
269.42
269.433
269.444
269.448
269.448
269.449
269.449
269.449
269.458
269.478
269.497
269.498
269.5
269.506
269.515
269.525
269.538
269.554
269.57
269.591
269.623
269.693
269.863
270.181
270.614
271.001
271.212
271.313
271.363
271.381
271.374
271.371
271.372
271.373
271.382
271.394
271.394
271.389
271.372
271.349
271.296
268.617
269.116
269.399
269.332
269.335
269.379
269.382
269.357
269.325
269.321
269.357
269.396
269.429
269.421
269.357
269.307
269.305
269.321
269.356
269.397
269.425
269.435
269.429
269.413
269.39
269.378
269.376
269.393
269.423
269.442
269.443
269.438
269.425
269.407
269.39
269.389
269.398
269.415
269.423
269.428
269.438
269.458
269.478
269.502
269.524
269.543
269.569
269.605
269.691
269.888
270.239
270.673
271.002
271.165
271.239
271.271
271.269
271.253
271.24
271.247
271.26
271.281
271.301
271.305
271.299
271.276
271.247
271.206
259.18
269.53
269.639
269.362
269.534
269.539
269.469
269.395
269.374
269.382
269.443
269.51
269.543
269.516
269.419
269.345
269.333
269.346
269.39
269.435
269.455
269.455
269.436
269.407
269.385
269.36
269.347
269.358
269.4
269.441
269.453
269.446
269.431
269.411
269.388
269.379
269.376
269.374
269.38
269.393
269.41
269.437
269.47
269.503
269.528
269.547
269.571
269.617
269.73
269.97
270.367
270.79
271.037
271.159
271.22
271.238
271.233
271.213
271.197
271.203
271.228
271.256
271.277
271.278
271.267
271.234
271.19
271.154
219.25
262.133
268.282
269.368
269.779
269.624
269.44
269.422
269.42
269.443
269.543
269.632
269.631
269.574
269.449
269.403
269.411
269.443
269.495
269.511
269.5
269.472
269.43
269.397
269.387
269.389
269.385
269.386
269.416
269.445
269.466
269.47
269.457
269.437
269.414
269.4
269.386
269.368
269.349
269.348
269.361
269.393
269.441
269.494
269.536
269.562
269.59
269.649
269.795
270.086
270.528
270.921
271.104
271.194
271.238
271.246
271.239
271.221
271.213
271.227
271.25
271.276
271.288
271.284
271.264
271.222
271.16
271.12
182.755
220.017
258.611
269.735
270.056
269.36
269.404
269.456
269.413
269.46
269.607
269.679
269.639
269.538
269.447
269.455
269.493
269.563
269.607
269.592
269.54
269.472
269.408
269.383
269.396
269.427
269.44
269.433
269.455
269.472
269.481
269.489
269.49
269.484
269.467
269.448
269.424
269.394
269.367
269.36
269.366
269.392
269.435
269.485
269.532
269.573
269.62
269.707
269.894
270.243
270.713
271.054
271.196
271.266
271.285
271.283
271.272
271.257
271.256
271.271
271.289
271.307
271.31
271.301
271.274
271.228
271.161
271.121
180.01
182.678
217.961
260.362
268.9
269.201
269.498
269.523
269.387
269.47
269.687
269.728
269.625
269.483
269.445
269.464
269.555
269.649
269.662
269.625
269.54
269.442
269.376
269.374
269.412
269.475
269.501
269.495
269.51
269.506
269.505
269.511
269.521
269.525
269.514
269.493
269.46
269.419
269.385
269.38
269.384
269.413
269.457
269.503
269.545
269.589
269.651
269.772
270.018
270.433
270.911
271.177
271.291
271.338
271.345
271.341
271.325
271.307
271.306
271.319
271.332
271.341
271.338
271.323
271.29
271.24
271.166
271.122
180
180.01
182.376
216.786
259.07
269.106
269.94
269.349
269.314
269.586
269.816
269.767
269.566
269.46
269.446
269.482
269.604
269.667
269.651
269.601
269.506
269.408
269.366
269.378
269.447
269.53
269.565
269.577
269.586
269.57
269.552
269.544
269.559
269.558
269.546
269.521
269.481
269.432
269.399
269.393
269.4
269.432
269.483
269.535
269.575
269.619
269.694
269.853
270.162
270.631
271.099
271.293
271.371
271.386
271.38
271.37
271.358
271.349
271.352
271.365
271.372
271.371
271.361
271.336
271.298
271.247
271.174
271.135
180
180
180.008
182.132
214.339
258.994
268.952
269.18
269.321
269.915
269.97
269.734
269.528
269.509
269.498
269.547
269.628
269.635
269.621
269.56
269.46
269.388
269.377
269.403
269.491
269.575
269.626
269.661
269.67
269.658
269.635
269.614
269.606
269.596
269.577
269.545
269.494
269.436
269.41
269.411
269.427
269.469
269.527
269.577
269.614
269.66
269.749
269.946
270.315
270.818
271.236
271.372
271.403
271.404
271.394
271.378
271.372
271.368
271.372
271.387
271.386
271.38
271.365
271.335
271.298
271.253
271.193
271.159
180
180
180
180.007
181.659
213.809
257.786
268.198
269.782
270.271
269.834
269.506
269.521
269.553
269.569
269.605
269.643
269.65
269.617
269.536
269.435
269.396
269.404
269.448
269.531
269.603
269.667
269.699
269.696
269.69
269.681
269.667
269.665
269.651
269.614
269.566
269.505
269.446
269.429
269.438
269.466
269.517
269.578
269.622
269.653
269.701
269.808
270.046
270.468
270.984
271.331
271.403
271.406
271.406
271.398
271.384
271.381
271.38
271.38
271.389
271.386
271.373
271.354
271.324
271.287
271.246
271.199
271.167
180
180
180
180
180.004
181.652
210.777
254.638
268.576
270.232
269.033
269.137
269.587
269.582
269.596
269.634
269.666
269.664
269.616
269.527
269.435
269.42
269.438
269.498
269.567
269.622
269.681
269.7
269.691
269.69
269.693
269.687
269.691
269.69
269.661
269.592
269.52
269.469
269.465
269.474
269.5
269.546
269.599
269.645
269.684
269.738
269.868
270.154
270.62
271.124
271.383
271.405
271.405
271.404
271.4
271.39
271.385
271.384
271.382
271.384
271.381
271.364
271.341
271.311
271.273
271.232
271.188
271.154
180
180
180
180
180
180.005
181.112
207.992
253.591
268.972
268.198
269.455
269.934
269.6
269.612
269.661
269.681
269.662
269.612
269.519
269.435
269.433
269.455
269.524
269.59
269.63
269.675
269.671
269.648
269.651
269.668
269.67
269.683
269.694
269.683
269.636
269.574
269.537
269.52
269.51
269.518
269.549
269.593
269.637
269.688
269.769
269.944
270.289
270.775
271.242
271.398
271.398
271.399
271.4
271.401
271.397
271.392
271.391
271.386
271.38
271.373
271.353
271.327
271.295
271.256
271.213
271.168
271.124
180
180
180
180
180
180
180.002
180.91
204.154
250.61
266.343
270.749
270.055
269.424
269.467
269.639
269.701
269.672
269.6
269.512
269.431
269.426
269.449
269.517
269.595
269.627
269.652
269.631
269.574
269.56
269.572
269.581
269.614
269.658
269.665
269.654
269.623
269.595
269.562
269.528
269.522
269.535
269.562
269.604
269.669
269.784
270.015
270.426
270.922
271.328
271.391
271.386
271.384
271.387
271.396
271.397
271.395
271.391
271.384
271.373
271.36
271.338
271.31
271.277
271.238
271.192
271.144
271.092
180
180
180
180
180
180
180
180.002
180.6
200.419
245.74
268.797
269.218
268.995
269.409
269.564
269.628
269.624
269.586
269.527
269.446
269.407
269.419
269.474
269.565
269.624
269.616
269.577
269.498
269.455
269.461
269.474
269.518
269.57
269.617
269.633
269.626
269.608
269.571
269.529
269.503
269.501
269.516
269.554
269.634
269.795
270.087
270.55
271.045
271.372
271.378
271.372
271.363
271.366
271.38
271.39
271.388
271.382
271.374
271.361
271.346
271.327
271.3
271.268
271.229
271.182
271.126
271.063
180
180
180
180
180
180
180
180
180.001
180.378
197.023
243.618
266.574
269.088
269.389
269.464
269.582
269.615
269.606
269.576
269.498
269.409
269.388
269.415
269.506
269.575
269.563
269.518
269.426
269.355
269.361
269.381
269.423
269.478
269.547
269.581
269.592
269.588
269.556
269.52
269.481
269.462
269.474
269.516
269.611
269.806
270.158
270.654
271.132
271.375
271.373
271.363
271.345
271.34
271.348
271.362
271.365
271.361
271.356
271.347
271.333
271.315
271.291
271.26
271.219
271.171
271.115
271.051
180
180
180
180
180
180
180
180
180
180.001
180.259
193.335
238.72
265.387
269.435
269.549
269.641
269.691
269.678
269.629
269.524
269.407
269.383
269.407
269.484
269.524
269.505
269.46
269.376
269.322
269.328
269.342
269.375
269.437
269.499
269.532
269.556
269.559
269.534
269.507
269.474
269.444
269.457
269.503
269.613
269.844
270.244
270.752
271.186
271.37
271.371
271.362
271.342
271.324
271.318
271.322
271.327
271.33
271.333
271.331
271.32
271.302
271.278
271.247
271.205
271.157
271.102
271.046
180
180
180
180
180
180
180
180
180
180
180
180.155
189.934
232.773
264.467
268.965
269.872
269.602
269.482
269.51
269.479
269.405
269.396
269.425
269.496
269.499
269.469
269.408
269.332
269.33
269.36
269.39
269.418
269.456
269.489
269.504
269.531
269.533
269.513
269.5
269.483
269.458
269.471
269.527
269.654
269.919
270.357
270.855
271.223
271.369
271.375
271.37
271.353
271.327
271.304
271.296
271.299
271.304
271.311
271.315
271.309
271.29
271.265
271.235
271.196
271.147
271.093
271.044
180
180
180
180
180
180
180
180
180
180
180
180
180.083
187.037
227.698
261.233
268.486
269.063
269.191
269.455
269.466
269.42
269.421
269.443
269.516
269.5
269.459
269.381
269.334
269.36
269.414
269.458
269.488
269.502
269.504
269.501
269.501
269.499
269.491
269.494
269.494
269.487
269.509
269.578
269.731
270.032
270.5
270.967
271.264
271.375
271.39
271.388
271.373
271.34
271.305
271.287
271.287
271.293
271.298
271.3
271.295
271.278
271.25
271.222
271.188
271.14
271.087
271.041
180
180
180
180
180
180
180
180
180
180
180
180
180
180.046
184.498
221.587
259.928
269.025
269.387
269.77
269.608
269.382
269.385
269.422
269.508
269.489
269.447
269.369
269.355
269.408
269.491
269.536
269.556
269.547
269.524
269.503
269.482
269.468
269.471
269.485
269.506
269.517
269.551
269.635
269.822
270.169
270.653
271.07
271.306
271.4
271.419
271.417
271.399
271.362
271.316
271.289
271.285
271.29
271.296
271.293
271.286
271.269
271.239
271.204
271.167
271.121
271.07
271.03
180
180
180
180
180
180
180
180
180
180
180
180
180
180
180.021
183.025
214.231
254.766
269.041
270.146
269.655
269.186
269.309
269.375
269.511
269.498
269.481
269.421
269.407
269.462
269.534
269.563
269.573
269.555
269.523
269.51
269.501
269.493
269.488
269.494
269.512
269.541
269.591
269.696
269.919
270.307
270.789
271.146
271.335
271.414
271.428
271.425
271.406
271.366
271.319
271.292
271.29
271.293
271.296
271.291
271.282
271.264
271.232
271.197
271.159
271.112
271.063
271.024
180
180
180
180
180
180
180
180
180
180
180
180
180
180
180
180.011
181.454
207.93
251.923
268.292
268.694
269.236
269.309
269.433
269.515
269.511
269.508
269.472
269.488
269.534
269.577
269.587
269.573
269.546
269.531
269.535
269.539
269.539
269.525
269.515
269.527
269.555
269.611
269.741
270.013
270.445
270.903
271.203
271.358
271.423
271.429
271.421
271.395
271.353
271.311
271.29
271.29
271.295
271.302
271.297
271.285
271.264
271.23
271.193
271.154
271.107
271.058
271.016
180
180
180
180
180
180
180
180
180
180
180
180
180
180
180
180
180.003
180.875
200.673
245.965
265.596
270.22
269.847
269.578
269.556
269.505
269.492
269.511
269.577
269.629
269.634
269.618
269.565
269.538
269.548
269.573
269.592
269.594
269.57
269.54
269.539
269.565
269.631
269.794
270.121
270.584
271.006
271.246
271.377
271.434
271.443
271.432
271.394
271.348
271.309
271.298
271.298
271.305
271.312
271.306
271.292
271.269
271.233
271.193
271.149
271.101
271.05
271.003
180
180
180
180
180
180
180
180
180
180
180
180
180
180
180
180
180
180.002
180.383
194.754
237.031
265.829
268.983
269.347
269.568
269.444
269.395
269.43
269.519
269.638
269.667
269.64
269.569
269.535
269.552
269.592
269.617
269.616
269.584
269.546
269.543
269.574
269.661
269.868
270.251
270.724
271.09
271.278
271.389
271.445
271.458
271.445
271.403
271.356
271.323
271.318
271.316
271.322
271.325
271.317
271.302
271.276
271.239
271.195
271.146
271.097
271.043
270.991
180
180
180
180
180
180
180
180
180
180
180
180
180
180
180
180
180
180
180
180.179
189.36
230.057
260.854
269.197
269.95
269.446
269.233
269.33
269.448
269.603
269.632
269.609
269.539
269.517
269.54
269.578
269.597
269.589
269.553
269.526
269.534
269.577
269.697
269.958
270.388
270.841
271.14
271.298
271.399
271.452
271.469
271.458
271.416
271.37
271.346
271.34
271.334
271.337
271.338
271.331
271.318
271.296
271.26
271.215
271.16
271.103
271.043
270.991
180
180
180
180
180
180
180
180
180
180
180
180
180
180
180
180
180
180
180
180
180.076
185.182
220.847
258.235
269.287
268.924
269.181
269.21
269.335
269.467
269.475
269.479
269.479
269.496
269.53
269.558
269.547
269.518
269.492
269.49
269.522
269.594
269.749
270.06
270.511
270.905
271.149
271.301
271.4
271.453
271.474
271.468
271.431
271.391
271.37
271.358
271.346
271.342
271.338
271.334
271.324
271.308
271.282
271.235
271.173
271.107
271.041
270.988
180
180
180
180
180
180
180
180
180
180
180
180
180
180
180
180
180
180
180
180
180
180.026
182.785
210.461
253.898
268.026
269.97
269.594
269.479
269.505
269.455
269.433
269.461
269.542
269.595
269.585
269.537
269.484
269.473
269.499
269.555
269.658
269.848
270.193
270.624
270.948
271.15
271.292
271.39
271.449
271.468
271.465
271.431
271.397
271.379
271.361
271.345
271.33
271.32
271.317
271.314
271.31
271.292
271.245
271.178
271.108
271.038
270.982
180
180
180
180
180
180
180
180
180
180
180
180
180
180
180
180
180
180
180
180
180
180
180.009
181.037
203.019
245.364
267.248
270.077
269.917
269.677
269.602
269.492
269.497
269.59
269.655
269.635
269.56
269.484
269.488
269.543
269.646
269.782
269.996
270.354
270.739
271.007
271.179
271.303
271.394
271.453
271.458
271.448
271.415
271.394
271.382
271.366
271.346
271.324
271.304
271.286
271.277
271.271
271.263
271.233
271.171
271.099
271.025
270.968
180
180
180
180
180
180
180
180
180
180
180
180
180
180
180
180
180
180
180
180
180
180
180
180.002
180.494
194.982
237.204
263.416
268.82
269.787
269.644
269.57
269.534
269.588
269.613
269.588
269.519
269.465
269.496
269.57
269.698
269.855
270.102
270.477
270.84
271.078
271.226
271.324
271.402
271.448
271.445
271.431
271.41
271.401
271.395
271.384
271.362
271.333
271.303
271.271
271.237
271.211
271.188
271.162
271.116
271.05
270.981
270.925
180
180
180
180
180
180
180
180
180
180
180
180
180
180
180
180
180
180
180
180
180
180
180
180
180.001
180.182
188.261
226.926
259.132
269.076
269.549
269.513
269.443
269.416
269.417
269.407
269.41
269.413
269.453
269.52
269.651
269.826
270.11
270.513
270.896
271.131
271.258
271.332
271.383
271.411
271.409
271.414
271.413
271.418
271.418
271.415
271.4
271.363
271.323
271.277
271.22
271.169
271.129
271.088
271.044
270.987
270.923
270.859
180
180
180
180
180
180
180
180
180
180
180
180
180
180
180
180
180
180
180
180
180
180
180
180
180
180
180.058
184.2
213.359
255.417
267.743
269.414
269.348
269.28
269.329
269.373
269.44
269.469
269.474
269.506
269.614
269.787
270.105
270.554
270.951
271.166
271.27
271.313
271.335
271.345
271.357
271.378
271.408
271.433
271.436
271.433
271.422
271.387
271.348
271.306
271.242
271.158
271.099
271.053
271.002
270.948
270.886
270.818
180
180
180
180
180
180
180
180
180
180
180
180
180
180
180
180
180
180
180
180
180
180
180
180
180
180
180
180.018
181.354
204.834
245.799
267.337
269.939
269.607
269.533
269.597
269.753
269.784
269.741
269.682
269.704
269.858
270.212
270.684
271.062
271.241
271.304
271.31
271.316
271.33
271.349
271.373
271.399
271.413
271.411
271.408
271.411
271.392
271.355
271.323
271.273
271.187
271.104
271.048
270.994
270.939
270.877
270.812
180
180
180
180
180
180
180
180
180
180
180
180
180
180
180
180
180
180
180
180
180
180
180
180
180
180
180
180
180.003
180.579
195.083
236.493
262.835
268.954
269.75
269.912
270.003
269.981
269.922
269.833
269.844
270.009
270.397
270.869
271.201
271.332
271.358
271.349
271.339
271.361
271.391
271.416
271.437
271.424
271.394
271.363
271.352
271.359
271.347
271.326
271.288
271.214
271.13
271.072
271.014
270.956
270.896
270.84
180
180
180
180
180
180
180
180
180
180
180
180
180
180
180
180
180
180
180
180
180
180
180
180
180
180
180
180
180
180.001
180.184
187.645
223.823
257.888
268.122
269.442
269.701
269.604
269.642
269.725
269.841
270.079
270.489
270.948
271.239
271.348
271.375
271.386
271.408
271.461
271.506
271.525
271.515
271.464
271.398
271.35
271.32
271.316
271.318
271.311
271.288
271.23
271.157
271.103
271.052
271.002
270.946
270.901
180
180
180
180
180
180
180
180
180
180
180
180
180
180
180
180
180
180
180
180
180
180
180
180
180
180
180
180
180
180
180
180.048
183.259
209.686
253.024
266.702
269.005
269.036
269.146
269.41
269.723
270.107
270.569
270.943
271.114
271.209
271.296
271.378
271.468
271.554
271.605
271.615
271.592
271.525
271.438
271.375
271.341
271.325
271.314
271.301
271.275
271.225
271.177
271.133
271.091
271.052
271.005
270.969
180
180
180
180
180
180
180
180
180
180
180
180
180
180
180
180
180
180
180
180
180
180
180
180
180
180
180
180
180
180
180
180
180.012
180.916
201.114
239.88
266.587
269.301
269.46
269.656
270.013
270.384
270.778
270.979
271.039
271.093
271.19
271.325
271.469
271.594
271.65
271.657
271.635
271.572
271.497
271.453
271.422
271.394
271.37
271.337
271.277
271.208
271.166
271.138
271.12
271.101
271.066
271.039
180
180
180
180
180
180
180
180
180
180
180
180
180
180
180
180
180
180
180
180
180
180
180
180
180
180
180
180
180
180
180
180
180
180.002
180.376
190.18
229.948
258.665
269.505
270.46
270.562
270.793
271.007
271.081
271.108
271.193
271.292
271.408
271.532
271.616
271.628
271.62
271.598
271.569
271.555
271.552
271.545
271.526
271.495
271.433
271.333
271.231
271.18
271.149
271.131
271.115
271.086
271.067
180
180
180
180
180
180
180
180
180
180
180
180
180
180
180
180
180
180
180
180
180
180
180
180
180
180
180
180
180
180
180
180
180
180
180
180.086
184.631
213.755
253.768
266.509
269.571
270.548
271.017
271.247
271.406
271.498
271.564
271.619
271.677
271.7
271.679
271.624
271.566
271.547
271.554
271.591
271.648
271.643
271.613
271.556
271.454
271.336
271.276
271.247
271.228
271.205
271.171
271.155
180
180
180
180
180
180
180
180
180
180
180
180
180
180
180
180
180
180
180
180
180
180
180
180
180
180
180
180
180
180
180
180
180
180
180
180
180.02
181.387
201.175
241.504
265.898
271.493
271.677
271.606
271.699
271.717
271.739
271.776
271.82
271.85
271.851
271.805
271.73
271.692
271.676
271.673
271.7
271.712
271.69
271.66
271.594
271.495
271.44
271.41
271.39
271.367
271.324
271.309
180
180
180
180
180
180
180
180
180
180
180
180
180
180
180
180
180
180
180
180
180
180
180
180
180
180
180
180
180
180
180
180
180
180
180
180
180
180.003
180.363
191.525
229.495
262.03
269.354
271.083
271.408
271.396
271.6
271.784
271.947
272.059
272.125
272.115
272.061
271.971
271.905
271.867
271.851
271.857
271.846
271.827
271.776
271.682
271.619
271.578
271.554
271.535
271.487
271.475
180
180
180
180
180
180
180
180
180
180
180
180
180
180
180
180
180
180
180
180
180
180
180
180
180
180
180
180
180
180
180
180
180
180
180
180
180
180
180
180.106
184.575
216.041
254.85
271.935
271.932
271.754
271.777
271.956
272.136
272.234
272.315
272.351
272.326
272.249
272.146
272.094
272.063
272.058
272.048
272.029
271.977
271.882
271.806
271.751
271.707
271.671
271.62
271.604
180
180
180
180
180
180
180
180
180
180
180
180
180
180
180
180
180
180
180
180
180
180
180
180
180
180
180
180
180
180
180
180
180
180
180
180
180
180
180
180
180.02
181.584
202.731
248.229
267.213
272.512
272.45
272.204
272.229
272.33
272.341
272.386
272.383
272.355
272.304
272.258
272.23
272.211
272.192
272.167
272.124
272.049
271.974
271.912
271.845
271.789
271.733
271.709
180
180
180
180
180
180
180
180
180
180
180
180
180
180
180
180
180
180
180
180
180
180
180
180
180
180
180
180
180
180
180
180
180
180
180
180
180
180
180
180
180
180.004
180.437
193.846
232.625
266.56
271.76
272.024
272.439
272.461
272.361
272.384
272.412
272.398
272.375
272.342
272.306
272.262
272.221
272.193
272.169
272.136
272.086
272.009
271.926
271.86
271.804
271.766
180
180
180
180
180
180
180
180
180
180
180
180
180
180
180
180
180
180
180
180
180
180
180
180
180
180
180
180
180
180
180
180
180
180
180
180
180
180
180
180
180
180
180.001
180.141
185.852
220.855
258.654
271.948
273.495
273.159
272.649
272.508
272.546
272.538
272.51
272.451
272.379
272.303
272.238
272.184
272.142
272.107
272.078
272.018
271.944
271.891
271.846
271.796
180
180
180
180
180
180
180
180
180
180
180
180
180
180
180
180
180
180
180
180
180
180
180
180
180
180
180
180
180
180
180
180
180
180
180
180
180
180
180
180
180
180
180
180
180.031
182.154
208.009
250.077
270.741
271.915
272.071
272.286
272.591
272.691
272.664
272.604
272.533
272.449
272.364
272.262
272.155
272.077
272.011
271.963
271.915
271.876
271.845
271.796
180
180
180
180
180
180
180
180
180
180
180
180
180
180
180
180
180
180
180
180
180
180
180
180
180
180
180
180
180
180
180
180
180
180
180
180
180
180
180
180
180
180
180
180
180
180.006
180.723
195.79
238.246
265.761
272.211
273.124
273.001
272.89
272.699
272.598
272.545
272.518
272.483
272.407
272.245
272.068
271.967
271.908
271.875
271.839
271.816
271.773
180
180
180
180
180
180
180
180
180
180
180
180
180
180
180
180
180
180
180
180
180
180
180
180
180
180
180
180
180
180
180
180
180
180
180
180
180
180
180
180
180
180
180
180
180
180
180.001
180.184
187.488
223.544
259.646
272.379
272.798
272.613
272.274
272.097
272.128
272.33
272.45
272.42
272.295
272.092
271.959
271.883
271.847
271.816
271.792
271.744
180
180
180
180
180
180
180
180
180
180
180
180
180
180
180
180
180
180
180
180
180
180
180
180
180
180
180
180
180
180
180
180
180
180
180
180
180
180
180
180
180
180
180
180
180
180
180
180
180.047
182.786
208.186
252.486
270.701
272.56
272.194
271.909
271.968
272.206
272.375
272.316
272.209
272.066
271.946
271.873
271.828
271.799
271.772
271.722
180
180
180
180
180
180
180
180
180
180
180
180
180
180
180
180
180
180
180
180
180
180
180
180
180
180
180
180
180
180
180
180
180
180
180
180
180
180
180
180
180
180
180
180
180
180
180
180
180
180.009
180.741
197.646
238.417
266.839
272.911
272.757
272.733
272.644
272.392
272.238
272.136
272.041
271.925
271.839
271.788
271.758
271.738
271.688
180
180
180
180
180
180
180
180
180
180
180
180
180
180
180
180
180
180
180
180
180
180
180
180
180
180
180
180
180
180
180
180
180
180
180
180
180
180
180
180
180
180
180
180
180
180
180
180
180
180
180.001
180.24
187.972
223.23
259.31
270.493
273.074
272.922
272.334
272.217
272.165
272.091
271.951
271.805
271.737
271.696
271.677
271.632
180
180
180
180
180
180
180
180
180
180
180
180
180
180
180
180
180
180
180
180
180
180
180
180
180
180
180
180
180
180
180
180
180
180
180
180
180
180
180
180
180
180
180
180
180
180
180
180
180
180
180
180
180.05
182.572
208.304
248.245
270.123
271.381
271.563
271.917
272.24
272.155
271.98
271.784
271.706
271.664
271.637
271.569
180
180
180
180
180
180
180
180
180
180
180
180
180
180
180
180
180
180
180
180
180
180
180
180
180
180
180
180
180
180
180
180
180
180
180
180
180
180
180
180
180
180
180
180
180
180
180
180
180
180
180
180
180
180.008
180.729
194.118
234.279
262.155
271.778
272.817
272.766
272.282
271.913
271.691
271.673
271.668
271.649
271.55
180
180
180
180
180
180
180
180
180
180
180
180
180
180
180
180
180
180
180
180
180
180
180
180
180
180
180
180
180
180
180
180
180
180
180
180
180
180
180
180
180
180
180
180
180
180
180
180
180
180
180
180
180
180
180.001
180.146
185.626
215.678
255.52
269.828
271.632
271.661
271.612
271.583
271.615
271.671
271.66
271.552
180
180
180
180
180
180
180
180
180
180
180
180
180
180
180
180
180
180
180
180
180
180
180
180
180
180
180
180
180
180
180
180
180
180
180
180
180
180
180
180
180
180
180
180
180
180
180
180
180
180
180
180
180
180
180
180
180.029
181.495
200.859
241.374
265.378
272.306
272.335
272.048
271.813
271.662
271.55
271.434
180
180
180
180
180
180
180
180
180
180
180
180
180
180
180
180
180
180
180
180
180
180
180
180
180
180
180
180
180
180
180
180
180
180
180
180
180
180
180
180
180
180
180
180
180
180
180
180
180
180
180
180
180
180
180
180
180
180.003
180.33
189.637
222.102
260.228
269.184
270.954
271.342
271.172
271.158
271.234
180
180
180
180
180
180
180
180
180
180
180
180
180
180
180
180
180
180
180
180
180
180
180
180
180
180
180
180
180
180
180
180
180
180
180
180
180
180
180
180
180
180
180
180
180
180
180
180
180
180
180
180
180
180
180
180
180
180
180
180.072
182.441
207.127
243.643
267.857
271.842
271.041
271.268
271.301
180
180
180
180
180
180
180
180
180
180
180
180
180
180
180
180
180
180
180
180
180
180
180
180
180
180
180
180
180
180
180
180
180
180
180
180
180
180
180
180
180
180
180
180
180
180
180
180
180
180
180
180
180
180
180
180
180
180
180
180
180.007
180.611
191.272
227.552
258.521
269.397
271.946
271.845
180
180
180
180
180
180
180
180
180
180
180
180
180
180
180
180
180
180
180
180
180
180
180
180
180
180
180
180
180
180
180
180
180
180
180
180
180
180
180
180
180
180
180
180
180
180
180
180
180
180
180
180
180
180
180
180
180
180
180
180
180
180.001
180.097
183.401
207.837
245.873
266.896
270.242
180
180
180
180
180
180
180
180
180
180
180
180
180
180
180
180
180
180
180
180
180
180
180
180
180
180
180
180
180
180
180
180
180
180
180
180
180
180
180
180
180
180
180
180
180
180
180
180
180
180
180
180
180
180
180
180
180
180
180
180
180
180
180
180.012
180.707
192.344
226.625
258.863
180
180
180
180
180
180
180
180
180
180
180
180
180
180
180
180
180
180
180
180
180
180
180
180
180
180
180
180
180
180
180
180
180
180
180
180
180
180
180
180
180
180
180
180
180
180
180
180
180
180
180
180
180
180
180
180
180
180
180
180
180
180
180
180
180.001
180.11
183.74
204.206
180
180
180
180
180
180
180
180
180
180
180
180
180
180
180
180
180
180
180
180
180
180
180
180
180
180
180
180
180
180
180
180
180
180
180
180
180
180
180
180
180
180
180
180
180
180
180
180
180
180
180
180
180
180
180
180
180
180
180
180
180
180
180
180
180
180
180.033
178.884
180
180
180
180
180
180
180
180
180
180
180
180
180
180
180
180
180
180
180
180
180
180
180
180
180
180
180
180
180
180
180
180
180
180
180
180
180
180
180
180
180
180
180
180
180
180
180
180
180
180
180
180
180
180
180
180
180
180
180
180
180
180
180
180
180
180
180
179.884
180
180
180
180
180
180
180
180
180
180
180
180
180
180
180
180
180
180
180
180
180
180
180
180
180
180
180
180
180
180
180
180
180
180
180
180
180
180
180
180
180
180
180
180
180
180
180
180
180
180
180
180
180
180
180
180
180
180
180
180
180
180
180
180
180
180
180
179.999
180
180
180
180
180
180
180
180
180
180
180
180
180
180
180
180
180
180
180
180
180
180
180
180
180
180
180
180
180
180
180
180
180
180
180
180
180
180
180
180
180
180
180
180
180
180
180
180
180
180
180
180
180
180
180
180
180
180
180
180
180
180
180
180
180
180
180
180
180
180
180
180
180
180
180
180
180
180
180
180
180
180
180
180
180
180
180
180
180
180
180
180
180
180
180
180
180
180
180
180
180
180
180
180
180
180
180
180
180
180
180
180
180
180
180
180
180
180
180
180
180
180
180
180
180
180
180
180
180
180
180
180
180
180
180
180
180
180
180
180
180
180
180
180
180
180
180
180
180
180
180
180
180
180
180
180
180
180
180
180
180
180
180
180
180
180
180
180
180
180
180
180
180
180
180
180
180
180
180
180
180
180
180
180
180
180
180
180
180
180
180
180
180
180
180
180
180
180
180
180
180
180
180
180
180
180
180
180
180
180
180
180
180
180
180
180
180
180
180
180
180
180
180
180
180
180
180
180
180
180
180
180
180
180
180
180
180
180
180
180
180
180
180
180
180
180
180
180
180
180
180
180
180
180
180
180
180
180
180
180
180
180
180
180
180
180
180
180
180
180
180
180
180
180
180
180
180
180
180
180
180
180
180
180
180
180
180
180
180
180
180
180
180
180
180
180
180
180
180
180
180
180
180
180
180
180
180
180
180
180
180
180
180
180
180
180
180
180
180
180
180
180
180
180
180
180
180
180
180
180
180
180
180
180
180
180
180
180
180
180
180
180
180
180
180
180
180
180
180
180
180
180
180
180
180
180
180
180
180
180
180
180
180
180
180
180
180
180
180
180
180
180
180
180
180
180
180
180
180
180
180
180
180
180
180
180
180
180
180
180
180
180
180
180
180
180
180
180
180
180
180
180
180
180
180
180
180
180
180
180
180
180
180
180
180
180
180
180
180
180
180
180
180
180
180
180
180
180
180
180
180
180
180
180
180
180
180
180
180
180
180
180
180
180
180
180
180
180
180
180
180
180
180
180
180
180
180
180
180
180
180
180
180
180
180
180
180
180
180
180
180
180
180
180
180
180
180
180
180
180
180
180
180
180
180
180
180
180
180
180
180
180
180
180
180
180
180
180
180
180
180
180
180
180
180
180
180
180
180
180
180
180
180
180
180
180
180
180
180
180
180
180
180
180
180
180
180
180
180
180
180
180
180
180
180
180
180
180
180
180
180
180
180
180
180
180
180
180
180
180
180
180
180
180
180
180
180
180
180
180
180
180
180
180
180
180
180
180
180
180
180
180
180
180
180
180
180
180
180
180
180
180
180
180
180
180
180
180
180
180
180
180
180
180
180
180
180
180
180
180
180
180
180
180
180
180
180
180
180
180
180
180
180
180
180
180
180
180
180
180
180
180
180
180
180
180
180
180
180
180
180
180
180
180
180
180
180
180
180
180
180
180
180
180
180
180
180
180
180
180
180
180
180
180
180
180
180
180
180
180
180
180
180
180
180
180
180
180
180
180
180
180
180
180
180
180
180
180
180
180
180
180
180
180
180
180
180
180
180
180
180
180
180
180
180
180
180
180
180
180
180
180
180
180
180
180
180
180
180
180
180
180
180
180
180
180
180
180
180
180
180
180
180
180
180
180
180
180
180
180
180
180
180
180
180
180
180
180
180
180
180
180
180
180
180
180
180
180
180
180
180
180
180
180
180
180
180
180
180
180
180
180
180
180
180
180
180
180
180
180
180
180
180
180
180
180
180
180
180
180
180
180
180
180
180
180
180
180
180
180
180
180
180
180
180
180
180
180
180
180
180
180
180
180
180
180
180
180
180
180
180
180
180
180
180
180
180
180
180
180
180
180
180
180
180
180
180
180
180
180
180
180
180
180
180
180
180
180
180
180
180
180
180
180
180
180
180
180
180
180
180
180
180
180
180
180
180
180
180
180
180
180
180
180
180
180
180
180
180
180
180
180
180
180
180
180
180
180
180
180
180
180
180
180
180
180
180
180
180
180
180
180
180
180
180
180
180
180
180
180
180
180
180
180
180
180
180
180
180
180
180
180
180
180
180
180
180
180
180
180
180
180
180
180
180
180
180
180
180
180
180
180
180
180
180
180
180
180
180
180
180
180
180
180
180
180
180
180
180
180
180
180
180
180
180
180
180
180
180
180
180
180
180
180
180
180
180
180
180
180
180
180
180
180
180
180
180
180
180
180
180
180
180
180
180
180
180
180
180
180
180
180
180
180
180
180
180
180
180
180
180
180
180
180
180
180
180
180
180
180
180
180
180
180
180
180
180
180
180
180
180
180
180
180
180
180
180
180
180
180
180
180
180
180
180
180
180
180
180
180
180
180
180
180
180
180
180
180
180
180
180
180
180
180
180
180
180
180
180
180
180
180
180
180
180
180
180
180
180
180
180
180
180
180
180
180
180
180
180
180
180
180
180
180
180
180
180
180
180
180
180
180
180
180
180
180
180
180
180
180
180
180
180
180
180
180
180
180
180
180
180
180
180
180
180
180
180
180
180
180
180
180
180
180
180
180
180
180
180
180
180
180
180
180
180
180
180
180
180
180
180
180
180
180
180
180
180
180
180
180
180
180
180
180
180
180
180
180
180
180
180
180
180
180
180
180
180
180
180
180
180
180
180
180
180
180
180
180
180
180
180
180
180
180
180
180
180
180
180
180
180
180
180
180
180
180
180
180
180
180
180
180
180
180
180
180
180
180
180
180
180
180
180
180
180
180
180
180
180
180
180
180
180
180
180
180
180
180
180
180
180
180
180
180
180
180
180
180
180
180
180
180
180
180
180
180
180
180
180
180
180
180
180
180
180
180
180
180
180
180
180
180
180
180
180
180
180
180
180
180
180
180
180
180
180
180
180
180
180
180
180
180
180
180
180
180
180
180
180
180
180
180
180
180
180
180
180
180
180
180
180
180
180
180
180
180
180
180
180
180
180
180
180
180
180
180
180
180
180
180
180
180
180
180
180
180
180
180
180
180
180
180
180
180
180
180
180
180
180
180
180
180
180
180
180
180
180
180
180
180
180
180
180
180
180
180
180
180
180
180
180
180
180
180
180
180
180
180
180
180
180
180
180
180
180
180
180
180
180
180
180
180
180
180
180
180
180
180
180
180
180
180
180
180
180
180
180
180
180
180
180
180
180
180
180
180
180
180
180
180
180
180
180
180
180
180
180
180
180
180
180
180
180
180
180
180
180
180
180
180
180
180
180
180
180
180
180
180
180
180
180
180
180
180
180
180
180
180
180
180
180
180
180
180
180
180
180
180
180
180
180
180
180
180
180
180
180
180
180
180
180
180
180
180
180
180
180
180
180
180
180
180
180
180
180
180
180
180
180
180
180
180
180
180
180
180
180
180
180
180
180
180
180
180
180
180
180
180
180
180
180
180
180
180
180
180
180
180
180
180
180
180
180
180
180
180
180
180
180
180
180
180
180
180
180
180
180
180
180
180
180
180
180
180
180
180
180
180
180
180
180
180
180
180
180
180
180
180
180
180
180
180
180
180
180
180
180
180
180
180
180
180
180
180
180
180
180
180
180
180
180
180
180
180
180
180
180
180
180
180
180
180
180
180
180
180
180
180
180
180
180
180
180
180
180
180
180
180
180
180
180
180
180
180
180
180
180
180
180
180
180
180
180
180
180
180
180
180
180
180
180
180
180
180
180
180
180
180
180
180
180
180
180
180
180
180
180
180
180
180
180
180
180
180
180
180
180
180
180
180
180
180
180
180
180
180
180
180
180
180
180
180
180
180
180
180
180
180
180
180
180
180
180
180
180
180
180
180
180
180
180
180
180
180
180
180
180
180
180
180
180
180
180
180
180
180
180
180
180
180
180
180
180
180
180
180
180
180
180
180
180
180
180
180
180
180
180
180
180
180
180
180
180
180
180
180
180
180
180
180
180
180
180
180
180
180
180
180
180
180
180
180
180
180
180
180
180
180
180
180
180
180
180
180
180
180
180
180
180
180
180
180
180
180
180
180
180
180
180
180
180
180
180
180
180
180
180
180
180
180
180
180
180
180
180
180
180
180
180
180
180
180
180
180
180
180
180
180
180
180
180
180
180
180
180
180
180
180
180
180
180
180
180
180
180
180
180
180
180
180
180
180
180
180
180
180
180
180
180
180
180
180
180
180
180
180
180
180
180
180
180
180
180
180
180
180
180
180
180
180
180
180
180
180
180
180
180
180
180
180
180
180
180
180
180
180
180
180
180
180
180
180
180
180
180
180
180
180
180
180
180
180
180
180
180
180
180
180
180
180
180
180
180
180
180
180
180
180
180
180
180
180
180
180
180
180
180
180
180
180
180
180
180
180
180
180
180
180
180
180
180
180
180
180
180
180
180
180
180
180
180
180
180
180
180
180
180
180
180
180
180
180
180
180
180
180
180
180
180
180
180
180
180
180
180
180
180
180
180
180
180
180
180
180
180
180
180
180
180
180
180
180
180
180
180
180
180
180
180
180
180
180
180
180
180
180
180
180
180
180
180
180
180
180
180
180
180
180
180
180
180
180
180
180
180
180
180
180
180
180
180
180
180
180
180
180
180
180
180
180
180
180
180
180
180
180
180
180
180
180
180
180
180
180
180
180
180
180
180
180
180
180
180
180
180
180
180
180
180
180
180
180
180
180
180
180
180
180
180
180
180
180
180
180
180
180
180
180
180
180
180
180
180
180
180
180
180
180
180
180
180
180
180
180
180
180
180
180
180
180
180
180
180
180
180
180
180
180
180
180
180
180
180
180
180
180
180
180
180
180
180
180
180
180
180
180
180
180
180
180
180
180
180
180
180
180
180
180
180
180
180
180
180
180
180
180
180
180
180
180
180
180
180
180
180
180
180
180
180
180
180
180
180
180
222.608
192.008
195.001
196.702
200.336
202.427
201.918
200.899
200.451
200.139
199.909
199.698
199.479
199.242
198.997
198.763
198.525
198.265
197.995
197.484
244.353
215.094
205.867
198.804
198.87
200.214
200.079
199.972
199.776
199.541
199.36
199.212
199.041
198.854
198.657
198.465
198.257
198.022
197.774
197.299
251.902
224.855
208.351
197.632
197.095
196.723
197.234
198.035
198.055
197.971
197.925
197.902
197.846
197.779
197.68
197.573
197.445
197.289
197.112
196.73
256.996
234.298
215.444
200.733
196.958
194.247
194.775
196.143
196.31
196.267
196.284
196.32
196.337
196.347
196.334
196.308
196.258
196.177
196.063
195.796
260.688
241.706
222.648
206.581
198.554
193.251
194.174
195.09
195.115
195.175
195.143
195.107
195.119
195.148
195.145
195.137
195.11
195.063
194.984
194.78
263.316
247.332
229.629
213.785
202.854
194.236
194.512
194.242
194.403
194.681
194.637
194.516
194.473
194.461
194.432
194.396
194.342
194.276
194.188
193.985
265.168
251.669
235.658
220.476
207.87
197.156
195.402
193.705
194.013
194.482
194.466
194.323
194.247
194.188
194.117
194.046
193.956
193.852
193.735
193.494
266.483
254.971
240.685
226.27
213.372
201.992
197.061
194.004
194.001
194.391
194.358
194.247
194.173
194.092
194.006
193.913
193.795
193.662
193.522
193.247
267.39
257.542
244.753
231.312
218.694
206.871
199.373
194.161
194.287
194.409
194.202
194.204
194.158
194.045
193.952
193.853
193.723
193.574
193.42
193.125
268.034
259.569
248.044
235.713
223.386
211.825
202.857
195.161
195.163
194.457
194.022
194.157
194.145
194.009
193.911
193.809
193.673
193.514
193.352
193.05
268.534
261.173
250.834
239.397
227.645
216.493
206.53
197.576
195.883
194.066
193.919
194.139
194.096
193.941
193.86
193.756
193.619
193.456
193.287
192.987
268.948
262.513
253.174
242.576
231.465
220.586
210.497
201.017
196.885
193.894
193.908
194.128
193.991
193.845
193.789
193.676
193.543
193.38
193.211
192.921
269.292
263.665
255.163
245.38
234.78
224.387
214.343
204.672
198.551
194.092
194.212
194.086
193.757
193.737
193.699
193.574
193.452
193.291
193.124
192.845
269.589
264.645
256.921
247.828
237.784
227.824
217.915
208.415
200.99
194.748
194.774
194.124
193.577
193.663
193.623
193.475
193.363
193.199
193.033
192.763
269.849
265.497
258.465
249.994
240.528
230.92
221.291
212.027
203.754
196.393
195.32
193.848
193.497
193.655
193.546
193.379
193.279
193.109
192.946
192.681
270.072
266.238
259.826
251.949
242.993
233.79
224.454
215.343
206.853
198.871
195.958
193.766
193.532
193.655
193.458
193.301
193.21
193.031
192.87
192.605
270.268
266.897
261.035
253.706
245.237
236.453
227.352
218.535
209.967
201.643
197.018
193.838
193.786
193.644
193.29
193.235
193.153
192.961
192.808
192.54
270.446
267.479
262.131
255.283
247.303
238.888
230.096
221.512
212.949
204.698
198.666
194.133
194.212
193.619
193.181
193.201
193.113
192.907
192.763
192.494
270.59
267.995
263.108
256.723
249.181
241.146
232.658
224.283
215.861
207.698
200.716
195.054
194.682
193.69
193.145
193.199
193.097
192.881
192.738
192.464
270.691
268.431
263.981
258.023
250.899
243.229
235.038
226.886
218.629
210.561
203.146
196.696
195.155
193.537
193.137
193.233
193.04
192.85
192.73
192.456
270.75
268.79
264.747
259.192
252.469
245.139
237.255
229.333
221.217
213.338
205.705
198.703
195.735
193.603
193.266
193.284
193.003
192.859
192.726
192.44
270.783
269.082
265.413
260.237
253.895
246.896
239.317
231.61
223.691
215.96
208.24
201.063
196.731
193.707
193.573
193.316
192.969
192.869
192.729
192.435
270.8
269.323
265.995
261.174
255.191
248.512
241.231
233.749
226.03
218.424
210.794
203.497
198.005
194.014
193.984
193.364
192.971
192.895
192.74
192.435
270.817
269.531
266.511
262.02
256.368
250.004
243.002
235.767
228.225
220.792
213.226
205.937
199.716
194.827
194.375
193.466
192.968
192.951
192.758
192.438
270.836
269.715
266.978
262.786
257.451
251.372
244.665
237.643
230.318
223.021
215.559
208.363
201.647
196.073
194.714
193.353
193.002
193.006
192.727
192.447
270.857
269.879
267.399
263.492
258.441
252.643
246.204
239.414
232.289
225.121
217.809
210.67
203.734
197.708
195.185
193.38
193.15
193.049
192.711
192.464
270.876
270.026
267.78
264.135
259.354
253.818
247.638
241.075
234.137
227.127
219.926
212.899
205.899
199.528
195.847
193.453
193.393
193.082
192.694
192.496
270.894
270.153
268.121
264.721
260.195
254.904
248.978
242.624
235.887
229.015
221.955
215.033
208.018
201.496
196.829
193.648
193.704
193.11
192.681
192.549
270.902
270.263
268.423
265.254
260.97
255.917
250.226
244.082
237.534
230.805
223.898
217.051
210.123
203.51
198.038
194.16
193.958
193.168
192.673
192.629
270.906
270.352
268.694
265.74
261.687
256.862
251.395
245.458
239.086
232.521
225.735
219.003
212.152
205.479
199.543
195.027
194.16
193.039
192.67
192.713
270.901
270.425
268.936
266.188
262.356
257.748
252.499
246.753
240.567
234.145
227.506
220.87
214.078
207.472
201.182
196.119
194.373
193.042
192.72
192.801
270.893
270.484
269.155
266.605
262.982
258.582
253.538
247.982
241.972
235.697
229.199
222.645
215.974
209.363
202.922
197.495
194.73
193.084
192.827
192.848
270.891
270.536
269.352
266.996
263.57
259.369
254.517
249.149
243.304
237.19
230.804
224.37
217.773
211.222
204.739
198.964
195.249
193.206
193.021
192.888
270.896
270.583
269.53
267.358
264.126
260.104
255.441
250.246
244.583
238.602
232.36
226.01
219.513
213.037
206.525
200.57
196.045
193.422
193.259
192.937
270.898
270.622
269.684
267.69
264.64
260.795
256.302
251.287
245.79
239.963
233.843
227.593
221.2
214.766
208.334
202.239
197.011
193.789
193.522
192.998
270.896
270.653
269.816
267.982
265.113
261.433
257.108
252.263
246.937
241.262
235.268
229.129
222.809
216.476
210.087
203.894
198.23
194.459
193.779
193.066
270.882
270.674
269.925
268.236
265.538
262.024
257.865
253.181
248.028
242.495
236.649
230.598
224.384
218.119
211.787
205.573
199.605
195.342
194.033
193.107
270.844
270.68
270.016
268.457
265.921
262.576
258.576
254.056
249.056
243.68
237.966
232.028
225.9
219.709
213.454
207.196
201.108
196.469
194.425
193.161
270.792
270.671
270.096
268.662
266.272
263.089
259.254
254.886
250.04
244.802
239.23
233.401
227.361
221.261
215.047
208.802
202.732
197.711
194.913
193.243
270.761
270.659
270.169
268.861
266.608
263.574
259.896
255.679
250.977
245.873
240.436
234.712
228.783
222.747
216.594
210.397
204.361
199.092
195.614
193.392
270.764
270.659
270.24
269.057
266.937
264.035
260.501
256.434
251.87
246.895
241.578
235.97
230.146
224.187
218.095
211.949
206.04
200.568
196.418
193.584
270.795
270.673
270.311
269.246
267.26
264.477
261.072
257.142
252.718
247.868
242.671
237.173
231.462
225.581
219.537
213.52
207.692
202.044
197.426
193.89
270.858
270.708
270.367
269.422
267.569
264.904
261.613
257.809
253.518
248.795
243.716
238.329
232.736
226.915
220.968
215.056
209.313
203.58
198.517
194.274
270.936
270.761
270.43
269.562
267.858
265.317
262.136
258.449
254.277
249.684
244.723
239.454
233.957
228.219
222.363
216.578
210.918
205.053
199.725
194.804
270.984
270.821
270.507
269.717
268.112
265.713
262.643
259.065
255.011
250.538
245.703
240.541
235.14
229.483
223.752
218.09
212.433
206.536
201.003
195.434
271.044
270.889
270.606
269.879
268.397
266.104
263.151
259.671
255.723
251.367
246.654
241.6
236.285
230.723
225.141
219.546
213.928
207.955
202.306
196.202
271.167
270.994
270.728
270.062
268.682
266.535
263.664
260.284
256.43
252.185
247.579
242.631
237.395
231.964
226.509
220.993
215.334
209.336
203.656
197.075
271.327
271.138
270.88
270.269
268.998
266.948
264.217
260.904
257.144
252.987
248.491
243.63
238.503
233.198
227.892
222.37
216.688
210.685
205
198.053
271.479
271.296
271.05
270.484
269.308
267.381
264.741
261.545
257.861
253.801
249.38
244.629
239.61
234.465
229.237
223.708
217.992
211.989
206.366
199.128
271.606
271.435
271.205
270.684
269.596
267.782
265.266
262.17
258.593
254.608
250.279
245.627
240.759
235.738
230.558
224.995
219.25
213.289
207.731
200.276
271.694
271.545
271.325
270.847
269.846
268.148
265.755
262.777
259.308
255.419
251.181
246.662
241.94
237.019
231.838
226.231
220.494
214.577
209.106
201.495
271.724
271.603
271.397
270.966
270.054
268.469
266.195
263.339
259.989
256.213
252.095
247.729
243.155
238.286
233.057
227.442
221.729
215.878
210.49
202.762
271.722
271.612
271.429
271.047
270.221
268.74
266.577
263.841
260.616
256.975
253.014
248.822
244.368
239.494
234.232
228.627
222.971
217.191
211.881
204.067
271.693
271.596
271.436
271.103
270.356
268.97
266.903
264.277
261.183
257.705
253.933
249.908
245.52
240.625
235.346
229.801
224.221
218.516
213.273
205.392
271.643
271.547
271.418
271.136
270.463
269.161
267.183
264.664
261.709
258.416
254.837
250.938
246.561
241.651
236.411
230.959
225.471
219.842
214.654
206.72
271.602
271.486
271.379
271.14
270.539
269.321
267.433
265.028
262.226
259.122
255.705
251.86
247.463
242.576
237.425
232.098
226.709
221.148
216.009
208.038
271.579
271.439
271.33
271.126
270.589
269.456
267.669
265.397
262.767
259.83
256.497
252.638
248.228
243.418
238.399
233.208
227.915
222.42
217.325
209.331
271.531
271.394
271.279
271.094
270.612
269.573
267.91
265.8
263.346
260.517
257.172
253.265
248.889
244.209
239.339
234.279
229.076
223.64
218.59
210.588
271.459
271.327
271.214
271.046
270.612
269.68
268.179
266.253
263.936
261.121
257.707
253.783
249.495
244.974
240.252
235.305
230.184
224.804
219.8
211.806
271.385
271.243
271.142
270.99
270.609
269.807
268.506
266.749
264.465
261.578
258.113
254.243
250.086
245.727
241.133
236.283
231.236
225.913
220.959
212.983
271.355
271.169
271.077
270.947
270.637
270.005
268.917
267.234
264.865
261.877
258.435
254.69
250.689
246.472
241.98
237.214
232.239
226.974
222.071
214.121
271.289
271.099
271.011
270.943
270.755
270.312
269.325
267.604
265.112
262.089
258.735
255.151
251.306
247.202
242.79
238.103
233.198
227.996
223.144
215.224
271.153
271.008
270.971
271.002
270.981
270.631
269.592
267.746
265.232
262.286
259.059
255.632
251.922
247.906
243.564
238.954
234.121
228.984
224.182
216.295
271.037
270.989
271.046
271.267
271.339
270.865
269.631
267.708
265.278
262.496
259.429
256.13
252.52
248.577
244.307
239.776
235.014
229.941
225.188
217.339
271.155
271.139
271.461
271.775
271.602
270.883
269.518
267.614
265.326
262.738
259.828
256.625
253.088
249.216
245.028
240.575
235.88
230.871
226.164
218.358
270.183
271.028
271.767
271.92
271.543
270.72
269.339
267.599
265.468
263.012
260.216
257.093
253.624
249.828
245.726
241.348
236.723
231.774
227.113
219.355
270.368
272.7
272.25
271.758
271.034
270.222
269.163
267.655
265.679
263.323
260.592
257.526
254.131
250.42
246.41
242.104
237.547
232.653
228.039
220.334
259.5
273.954
272.092
271.507
270.732
270.041
269.184
267.864
265.898
263.587
260.931
257.941
254.621
250.991
247.068
242.834
238.349
233.509
228.942
221.294
221.251
266.944
271.289
271.746
271.299
270.391
269.465
268.069
266.184
263.86
261.217
258.298
255.085
251.553
247.706
243.537
239.124
234.34
229.829
222.242
186.138
242.303
272.893
272.9
271.829
270.915
269.83
268.426
266.502
264.232
261.627
258.685
255.506
252.064
248.31
244.219
239.876
235.146
230.696
223.175
180.18
201.033
259.142
271.667
271.525
271.067
270.288
268.941
267.009
264.699
261.962
259.171
255.97
252.56
248.858
244.856
240.601
235.932
231.549
224.091
180.002
182.072
224.512
267.121
271.712
271.395
270.694
269.411
267.585
265.278
262.54
259.614
256.475
253.125
249.426
245.477
241.282
236.689
232.387
224.99
180
180.065
190.146
248.393
270.184
271.272
270.73
269.721
268.102
265.829
263.2
260.263
257.068
253.616
249.99
246.108
241.962
237.427
233.195
225.858
180
180.001
180.682
211.213
262.183
271.027
270.682
269.783
268.315
266.332
263.852
260.955
257.732
254.331
250.604
246.697
242.606
238.163
233.991
226.699
180
180
180.019
185.335
240.496
268.381
270.418
269.654
268.294
266.569
264.382
261.643
258.471
255.001
251.373
247.421
243.275
238.852
234.743
227.508
180
180
180
180.293
204.122
259.059
270.005
269.481
268.301
266.706
264.683
262.158
259.165
255.781
252.083
248.185
244.059
239.623
235.49
228.288
180
180
180
180.008
183.576
236.187
266.159
269.101
268.218
266.68
264.805
262.497
259.729
256.514
252.877
249.001
244.82
240.433
236.282
229.083
180
180
180
180
180.191
201.333
257.109
268.869
268.16
266.692
264.874
262.676
260.088
257.082
253.63
249.823
245.706
241.272
237.071
229.886
180
180
180
180
180.006
183.117
234.972
265.228
267.806
266.684
264.851
262.738
260.309
257.51
254.273
250.615
246.595
242.179
237.944
230.74
180
180
180
180
180
180.178
201.599
256.821
267.654
266.724
264.907
262.806
260.447
257.781
254.728
251.27
247.417
243.077
238.855
231.654
180
180
180
180
180
180.006
183.484
236.783
264.908
266.392
264.97
262.844
260.53
257.958
255.052
251.799
248.126
243.924
239.781
232.611
180
180
180
180
180
180
180.228
204.834
257.591
266.454
265.021
262.949
260.653
258.117
255.29
252.181
248.663
244.634
240.648
233.578
180
180
180
180
180
180
180.009
184.865
240.657
264.586
264.816
263.167
260.81
258.266
255.486
252.467
249.074
245.227
241.433
234.516
180
180
180
180
180
180
180
180.396
210.978
258.836
264.952
263.393
261.021
258.459
255.706
252.722
249.403
245.7
242.087
235.363
180
180
180
180
180
180
180
180.02
187.805
245.248
263.865
263.371
261.235
258.682
255.949
252.961
249.691
246.098
242.637
236.116
180
180
180
180
180
180
180
180.001
180.842
219.65
260.165
263.327
261.439
258.952
256.234
253.242
250.011
246.485
243.113
236.763
180
180
180
180
180
180
180
180
180.052
193.293
249.82
262.649
261.591
259.215
256.472
253.518
250.34
246.85
243.532
237.329
180
180
180
180
180
180
180
180
180.002
182.073
229.83
260.065
261.561
259.546
256.752
253.849
250.725
247.257
243.971
237.866
180
180
180
180
180
180
180
180
180
180.169
202.392
253.087
261.383
259.638
257.007
254.152
251.073
247.651
244.401
238.367
180
180
180
180
180
180
180
180
180
180.01
185.203
238.988
259.813
259.554
257.309
254.422
251.402
248.068
244.869
238.888
180
180
180
180
180
180
180
180
180
180
180.595
215.043
255.924
259.626
257.532
254.644
251.696
248.468
245.319
239.388
180
180
180
180
180
180
180
180
180
180
180.046
192.132
246.151
258.913
257.566
254.85
251.947
248.809
245.718
239.871
180
180
180
180
180
180
180
180
180
180
180.003
182.173
228.619
256.817
257.522
255.235
252.283
249.156
246.104
240.352
180
180
180
180
180
180
180
180
180
180
180
180.226
204.286
250.806
257.285
255.456
252.605
249.429
246.419
240.786
180
180
180
180
180
180
180
180
180
180
180
180.019
186.944
239.132
255.998
255.513
252.948
249.697
246.747
241.224
180
180
180
180
180
180
180
180
180
180
180
180.001
181.078
219.76
253.368
255.601
253.225
249.964
247.077
241.636
180
180
180
180
180
180
180
180
180
180
180
180
180.114
197.433
246.039
255.066
253.27
250.246
247.371
241.991
180
180
180
180
180
180
180
180
180
180
180
180
180.01
184.437
233.152
253.42
253.236
250.689
247.691
242.341
180
180
180
180
180
180
180
180
180
180
180
180
180.001
180.663
213.336
250.207
253.284
251.009
247.931
242.634
180
180
180
180
180
180
180
180
180
180
180
180
180
180.076
193.525
242.139
252.705
251.135
248.169
242.923
180
180
180
180
180
180
180
180
180
180
180
180
180
180.008
183.273
228.784
251.485
251.114
248.554
243.302
180
180
180
180
180
180
180
180
180
180
180
180
180
180.001
180.502
209.466
247.732
251.011
248.896
243.693
)
;

boundaryField
{
    inlet
    {
        type            fixedValue;
        value           nonuniform List<scalar> 0();
    }
    outlet
    {
        type            zeroGradient;
    }
    bottom
    {
        type            symmetryPlane;
    }
    top
    {
        type            zeroGradient;
    }
    obstacle
    {
        type            zeroGradient;
    }
    defaultFaces
    {
        type            empty;
    }
    procBoundary1to0
    {
        type            processor;
        value           nonuniform List<scalar> 
103
(
269.268
269.671
270.406
271.257
271.556
271.318
270.577
269.73
269.258
269.204
269.604
261.924
220.341
182.755
180.01
180
180
180
180
180
180
180
180
180
180
180
180
180
180
180
180
180
180
180
180
180
180
180
180
180
180
180
180
180
180
180
180
180
180
180
180
180
180
180
180
180
180
180
180
180
180
180
180
180
180
180
180
180
180
180
180
180
180
180
180
180
180
180
180
180
180
180
180
180
180
180
180
180
180
180
180
180
180
180
180
180
180
180
180
180
180
180
180
)
;
    }
    procBoundary1to3
    {
        type            processor;
        value           nonuniform List<scalar> 
89
(
180
180
180
180
180
180
180
180
180
180
180
180
180
180
180
180
180
180
180
180
180
180
180
180
180
180
180
180
180
180
180
180
180
180
180
180
180
180
180
180
180
180
180
180
180
180
180
180
180
180
180
180
180
180
180
180
180
180
180
180
180
180
180
180
180
180
180
180
180
180
180
180
180
180
180
180
180
180
180
180
180
180
180
180.064
191.656
239.383
250.327
249.123
244.177
)
;
    }
}


// ************************************************************************* //
