/*--------------------------------*- C++ -*----------------------------------*\
| =========                 |                                                 |
| \\      /  F ield         | OpenFOAM: The Open Source CFD Toolbox           |
|  \\    /   O peration     | Version:  2306                                  |
|   \\  /    A nd           | Website:  www.openfoam.com                      |
|    \\/     M anipulation  |                                                 |
\*---------------------------------------------------------------------------*/
FoamFile
{
    version     2.0;
    format      ascii;
    arch        "LSB;label=32;scalar=64";
    class       volScalarField;
    location    "9e-05";
    object      rho;
}
// * * * * * * * * * * * * * * * * * * * * * * * * * * * * * * * * * * * * * //

dimensions      [1 -3 0 0 0 0 0];

internalField   nonuniform List<scalar> 
9032
(
1.42004
1.4193
1.41895
1.41881
1.41876
1.41854
1.41797
1.41755
1.41756
1.41763
1.41763
1.41756
1.41734
1.41691
1.4163
1.41592
1.41579
1.41578
1.41596
1.41628
1.41651
1.4166
1.41643
1.41613
1.41602
1.41601
1.41604
1.41607
1.41606
1.41594
1.41566
1.41523
1.41477
1.41445
1.41422
1.41409
1.4141
1.41425
1.41438
1.41446
1.41442
1.41434
1.41441
1.41455
1.41474
1.41489
1.41492
1.41485
1.41476
1.41472
1.41475
1.41493
1.41518
1.41535
1.41545
1.41545
1.41522
1.4148
1.41437
1.41412
1.41419
1.41462
1.41554
1.41722
1.42
1.42412
1.42837
1.43282
1.41765
1.41673
1.41672
1.41699
1.41709
1.41686
1.41629
1.41613
1.41626
1.41669
1.41708
1.41708
1.41673
1.4161
1.41554
1.41536
1.41533
1.41535
1.4153
1.41528
1.41526
1.41523
1.41525
1.41538
1.41551
1.41558
1.41559
1.41557
1.41555
1.41548
1.41533
1.41511
1.41483
1.41446
1.41403
1.41374
1.41358
1.41366
1.41392
1.41412
1.41423
1.41431
1.41442
1.41456
1.41466
1.41466
1.41462
1.41451
1.41443
1.41439
1.4144
1.41451
1.41471
1.41491
1.41501
1.41502
1.41487
1.41463
1.41443
1.41436
1.41444
1.41487
1.4159
1.41789
1.42124
1.42589
1.43041
1.43415
1.41247
1.41276
1.41334
1.4136
1.41352
1.41321
1.41267
1.41256
1.41271
1.41319
1.41386
1.41409
1.41399
1.41369
1.41345
1.41342
1.4136
1.41401
1.4142
1.41417
1.41394
1.41367
1.41367
1.41386
1.41414
1.41438
1.4145
1.41455
1.41454
1.41446
1.41435
1.41422
1.41404
1.41378
1.41346
1.41318
1.41304
1.41304
1.41318
1.4134
1.41365
1.41387
1.41403
1.41412
1.41415
1.41414
1.41408
1.41398
1.41391
1.41389
1.41391
1.41398
1.41408
1.41419
1.41427
1.4143
1.41434
1.41438
1.41443
1.4145
1.41468
1.41509
1.41622
1.41855
1.42229
1.42707
1.43132
1.43421
1.40869
1.40954
1.40985
1.41013
1.41044
1.41058
1.41049
1.41035
1.4104
1.41078
1.41127
1.41146
1.41141
1.41129
1.41116
1.41104
1.41107
1.41131
1.41162
1.41179
1.41188
1.41205
1.41231
1.41264
1.413
1.41333
1.41357
1.41371
1.41378
1.41374
1.41364
1.41352
1.41335
1.4131
1.41282
1.4126
1.41252
1.41256
1.4127
1.41291
1.41316
1.41338
1.41353
1.41358
1.41359
1.41357
1.41352
1.41344
1.41339
1.41337
1.41337
1.41338
1.41342
1.41347
1.41356
1.41368
1.41387
1.4141
1.41436
1.41464
1.41497
1.41551
1.41683
1.41956
1.42371
1.42844
1.43223
1.4344
1.40769
1.40932
1.40936
1.40915
1.40926
1.40952
1.40961
1.40954
1.40955
1.40977
1.41009
1.41013
1.41006
1.40995
1.40983
1.40975
1.40977
1.41005
1.41051
1.41101
1.41149
1.41195
1.41234
1.41264
1.41292
1.41321
1.41346
1.4136
1.41362
1.4135
1.41332
1.41315
1.41295
1.41275
1.41254
1.41235
1.4123
1.41234
1.41244
1.4126
1.41279
1.41297
1.4131
1.41315
1.41318
1.4132
1.41319
1.41317
1.41315
1.41313
1.4131
1.41306
1.41306
1.41311
1.41321
1.41339
1.41365
1.41399
1.41441
1.41487
1.4153
1.41607
1.41775
1.42089
1.42535
1.42991
1.43316
1.43453
1.41109
1.41185
1.4112
1.41034
1.41015
1.41036
1.41092
1.41109
1.41093
1.41064
1.41056
1.41048
1.41038
1.4103
1.41021
1.41016
1.41021
1.4105
1.41093
1.41135
1.41178
1.41227
1.41268
1.41296
1.41322
1.41348
1.41369
1.4138
1.41382
1.41369
1.41342
1.41314
1.41289
1.41269
1.41257
1.41247
1.41241
1.4124
1.41245
1.41257
1.41271
1.41288
1.41305
1.41315
1.41324
1.41329
1.41332
1.41331
1.4133
1.41326
1.4132
1.41317
1.41314
1.41316
1.41324
1.4134
1.41364
1.414
1.41448
1.41511
1.41589
1.41714
1.41924
1.42275
1.42733
1.43144
1.4339
1.43468
1.41488
1.41496
1.41387
1.4124
1.41153
1.41168
1.41258
1.41333
1.41357
1.41336
1.41291
1.41244
1.41215
1.4121
1.41212
1.41212
1.41211
1.41218
1.4123
1.41243
1.41265
1.41297
1.41343
1.4139
1.41417
1.41432
1.41437
1.41436
1.4143
1.41409
1.41373
1.41339
1.41317
1.41303
1.41296
1.41302
1.41306
1.41303
1.41302
1.41303
1.4131
1.41325
1.4134
1.41352
1.41364
1.41371
1.41374
1.41375
1.41373
1.41368
1.41361
1.41357
1.41352
1.41351
1.41356
1.41369
1.41391
1.41425
1.41474
1.41546
1.41652
1.41825
1.42101
1.42509
1.42976
1.43329
1.43477
1.43501
1.41938
1.41923
1.41749
1.41508
1.41351
1.41399
1.41515
1.41598
1.41642
1.41622
1.41586
1.41531
1.41477
1.41468
1.41481
1.41509
1.41532
1.41535
1.41524
1.41501
1.4149
1.41496
1.41517
1.41555
1.4158
1.41581
1.41572
1.41558
1.41543
1.41522
1.41493
1.41454
1.41428
1.41417
1.41416
1.41432
1.41443
1.4144
1.41432
1.41427
1.41425
1.41428
1.41438
1.41453
1.41466
1.41473
1.41476
1.41474
1.41466
1.41455
1.41446
1.41442
1.41437
1.41433
1.41436
1.41444
1.41459
1.41485
1.4153
1.41608
1.4174
1.41953
1.42292
1.42754
1.43215
1.43507
1.43591
1.43586
1.41754
1.42121
1.42038
1.41787
1.41586
1.41634
1.41739
1.41839
1.41911
1.41896
1.41866
1.41787
1.41697
1.41677
1.4169
1.41739
1.41773
1.41778
1.41764
1.41729
1.41715
1.41714
1.41724
1.41747
1.41755
1.41746
1.41726
1.41709
1.41695
1.41677
1.41646
1.4161
1.41586
1.41579
1.41581
1.41596
1.41608
1.41609
1.41599
1.4159
1.41586
1.41586
1.41595
1.41609
1.41616
1.4162
1.41618
1.41607
1.41588
1.4157
1.41559
1.41556
1.41553
1.41549
1.41551
1.41558
1.41569
1.41589
1.41628
1.41706
1.41854
1.42108
1.42506
1.43003
1.43432
1.43664
1.4371
1.43697
1.41714
1.42266
1.42135
1.41833
1.41613
1.41726
1.41821
1.41989
1.42075
1.4207
1.4201
1.41879
1.41779
1.41762
1.41779
1.41834
1.41869
1.41883
1.41871
1.41836
1.41827
1.41832
1.4184
1.41856
1.41849
1.4183
1.41805
1.4179
1.41781
1.41769
1.41754
1.41732
1.41717
1.41716
1.41725
1.41746
1.41762
1.41761
1.41745
1.41728
1.41722
1.41724
1.41737
1.41753
1.41757
1.41759
1.41752
1.41734
1.41707
1.41682
1.41667
1.41663
1.41662
1.4166
1.41659
1.41662
1.41674
1.41695
1.41737
1.41819
1.41982
1.42276
1.42724
1.43247
1.43631
1.43797
1.43818
1.43804
1.42438
1.42634
1.42313
1.41787
1.41686
1.41746
1.41828
1.42026
1.42094
1.42102
1.42026
1.4189
1.41805
1.41791
1.41813
1.41869
1.41901
1.41909
1.41892
1.41869
1.4187
1.41874
1.41889
1.41886
1.41862
1.41829
1.41806
1.41803
1.41818
1.41823
1.41815
1.41804
1.41796
1.41801
1.41814
1.41836
1.41851
1.41847
1.4183
1.41812
1.41804
1.41806
1.41823
1.41846
1.41857
1.41859
1.41851
1.4183
1.41798
1.41768
1.41747
1.4174
1.41741
1.41744
1.41747
1.41751
1.41765
1.4179
1.41834
1.41918
1.42094
1.42417
1.42906
1.43442
1.43775
1.43883
1.43895
1.43888
1.42614
1.43029
1.41996
1.41703
1.41776
1.41699
1.41814
1.4196
1.42047
1.42066
1.41989
1.4189
1.41843
1.41836
1.41869
1.41913
1.41934
1.41932
1.41902
1.41894
1.41895
1.41897
1.4191
1.41887
1.41849
1.4181
1.41794
1.41801
1.4182
1.41835
1.41842
1.41845
1.41846
1.4185
1.41858
1.41869
1.41869
1.41855
1.41826
1.41807
1.41802
1.4181
1.41836
1.4187
1.41888
1.41893
1.41886
1.41865
1.41835
1.41807
1.41782
1.41771
1.41776
1.41794
1.41808
1.41815
1.41828
1.41853
1.41899
1.41991
1.42184
1.42549
1.43069
1.43594
1.43867
1.43929
1.43938
1.43937
1.33092
1.41166
1.41249
1.41984
1.4186
1.41692
1.41746
1.41855
1.41941
1.41942
1.41898
1.41876
1.41857
1.41867
1.41903
1.41923
1.41926
1.41913
1.41893
1.41882
1.41878
1.41877
1.41869
1.41844
1.41821
1.41802
1.41799
1.4181
1.41821
1.41838
1.41854
1.41868
1.41877
1.4188
1.41883
1.41881
1.41868
1.41841
1.41801
1.41779
1.41775
1.41785
1.41818
1.41856
1.41879
1.41892
1.41891
1.41875
1.41851
1.41828
1.41805
1.41791
1.41799
1.41822
1.41836
1.41839
1.41848
1.41877
1.41929
1.42042
1.42274
1.42688
1.43225
1.43711
1.43915
1.43945
1.43952
1.43953
0.923986
1.30297
1.41079
1.42598
1.41799
1.41712
1.41829
1.41864
1.41801
1.41791
1.41843
1.41862
1.41855
1.41858
1.41876
1.41893
1.41898
1.41888
1.41876
1.41852
1.41819
1.41801
1.41789
1.41791
1.41799
1.41802
1.4181
1.4182
1.41831
1.41845
1.41862
1.41878
1.41886
1.41885
1.41887
1.41875
1.41841
1.41793
1.41743
1.41729
1.41734
1.41761
1.41802
1.41845
1.41873
1.41888
1.4189
1.41876
1.41857
1.41838
1.4182
1.41805
1.41809
1.41825
1.41836
1.41837
1.4185
1.41885
1.41953
1.42098
1.42383
1.42847
1.43382
1.438
1.4394
1.43952
1.43951
1.43951
0.64012
0.901934
1.3198
1.41547
1.4139
1.41996
1.4203
1.41818
1.4163
1.41694
1.41831
1.41879
1.41879
1.4185
1.4183
1.41822
1.4184
1.41864
1.41866
1.41837
1.41776
1.41731
1.41714
1.41725
1.41766
1.41802
1.41818
1.41831
1.41842
1.41847
1.41856
1.4187
1.41876
1.41876
1.41874
1.41843
1.41799
1.41742
1.41692
1.41681
1.41694
1.41729
1.41777
1.41826
1.41857
1.41873
1.41882
1.41874
1.41859
1.41843
1.41825
1.41809
1.41805
1.41814
1.41824
1.41827
1.41851
1.41896
1.41984
1.42168
1.42511
1.43018
1.43536
1.43858
1.43944
1.43954
1.43949
1.43945
0.620155
0.637888
0.907516
1.2873
1.41543
1.42665
1.42225
1.41637
1.41533
1.41683
1.41893
1.41964
1.41964
1.41876
1.41776
1.41754
1.41783
1.41847
1.41867
1.41839
1.41767
1.41686
1.4167
1.41684
1.41737
1.41806
1.41839
1.41852
1.4186
1.41852
1.41844
1.41853
1.41856
1.41863
1.41857
1.4182
1.41775
1.41716
1.41667
1.41658
1.41676
1.41713
1.41756
1.41795
1.41816
1.41827
1.41837
1.41836
1.41828
1.41817
1.41807
1.4179
1.41784
1.4179
1.41797
1.41813
1.41848
1.41907
1.42024
1.42256
1.42661
1.43195
1.43669
1.439
1.43948
1.43952
1.43946
1.43944
0.62007
0.620141
0.63764
0.877393
1.3068
1.41252
1.4171
1.41479
1.41493
1.41718
1.41944
1.42066
1.42091
1.41971
1.41752
1.41676
1.41709
1.41796
1.41855
1.41835
1.41791
1.41713
1.41667
1.41683
1.41731
1.41814
1.41868
1.41883
1.41888
1.41866
1.41838
1.4184
1.41843
1.41852
1.41842
1.41806
1.41765
1.41714
1.41667
1.41658
1.41677
1.41708
1.41744
1.41771
1.4178
1.41784
1.41794
1.41804
1.41803
1.41798
1.41793
1.41777
1.41764
1.41764
1.41769
1.41797
1.41846
1.41923
1.42074
1.42362
1.42827
1.43368
1.43772
1.4392
1.43953
1.43956
1.4395
1.43943
0.62007
0.62007
0.620139
0.634033
0.87864
1.28176
1.41866
1.41857
1.41661
1.41819
1.41871
1.42092
1.42143
1.42012
1.41751
1.41575
1.41597
1.41662
1.4178
1.41813
1.41791
1.41754
1.41698
1.41707
1.41748
1.41824
1.41895
1.41912
1.41913
1.4188
1.4184
1.41833
1.41831
1.41842
1.4183
1.41799
1.41765
1.41721
1.41679
1.41674
1.41691
1.41711
1.41735
1.41752
1.41753
1.41751
1.41762
1.41778
1.41783
1.41782
1.41778
1.41762
1.41745
1.41747
1.41758
1.41789
1.41844
1.41941
1.42132
1.4248
1.42995
1.43522
1.43835
1.43926
1.4396
1.43967
1.4396
1.43942
0.62007
0.62007
0.62007
0.620119
0.633059
0.865057
1.26984
1.40405
1.41552
1.41364
1.41372
1.41798
1.4207
1.41963
1.41789
1.41577
1.41533
1.41543
1.41644
1.4176
1.41774
1.41765
1.41724
1.41729
1.41765
1.41827
1.41901
1.41924
1.41922
1.41888
1.41832
1.41806
1.41793
1.41798
1.41811
1.41798
1.41777
1.41751
1.41717
1.41699
1.41706
1.41713
1.41725
1.41732
1.41731
1.41731
1.41746
1.4176
1.41768
1.41768
1.41763
1.41745
1.41728
1.41736
1.41751
1.41788
1.41849
1.41967
1.42201
1.42609
1.43157
1.4364
1.43863
1.43927
1.43959
1.4396
1.43951
1.4393
0.62007
0.62007
0.62007
0.62007
0.620115
0.631894
0.823545
1.25834
1.42159
1.40945
1.41045
1.41547
1.41983
1.41999
1.4194
1.41724
1.41559
1.41504
1.41563
1.41675
1.41732
1.41758
1.4175
1.4174
1.41765
1.41809
1.41875
1.41908
1.41906
1.41872
1.41795
1.41735
1.41714
1.41714
1.41753
1.41793
1.41797
1.4179
1.41771
1.41738
1.41712
1.41704
1.417
1.41703
1.41707
1.41719
1.41742
1.41755
1.4176
1.4176
1.41754
1.41737
1.41725
1.41738
1.41761
1.41789
1.41858
1.42005
1.42291
1.42755
1.43311
1.4373
1.43878
1.43925
1.43949
1.43944
1.43932
1.43909
0.62007
0.62007
0.62007
0.62007
0.62007
0.620106
0.62718
0.814224
1.25029
1.38763
1.41559
1.42137
1.42043
1.42045
1.42068
1.41986
1.41783
1.41617
1.41591
1.41647
1.41724
1.41763
1.41773
1.41749
1.41755
1.41787
1.41841
1.41879
1.41878
1.41848
1.41775
1.41696
1.41663
1.41657
1.41692
1.41764
1.41821
1.41832
1.4182
1.41773
1.4171
1.41678
1.41669
1.41674
1.41691
1.41713
1.41744
1.41765
1.41762
1.41759
1.41754
1.41743
1.41735
1.41745
1.41776
1.41811
1.41896
1.42075
1.42411
1.42921
1.43464
1.43795
1.43892
1.43923
1.43937
1.43929
1.43914
1.43893
0.62007
0.62007
0.62007
0.62007
0.62007
0.62007
0.620087
0.62672
0.796336
1.1879
1.41179
1.42943
1.41719
1.41848
1.41986
1.41897
1.41783
1.41738
1.41701
1.41706
1.41736
1.41806
1.41834
1.4182
1.41797
1.41807
1.41831
1.41862
1.41864
1.41838
1.41778
1.4169
1.41649
1.41648
1.41681
1.4175
1.41834
1.41861
1.41845
1.41792
1.41716
1.41667
1.41658
1.41666
1.41694
1.41737
1.41782
1.41812
1.41807
1.41788
1.41774
1.41759
1.41753
1.41763
1.41798
1.41845
1.41951
1.4217
1.42562
1.43106
1.4361
1.4385
1.43907
1.43922
1.43931
1.43922
1.43903
1.43883
0.62007
0.62007
0.62007
0.62007
0.62007
0.62007
0.62007
0.620085
0.624837
0.756448
1.18348
1.37532
1.40964
1.41514
1.41681
1.4175
1.41813
1.4185
1.41807
1.41787
1.41802
1.41869
1.41904
1.41904
1.41874
1.41834
1.41834
1.41849
1.41866
1.41862
1.41836
1.4177
1.41695
1.41685
1.41706
1.41763
1.41844
1.41877
1.41855
1.41806
1.41734
1.41672
1.41662
1.41675
1.41712
1.41763
1.41811
1.41845
1.41845
1.41823
1.41807
1.41793
1.41789
1.41801
1.41838
1.41894
1.42024
1.42286
1.42733
1.43289
1.43724
1.43893
1.43927
1.43936
1.43933
1.43922
1.43902
1.43884
0.62007
0.62007
0.62007
0.62007
0.62007
0.62007
0.62007
0.62007
0.620079
0.622762
0.739478
1.13227
1.38911
1.43274
1.42405
1.41472
1.4177
1.41818
1.41754
1.41747
1.41808
1.41881
1.41933
1.41929
1.41896
1.41833
1.41805
1.41812
1.41839
1.41863
1.41874
1.41868
1.41823
1.4179
1.41801
1.41823
1.4186
1.41886
1.41864
1.41821
1.41765
1.41713
1.41698
1.41713
1.41743
1.41787
1.41834
1.4187
1.41878
1.41861
1.41851
1.41844
1.41841
1.41857
1.41891
1.41956
1.42115
1.42426
1.42918
1.43458
1.43797
1.43913
1.43945
1.43952
1.43947
1.43936
1.43916
1.43896
0.62007
0.62007
0.62007
0.62007
0.62007
0.62007
0.62007
0.62007
0.62007
0.620074
0.622091
0.71644
1.0889
1.37565
1.40305
1.41179
1.41638
1.41728
1.41629
1.41636
1.41717
1.41782
1.41872
1.41914
1.41884
1.41797
1.41718
1.41708
1.41738
1.4181
1.41865
1.41888
1.41894
1.4189
1.41887
1.41892
1.41894
1.41889
1.4186
1.41822
1.4178
1.41751
1.41744
1.41755
1.41779
1.4181
1.41847
1.41877
1.4189
1.41888
1.41888
1.41891
1.41893
1.41909
1.4194
1.42022
1.42218
1.42582
1.4311
1.43599
1.43846
1.43919
1.43948
1.4396
1.43957
1.43953
1.43937
1.43919
0.62007
0.62007
0.62007
0.62007
0.62007
0.62007
0.62007
0.62007
0.62007
0.62007
0.620073
0.621374
0.685386
1.04913
1.33708
1.42718
1.42536
1.42029
1.4176
1.41734
1.41703
1.4174
1.41823
1.41868
1.41848
1.41787
1.41717
1.41679
1.41682
1.41705
1.41765
1.41847
1.41896
1.41918
1.41921
1.41916
1.41911
1.41888
1.41854
1.41816
1.41788
1.41772
1.41771
1.41781
1.41797
1.4182
1.41846
1.4187
1.41887
1.41896
1.41904
1.41911
1.41916
1.41932
1.41973
1.42084
1.42324
1.42746
1.43294
1.4371
1.43877
1.43923
1.43947
1.43964
1.43969
1.43971
1.43962
1.43945
0.62007
0.62007
0.62007
0.62007
0.62007
0.62007
0.62007
0.62007
0.62007
0.62007
0.62007
0.620072
0.620692
0.672602
0.974727
1.34096
1.42007
1.41571
1.41892
1.42065
1.41906
1.41815
1.41833
1.41869
1.41903
1.41924
1.41895
1.41827
1.4174
1.41702
1.41713
1.41762
1.41826
1.41877
1.41911
1.41917
1.4191
1.41889
1.41853
1.41813
1.41785
1.41782
1.41787
1.41796
1.41807
1.41814
1.41829
1.4185
1.41871
1.41888
1.41905
1.41916
1.41924
1.41943
1.41997
1.42139
1.42432
1.42911
1.43451
1.43791
1.43898
1.43929
1.43949
1.43969
1.43979
1.43985
1.43978
1.43957
0.62007
0.62007
0.62007
0.62007
0.62007
0.62007
0.62007
0.62007
0.62007
0.62007
0.62007
0.62007
0.620071
0.6205
0.651407
0.922298
1.30587
1.40082
1.42333
1.42281
1.4213
1.41924
1.41835
1.41872
1.41936
1.42025
1.42038
1.42004
1.41915
1.4179
1.41729
1.41738
1.4176
1.41794
1.41837
1.41867
1.41891
1.41899
1.41885
1.41845
1.41801
1.41774
1.41765
1.41772
1.41785
1.41796
1.41814
1.41834
1.41853
1.41872
1.41889
1.41899
1.41908
1.41934
1.42006
1.42186
1.42536
1.43066
1.43582
1.43844
1.43914
1.43941
1.43961
1.43973
1.43977
1.43979
1.43971
1.43949
0.62007
0.62007
0.62007
0.62007
0.62007
0.62007
0.62007
0.62007
0.62007
0.62007
0.62007
0.62007
0.62007
0.620071
0.620234
0.639217
0.87534
1.24863
1.4074
1.42191
1.42108
1.41989
1.41789
1.41625
1.41637
1.41835
1.42001
1.42012
1.4196
1.41853
1.41766
1.41752
1.41751
1.41753
1.41769
1.41797
1.41844
1.41897
1.41909
1.41896
1.41849
1.41788
1.41754
1.4175
1.41756
1.41776
1.41804
1.41828
1.41848
1.41864
1.41875
1.41886
1.41894
1.41928
1.42025
1.4225
1.42659
1.43201
1.43664
1.43867
1.43925
1.43954
1.43967
1.43972
1.43971
1.43965
1.43954
1.43935
0.62007
0.62007
0.62007
0.62007
0.62007
0.62007
0.62007
0.62007
0.62007
0.62007
0.62007
0.62007
0.62007
0.62007
0.62007
0.620152
0.631841
0.805902
1.19974
1.39888
1.42062
1.41978
1.41666
1.41223
1.4118
1.41381
1.41729
1.41879
1.4188
1.41834
1.41772
1.41777
1.41772
1.41742
1.41728
1.41727
1.41754
1.41828
1.419
1.41906
1.41882
1.41823
1.41756
1.41724
1.41723
1.41745
1.41786
1.41819
1.41845
1.41865
1.41881
1.41889
1.41898
1.41941
1.42071
1.42348
1.42809
1.43335
1.43707
1.4386
1.43921
1.43948
1.43957
1.4396
1.43955
1.43943
1.4393
1.4391
0.62007
0.62007
0.62007
0.62007
0.62007
0.62007
0.62007
0.62007
0.62007
0.62007
0.62007
0.62007
0.62007
0.62007
0.62007
0.62007
0.620105
0.625361
0.752789
1.15959
1.37901
1.4241
1.41841
1.41213
1.4122
1.4138
1.41656
1.41798
1.4176
1.4171
1.41705
1.41729
1.41762
1.4176
1.41721
1.41701
1.41709
1.41744
1.41815
1.41874
1.41873
1.41837
1.41769
1.41713
1.41697
1.41709
1.41742
1.41799
1.41846
1.41874
1.41895
1.41907
1.41915
1.41975
1.42142
1.42472
1.4297
1.43456
1.43736
1.43844
1.43899
1.43926
1.43935
1.43938
1.43932
1.43917
1.43902
1.43881
0.62007
0.62007
0.62007
0.62007
0.62007
0.62007
0.62007
0.62007
0.62007
0.62007
0.62007
0.62007
0.62007
0.62007
0.62007
0.62007
0.62007
0.62008
0.6227
0.723097
1.06713
1.3816
1.42186
1.41657
1.41729
1.41845
1.41876
1.41817
1.41722
1.41633
1.41628
1.41665
1.41777
1.41828
1.41825
1.41779
1.4173
1.4173
1.41763
1.41811
1.41835
1.41824
1.41788
1.41727
1.41694
1.41694
1.41705
1.41741
1.41811
1.41872
1.41908
1.41931
1.41941
1.42015
1.42224
1.42608
1.43119
1.43551
1.43755
1.43828
1.43867
1.43888
1.43901
1.43909
1.43907
1.43896
1.43878
1.43854
0.62007
0.62007
0.62007
0.62007
0.62007
0.62007
0.62007
0.62007
0.62007
0.62007
0.62007
0.62007
0.62007
0.62007
0.62007
0.62007
0.62007
0.62007
0.620074
0.621552
0.679398
1.01357
1.3164
1.4107
1.42282
1.4216
1.42057
1.41939
1.41766
1.41664
1.41624
1.4167
1.4182
1.41918
1.41942
1.41931
1.41866
1.41801
1.41775
1.41787
1.41817
1.41825
1.41817
1.41785
1.41734
1.417
1.41699
1.41721
1.4177
1.41843
1.41905
1.41945
1.41971
1.42061
1.42309
1.42736
1.43233
1.43604
1.43764
1.43817
1.43843
1.43857
1.43871
1.43882
1.43885
1.43879
1.4386
1.43836
0.62007
0.62007
0.62007
0.62007
0.62007
0.62007
0.62007
0.62007
0.62007
0.62007
0.62007
0.62007
0.62007
0.62007
0.62007
0.62007
0.62007
0.62007
0.62007
0.620072
0.620583
0.656766
0.917947
1.29038
1.41083
1.41869
1.42142
1.42101
1.41839
1.41738
1.41634
1.41658
1.41787
1.4192
1.41964
1.41947
1.41899
1.41853
1.41817
1.41808
1.41826
1.41839
1.41851
1.41847
1.41821
1.41774
1.41733
1.41734
1.41771
1.41838
1.41906
1.41957
1.4201
1.42127
1.42417
1.42875
1.43331
1.43628
1.43757
1.43811
1.43836
1.43852
1.43863
1.43872
1.43875
1.43868
1.43848
1.4383
0.62007
0.62007
0.62007
0.62007
0.62007
0.62007
0.62007
0.62007
0.62007
0.62007
0.62007
0.62007
0.62007
0.62007
0.62007
0.62007
0.62007
0.62007
0.62007
0.62007
0.620071
0.620288
0.63882
0.83853
1.23127
1.39618
1.42557
1.42193
1.41807
1.41645
1.41598
1.41596
1.41624
1.41676
1.41763
1.41826
1.41842
1.41839
1.41828
1.41814
1.41826
1.41842
1.41862
1.41869
1.41852
1.41827
1.41802
1.41786
1.41806
1.41842
1.41903
1.41973
1.42063
1.4224
1.42571
1.43037
1.43437
1.43655
1.43751
1.43805
1.43837
1.43859
1.43874
1.43879
1.43875
1.43865
1.43846
1.43834
0.62007
0.62007
0.62007
0.62007
0.62007
0.62007
0.62007
0.62007
0.62007
0.62007
0.62007
0.62007
0.62007
0.62007
0.62007
0.62007
0.62007
0.62007
0.62007
0.62007
0.62007
0.62007
0.620142
0.627757
0.776409
1.15985
1.38275
1.40693
1.41401
1.41663
1.41696
1.41643
1.41551
1.4156
1.41625
1.4171
1.41753
1.41766
1.41776
1.41782
1.41795
1.41803
1.41819
1.4185
1.4185
1.41835
1.41823
1.41816
1.41825
1.41856
1.41905
1.4199
1.42126
1.42371
1.42776
1.43243
1.43563
1.43697
1.43758
1.43809
1.43849
1.43878
1.43894
1.43894
1.43884
1.43868
1.43853
1.43844
0.62007
0.62007
0.62007
0.62007
0.62007
0.62007
0.62007
0.62007
0.62007
0.62007
0.62007
0.62007
0.62007
0.62007
0.62007
0.62007
0.62007
0.62007
0.62007
0.62007
0.62007
0.62007
0.62007
0.620089
0.623679
0.718843
1.06466
1.34805
1.42595
1.42519
1.42284
1.42094
1.41947
1.41918
1.41867
1.41818
1.41796
1.41784
1.4177
1.41777
1.41788
1.41782
1.41783
1.41806
1.41827
1.41826
1.41824
1.41819
1.41822
1.41847
1.41897
1.42002
1.42184
1.42498
1.42971
1.43442
1.43685
1.43752
1.43786
1.43831
1.43878
1.4391
1.43929
1.43928
1.43903
1.43878
1.43864
1.43857
0.62007
0.62007
0.62007
0.62007
0.62007
0.62007
0.62007
0.62007
0.62007
0.62007
0.62007
0.62007
0.62007
0.62007
0.62007
0.62007
0.62007
0.62007
0.62007
0.62007
0.62007
0.62007
0.62007
0.62007
0.620076
0.621428
0.673984
0.963576
1.32025
1.40881
1.41906
1.42253
1.42227
1.42164
1.42083
1.41971
1.4188
1.41842
1.41824
1.41831
1.41824
1.41808
1.41792
1.41798
1.41813
1.41808
1.41796
1.41787
1.4179
1.41812
1.41872
1.42012
1.42249
1.42625
1.43145
1.43585
1.43749
1.43786
1.43818
1.4386
1.43906
1.43941
1.43961
1.43959
1.43929
1.43893
1.43876
1.43866
0.62007
0.62007
0.62007
0.62007
0.62007
0.62007
0.62007
0.62007
0.62007
0.62007
0.62007
0.62007
0.62007
0.62007
0.62007
0.62007
0.62007
0.62007
0.62007
0.62007
0.62007
0.62007
0.62007
0.62007
0.62007
0.620072
0.620485
0.647273
0.873757
1.24535
1.39546
1.42178
1.42313
1.41856
1.41961
1.41929
1.41844
1.41844
1.41888
1.41891
1.41867
1.41843
1.41838
1.41848
1.41841
1.41829
1.4179
1.41748
1.41743
1.41768
1.41846
1.4202
1.42312
1.42754
1.43275
1.43648
1.43771
1.43806
1.43836
1.43881
1.43926
1.4396
1.43975
1.43971
1.43936
1.43898
1.43882
1.43869
0.62007
0.62007
0.62007
0.62007
0.62007
0.62007
0.62007
0.62007
0.62007
0.62007
0.62007
0.62007
0.62007
0.62007
0.62007
0.62007
0.62007
0.62007
0.62007
0.62007
0.62007
0.62007
0.62007
0.62007
0.62007
0.62007
0.620071
0.620201
0.630904
0.789696
1.1675
1.3699
1.40797
1.41229
1.4177
1.41832
1.41811
1.41772
1.41775
1.41783
1.41792
1.41798
1.41834
1.41873
1.41876
1.41855
1.41795
1.41725
1.41712
1.41751
1.41853
1.4206
1.42406
1.42894
1.43383
1.4366
1.43745
1.43781
1.43829
1.43895
1.43944
1.43972
1.43976
1.43959
1.43923
1.43898
1.43884
1.4387
0.62007
0.62007
0.62007
0.62007
0.62007
0.62007
0.62007
0.62007
0.62007
0.62007
0.62007
0.62007
0.62007
0.62007
0.62007
0.62007
0.62007
0.62007
0.62007
0.62007
0.62007
0.62007
0.62007
0.62007
0.62007
0.62007
0.62007
0.62007
0.620101
0.624441
0.717714
1.05814
1.33902
1.4247
1.42687
1.42241
1.41831
1.41702
1.41659
1.41621
1.41612
1.41661
1.41761
1.4184
1.4185
1.41819
1.41755
1.41683
1.41683
1.41743
1.41871
1.42122
1.42512
1.43029
1.43488
1.43678
1.43734
1.43768
1.43818
1.43888
1.43942
1.43973
1.43977
1.43955
1.43917
1.43896
1.43881
1.43861
0.62007
0.62007
0.62007
0.62007
0.62007
0.62007
0.62007
0.62007
0.62007
0.62007
0.62007
0.62007
0.62007
0.62007
0.62007
0.62007
0.62007
0.62007
0.62007
0.62007
0.62007
0.62007
0.62007
0.62007
0.62007
0.62007
0.62007
0.62007
0.62007
0.620078
0.621312
0.674152
0.935667
1.31412
1.3976
1.41391
1.41621
1.41609
1.41637
1.41603
1.41588
1.41655
1.41762
1.41827
1.41804
1.41753
1.417
1.41656
1.41681
1.41758
1.41907
1.42175
1.42595
1.43138
1.43552
1.43691
1.43734
1.43763
1.4381
1.43879
1.43944
1.4398
1.43986
1.43966
1.43936
1.43918
1.43899
1.43867
0.62007
0.62007
0.62007
0.62007
0.62007
0.62007
0.62007
0.62007
0.62007
0.62007
0.62007
0.62007
0.62007
0.62007
0.62007
0.62007
0.62007
0.62007
0.62007
0.62007
0.62007
0.62007
0.62007
0.62007
0.62007
0.62007
0.62007
0.62007
0.62007
0.62007
0.620071
0.620514
0.640638
0.848729
1.20044
1.40193
1.42948
1.42513
1.42196
1.42011
1.41908
1.41918
1.41932
1.41889
1.41812
1.41741
1.41699
1.41685
1.41728
1.41813
1.41966
1.42245
1.42676
1.43223
1.43587
1.43701
1.43735
1.43767
1.43813
1.43877
1.43941
1.4398
1.43993
1.43986
1.43969
1.43944
1.43913
1.43874
0.62007
0.62007
0.62007
0.62007
0.62007
0.62007
0.62007
0.62007
0.62007
0.62007
0.62007
0.62007
0.62007
0.62007
0.62007
0.62007
0.62007
0.62007
0.62007
0.62007
0.62007
0.62007
0.62007
0.62007
0.62007
0.62007
0.62007
0.62007
0.62007
0.62007
0.62007
0.620071
0.620154
0.628205
0.752216
1.11295
1.35237
1.40581
1.4173
1.42
1.42155
1.42178
1.42089
1.4196
1.4185
1.41786
1.41765
1.41793
1.41847
1.41927
1.42072
1.42347
1.42798
1.43321
1.43633
1.43727
1.43762
1.43795
1.43838
1.43889
1.43937
1.43974
1.43999
1.43999
1.4399
1.43965
1.43925
1.43879
0.62007
0.62007
0.62007
0.62007
0.62007
0.62007
0.62007
0.62007
0.62007
0.62007
0.62007
0.62007
0.62007
0.62007
0.62007
0.62007
0.62007
0.62007
0.62007
0.62007
0.62007
0.62007
0.62007
0.62007
0.62007
0.62007
0.62007
0.62007
0.62007
0.62007
0.62007
0.62007
0.62007
0.620089
0.622525
0.688809
0.986474
1.30379
1.41569
1.42093
1.42188
1.42066
1.41863
1.41782
1.41784
1.41789
1.41811
1.41843
1.419
1.41984
1.4215
1.42465
1.42945
1.4343
1.43695
1.43775
1.43807
1.43844
1.43875
1.43901
1.43937
1.43978
1.44009
1.44013
1.44006
1.43979
1.4393
1.43875
0.62007
0.62007
0.62007
0.62007
0.62007
0.62007
0.62007
0.62007
0.62007
0.62007
0.62007
0.62007
0.62007
0.62007
0.62007
0.62007
0.62007
0.62007
0.62007
0.62007
0.62007
0.62007
0.62007
0.62007
0.62007
0.62007
0.62007
0.62007
0.62007
0.62007
0.62007
0.62007
0.62007
0.62007
0.620073
0.620711
0.650694
0.85178
1.24288
1.38566
1.41494
1.41486
1.41291
1.4145
1.41671
1.41739
1.41779
1.41805
1.4184
1.41927
1.42139
1.42543
1.43077
1.43513
1.43729
1.43805
1.43844
1.43879
1.43898
1.43908
1.43938
1.43983
1.44016
1.44025
1.44019
1.43989
1.43931
1.43869
0.62007
0.62007
0.62007
0.62007
0.62007
0.62007
0.62007
0.62007
0.62007
0.62007
0.62007
0.62007
0.62007
0.62007
0.62007
0.62007
0.62007
0.62007
0.62007
0.62007
0.62007
0.62007
0.62007
0.62007
0.62007
0.62007
0.62007
0.62007
0.62007
0.62007
0.62007
0.62007
0.62007
0.62007
0.62007
0.620071
0.620228
0.628799
0.76815
1.10794
1.37582
1.4212
1.416
1.41905
1.42036
1.4184
1.41764
1.41764
1.41836
1.41951
1.42194
1.42624
1.43137
1.43544
1.43741
1.43828
1.43864
1.4388
1.43881
1.43894
1.4393
1.43976
1.44016
1.44031
1.44027
1.43997
1.43935
1.43868
0.62007
0.62007
0.62007
0.62007
0.62007
0.62007
0.62007
0.62007
0.62007
0.62007
0.62007
0.62007
0.62007
0.62007
0.62007
0.62007
0.62007
0.62007
0.62007
0.62007
0.62007
0.62007
0.62007
0.62007
0.62007
0.62007
0.62007
0.62007
0.62007
0.62007
0.62007
0.62007
0.62007
0.62007
0.62007
0.62007
0.62007
0.620092
0.622998
0.692169
0.98652
1.30221
1.40254
1.43034
1.42624
1.41956
1.41728
1.41809
1.41953
1.42125
1.42357
1.42762
1.43229
1.43582
1.43793
1.43873
1.43901
1.43891
1.43861
1.43874
1.4391
1.43958
1.44007
1.44025
1.44022
1.43998
1.43942
1.43876
0.62007
0.62007
0.62007
0.62007
0.62007
0.62007
0.62007
0.62007
0.62007
0.62007
0.62007
0.62007
0.62007
0.62007
0.62007
0.62007
0.62007
0.62007
0.62007
0.62007
0.62007
0.62007
0.62007
0.62007
0.62007
0.62007
0.62007
0.62007
0.62007
0.62007
0.62007
0.62007
0.62007
0.62007
0.62007
0.62007
0.62007
0.62007
0.620074
0.620792
0.647931
0.858568
1.20125
1.40286
1.41492
1.41333
1.41479
1.41826
1.42054
1.42255
1.42484
1.42851
1.43288
1.4365
1.43877
1.43945
1.43956
1.43913
1.43864
1.43878
1.43913
1.43965
1.44012
1.44027
1.44021
1.43992
1.43939
1.43886
0.62007
0.62007
0.62007
0.62007
0.62007
0.62007
0.62007
0.62007
0.62007
0.62007
0.62007
0.62007
0.62007
0.62007
0.62007
0.62007
0.62007
0.62007
0.62007
0.62007
0.62007
0.62007
0.62007
0.62007
0.62007
0.62007
0.62007
0.62007
0.62007
0.62007
0.62007
0.62007
0.62007
0.62007
0.62007
0.62007
0.62007
0.62007
0.62007
0.620071
0.620202
0.629352
0.745094
1.09159
1.34124
1.41488
1.42477
1.42369
1.42183
1.4223
1.4249
1.42883
1.43309
1.43702
1.43928
1.43978
1.43976
1.43921
1.43875
1.43901
1.43952
1.44019
1.44057
1.44069
1.44055
1.44002
1.43937
1.43891
0.62007
0.62007
0.62007
0.62007
0.62007
0.62007
0.62007
0.62007
0.62007
0.62007
0.62007
0.62007
0.62007
0.62007
0.62007
0.62007
0.62007
0.62007
0.62007
0.62007
0.62007
0.62007
0.62007
0.62007
0.62007
0.62007
0.62007
0.62007
0.62007
0.62007
0.62007
0.62007
0.62007
0.62007
0.62007
0.62007
0.62007
0.62007
0.62007
0.62007
0.62007
0.620093
0.622203
0.678645
0.941717
1.27198
1.41089
1.41729
1.41891
1.42091
1.42543
1.42972
1.43378
1.43712
1.43851
1.4387
1.43872
1.43867
1.43893
1.4395
1.44034
1.44116
1.44147
1.44154
1.4413
1.44056
1.43957
1.43891
0.62007
0.62007
0.62007
0.62007
0.62007
0.62007
0.62007
0.62007
0.62007
0.62007
0.62007
0.62007
0.62007
0.62007
0.62007
0.62007
0.62007
0.62007
0.62007
0.62007
0.62007
0.62007
0.62007
0.62007
0.62007
0.62007
0.62007
0.62007
0.62007
0.62007
0.62007
0.62007
0.62007
0.62007
0.62007
0.62007
0.62007
0.62007
0.62007
0.62007
0.62007
0.62007
0.620073
0.620557
0.640967
0.803093
1.17782
1.36372
1.42276
1.42781
1.43105
1.43331
1.43594
1.43761
1.43808
1.43813
1.43794
1.4384
1.43917
1.44008
1.44099
1.44169
1.44192
1.44193
1.44165
1.44093
1.43991
1.43882
0.62007
0.62007
0.62007
0.62007
0.62007
0.62007
0.62007
0.62007
0.62007
0.62007
0.62007
0.62007
0.62007
0.62007
0.62007
0.62007
0.62007
0.62007
0.62007
0.62007
0.62007
0.62007
0.62007
0.62007
0.62007
0.62007
0.62007
0.62007
0.62007
0.62007
0.62007
0.62007
0.62007
0.62007
0.62007
0.62007
0.62007
0.62007
0.62007
0.62007
0.62007
0.62007
0.62007
0.620071
0.620152
0.624975
0.719667
1.01597
1.32465
1.41695
1.42674
1.43265
1.43601
1.43873
1.43985
1.43984
1.43919
1.43947
1.43998
1.44058
1.44133
1.44157
1.4416
1.44149
1.44132
1.44079
1.43984
1.43838
0.62007
0.62007
0.62007
0.62007
0.62007
0.62007
0.62007
0.62007
0.62007
0.62007
0.62007
0.62007
0.62007
0.62007
0.62007
0.62007
0.62007
0.62007
0.62007
0.62007
0.62007
0.62007
0.62007
0.62007
0.62007
0.62007
0.62007
0.62007
0.62007
0.62007
0.62007
0.62007
0.62007
0.62007
0.62007
0.62007
0.62007
0.62007
0.62007
0.62007
0.62007
0.62007
0.62007
0.62007
0.62007
0.620079
0.62137
0.657175
0.865075
1.2364
1.39597
1.43268
1.44113
1.44396
1.44484
1.44314
1.44072
1.43987
1.43981
1.44015
1.44052
1.44056
1.44026
1.43978
1.43961
1.43939
1.4389
1.43781
0.62007
0.62007
0.62007
0.62007
0.62007
0.62007
0.62007
0.62007
0.62007
0.62007
0.62007
0.62007
0.62007
0.62007
0.62007
0.62007
0.62007
0.62007
0.62007
0.62007
0.62007
0.62007
0.62007
0.62007
0.62007
0.62007
0.62007
0.62007
0.62007
0.62007
0.62007
0.62007
0.62007
0.62007
0.62007
0.62007
0.62007
0.62007
0.62007
0.62007
0.62007
0.62007
0.62007
0.62007
0.62007
0.62007
0.620071
0.62028
0.629858
0.755505
1.10249
1.344
1.43396
1.44318
1.44336
1.44068
1.43882
1.43752
1.43767
1.43871
1.43978
1.43995
1.43949
1.43861
1.43802
1.43783
1.43768
1.43707
0.62007
0.62007
0.62007
0.62007
0.62007
0.62007
0.62007
0.62007
0.62007
0.62007
0.62007
0.62007
0.62007
0.62007
0.62007
0.62007
0.62007
0.62007
0.62007
0.62007
0.62007
0.62007
0.62007
0.62007
0.62007
0.62007
0.62007
0.62007
0.62007
0.62007
0.62007
0.62007
0.62007
0.62007
0.62007
0.62007
0.62007
0.62007
0.62007
0.62007
0.62007
0.62007
0.62007
0.62007
0.62007
0.62007
0.62007
0.62007
0.620095
0.622449
0.680035
0.925604
1.31302
1.4164
1.43262
1.43474
1.43626
1.43661
1.43823
1.43937
1.43994
1.44007
1.43918
1.43809
1.43701
1.43648
1.43636
1.43638
0.62007
0.62007
0.62007
0.62007
0.62007
0.62007
0.62007
0.62007
0.62007
0.62007
0.62007
0.62007
0.62007
0.62007
0.62007
0.62007
0.62007
0.62007
0.62007
0.62007
0.62007
0.62007
0.62007
0.62007
0.62007
0.62007
0.62007
0.62007
0.62007
0.62007
0.62007
0.62007
0.62007
0.62007
0.62007
0.62007
0.62007
0.62007
0.62007
0.62007
0.62007
0.62007
0.62007
0.62007
0.62007
0.62007
0.62007
0.62007
0.62007
0.620073
0.620543
0.637676
0.82226
1.17179
1.40008
1.44918
1.44748
1.44221
1.44052
1.43992
1.43944
1.43895
1.43831
1.43739
1.43611
1.43539
1.43517
1.43529
0.62007
0.62007
0.62007
0.62007
0.62007
0.62007
0.62007
0.62007
0.62007
0.62007
0.62007
0.62007
0.62007
0.62007
0.62007
0.62007
0.62007
0.62007
0.62007
0.62007
0.62007
0.62007
0.62007
0.62007
0.62007
0.62007
0.62007
0.62007
0.62007
0.62007
0.62007
0.62007
0.62007
0.62007
0.62007
0.62007
0.62007
0.62007
0.62007
0.62007
0.62007
0.62007
0.62007
0.62007
0.62007
0.62007
0.62007
0.62007
0.62007
0.62007
0.620071
0.620135
0.625705
0.718145
1.04158
1.34183
1.4195
1.43298
1.43839
1.43625
1.43694
1.43805
1.43815
1.43763
1.43618
1.43504
1.43457
1.43452
0.62007
0.62007
0.62007
0.62007
0.62007
0.62007
0.62007
0.62007
0.62007
0.62007
0.62007
0.62007
0.62007
0.62007
0.62007
0.62007
0.62007
0.62007
0.62007
0.62007
0.62007
0.62007
0.62007
0.62007
0.62007
0.62007
0.62007
0.62007
0.62007
0.62007
0.62007
0.62007
0.62007
0.62007
0.62007
0.62007
0.62007
0.62007
0.62007
0.62007
0.62007
0.62007
0.62007
0.62007
0.62007
0.62007
0.62007
0.62007
0.62007
0.62007
0.62007
0.62007
0.620081
0.621314
0.659887
0.888908
1.24797
1.42524
1.43681
1.43472
1.43591
1.43848
1.43907
1.43841
1.43669
1.43513
1.43463
1.43457
0.62007
0.62007
0.62007
0.62007
0.62007
0.62007
0.62007
0.62007
0.62007
0.62007
0.62007
0.62007
0.62007
0.62007
0.62007
0.62007
0.62007
0.62007
0.62007
0.62007
0.62007
0.62007
0.62007
0.62007
0.62007
0.62007
0.62007
0.62007
0.62007
0.62007
0.62007
0.62007
0.62007
0.62007
0.62007
0.62007
0.62007
0.62007
0.62007
0.62007
0.62007
0.62007
0.62007
0.62007
0.62007
0.62007
0.62007
0.62007
0.62007
0.62007
0.62007
0.62007
0.62007
0.620071
0.620308
0.632445
0.764493
1.12924
1.36562
1.43956
1.44322
1.44162
1.44025
1.43749
1.43532
1.43434
1.43429
1.43488
0.62007
0.62007
0.62007
0.62007
0.62007
0.62007
0.62007
0.62007
0.62007
0.62007
0.62007
0.62007
0.62007
0.62007
0.62007
0.62007
0.62007
0.62007
0.62007
0.62007
0.62007
0.62007
0.62007
0.62007
0.62007
0.62007
0.62007
0.62007
0.62007
0.62007
0.62007
0.62007
0.62007
0.62007
0.62007
0.62007
0.62007
0.62007
0.62007
0.62007
0.62007
0.62007
0.62007
0.62007
0.62007
0.62007
0.62007
0.62007
0.62007
0.62007
0.62007
0.62007
0.62007
0.62007
0.62007
0.620105
0.622738
0.69024
0.952457
1.32797
1.41364
1.43124
1.43443
1.43144
1.43091
1.43166
1.43238
1.4346
0.62007
0.62007
0.62007
0.62007
0.62007
0.62007
0.62007
0.62007
0.62007
0.62007
0.62007
0.62007
0.62007
0.62007
0.62007
0.62007
0.62007
0.62007
0.62007
0.62007
0.62007
0.62007
0.62007
0.62007
0.62007
0.62007
0.62007
0.62007
0.62007
0.62007
0.62007
0.62007
0.62007
0.62007
0.62007
0.62007
0.62007
0.62007
0.62007
0.62007
0.62007
0.62007
0.62007
0.62007
0.62007
0.62007
0.62007
0.62007
0.62007
0.62007
0.62007
0.62007
0.62007
0.62007
0.62007
0.62007
0.620074
0.620744
0.641327
0.832327
1.16791
1.40476
1.4494
1.44291
1.43795
1.43596
1.43449
1.43541
0.62007
0.62007
0.62007
0.62007
0.62007
0.62007
0.62007
0.62007
0.62007
0.62007
0.62007
0.62007
0.62007
0.62007
0.62007
0.62007
0.62007
0.62007
0.62007
0.62007
0.62007
0.62007
0.62007
0.62007
0.62007
0.62007
0.62007
0.62007
0.62007
0.62007
0.62007
0.62007
0.62007
0.62007
0.62007
0.62007
0.62007
0.62007
0.62007
0.62007
0.62007
0.62007
0.62007
0.62007
0.62007
0.62007
0.62007
0.62007
0.62007
0.62007
0.62007
0.62007
0.62007
0.62007
0.62007
0.62007
0.62007
0.620071
0.620158
0.626232
0.71504
1.03253
1.3218
1.42613
1.4424
1.44113
1.43632
1.43689
0.62007
0.62007
0.62007
0.62007
0.62007
0.62007
0.62007
0.62007
0.62007
0.62007
0.62007
0.62007
0.62007
0.62007
0.62007
0.62007
0.62007
0.62007
0.62007
0.62007
0.62007
0.62007
0.62007
0.62007
0.62007
0.62007
0.62007
0.62007
0.62007
0.62007
0.62007
0.62007
0.62007
0.62007
0.62007
0.62007
0.62007
0.62007
0.62007
0.62007
0.62007
0.62007
0.62007
0.62007
0.62007
0.62007
0.62007
0.62007
0.62007
0.62007
0.62007
0.62007
0.62007
0.62007
0.62007
0.62007
0.62007
0.62007
0.62007
0.620082
0.621256
0.655997
0.860135
1.22599
1.40981
1.42672
1.43012
1.43568
0.62007
0.62007
0.62007
0.62007
0.62007
0.62007
0.62007
0.62007
0.62007
0.62007
0.62007
0.62007
0.62007
0.62007
0.62007
0.62007
0.62007
0.62007
0.62007
0.62007
0.62007
0.62007
0.62007
0.62007
0.62007
0.62007
0.62007
0.62007
0.62007
0.62007
0.62007
0.62007
0.62007
0.62007
0.62007
0.62007
0.62007
0.62007
0.62007
0.62007
0.62007
0.62007
0.62007
0.62007
0.62007
0.62007
0.62007
0.62007
0.62007
0.62007
0.62007
0.62007
0.62007
0.62007
0.62007
0.62007
0.62007
0.62007
0.62007
0.62007
0.620071
0.620266
0.629238
0.738996
1.06922
1.33253
1.43816
1.44434
0.62007
0.62007
0.62007
0.62007
0.62007
0.62007
0.62007
0.62007
0.62007
0.62007
0.62007
0.62007
0.62007
0.62007
0.62007
0.62007
0.62007
0.62007
0.62007
0.62007
0.62007
0.62007
0.62007
0.62007
0.62007
0.62007
0.62007
0.62007
0.62007
0.62007
0.62007
0.62007
0.62007
0.62007
0.62007
0.62007
0.62007
0.62007
0.62007
0.62007
0.62007
0.62007
0.62007
0.62007
0.62007
0.62007
0.62007
0.62007
0.62007
0.62007
0.62007
0.62007
0.62007
0.62007
0.62007
0.62007
0.62007
0.62007
0.62007
0.62007
0.62007
0.62007
0.620092
0.621849
0.667779
0.882547
1.26548
1.38937
0.62007
0.62007
0.62007
0.62007
0.62007
0.62007
0.62007
0.62007
0.62007
0.62007
0.62007
0.62007
0.62007
0.62007
0.62007
0.62007
0.62007
0.62007
0.62007
0.62007
0.62007
0.62007
0.62007
0.62007
0.62007
0.62007
0.62007
0.62007
0.62007
0.62007
0.62007
0.62007
0.62007
0.62007
0.62007
0.62007
0.62007
0.62007
0.62007
0.62007
0.62007
0.62007
0.62007
0.62007
0.62007
0.62007
0.62007
0.62007
0.62007
0.62007
0.62007
0.62007
0.62007
0.62007
0.62007
0.62007
0.62007
0.62007
0.62007
0.62007
0.62007
0.62007
0.62007
0.620072
0.620404
0.631532
0.760819
1.06057
0.62007
0.62007
0.62007
0.62007
0.62007
0.62007
0.62007
0.62007
0.62007
0.62007
0.62007
0.62007
0.62007
0.62007
0.62007
0.62007
0.62007
0.62007
0.62007
0.62007
0.62007
0.62007
0.62007
0.62007
0.62007
0.62007
0.62007
0.62007
0.62007
0.62007
0.62007
0.62007
0.62007
0.62007
0.62007
0.62007
0.62007
0.62007
0.62007
0.62007
0.62007
0.62007
0.62007
0.62007
0.62007
0.62007
0.62007
0.62007
0.62007
0.62007
0.62007
0.62007
0.62007
0.62007
0.62007
0.62007
0.62007
0.62007
0.62007
0.62007
0.62007
0.62007
0.62007
0.62007
0.62007
0.620101
0.622929
0.643395
0.62007
0.62007
0.62007
0.62007
0.62007
0.62007
0.62007
0.62007
0.62007
0.62007
0.62007
0.62007
0.62007
0.62007
0.62007
0.62007
0.62007
0.62007
0.62007
0.62007
0.62007
0.62007
0.62007
0.62007
0.62007
0.62007
0.62007
0.62007
0.62007
0.62007
0.62007
0.62007
0.62007
0.62007
0.62007
0.62007
0.62007
0.62007
0.62007
0.62007
0.62007
0.62007
0.62007
0.62007
0.62007
0.62007
0.62007
0.62007
0.62007
0.62007
0.62007
0.62007
0.62007
0.62007
0.62007
0.62007
0.62007
0.62007
0.62007
0.62007
0.62007
0.62007
0.62007
0.62007
0.62007
0.62007
0.620081
0.618535
0.62007
0.62007
0.62007
0.62007
0.62007
0.62007
0.62007
0.62007
0.62007
0.62007
0.62007
0.62007
0.62007
0.62007
0.62007
0.62007
0.62007
0.62007
0.62007
0.62007
0.62007
0.62007
0.62007
0.62007
0.62007
0.62007
0.62007
0.62007
0.62007
0.62007
0.62007
0.62007
0.62007
0.62007
0.62007
0.62007
0.62007
0.62007
0.62007
0.62007
0.62007
0.62007
0.62007
0.62007
0.62007
0.62007
0.62007
0.62007
0.62007
0.62007
0.62007
0.62007
0.62007
0.62007
0.62007
0.62007
0.62007
0.62007
0.62007
0.62007
0.62007
0.62007
0.62007
0.62007
0.62007
0.62007
0.62007
0.619902
0.62007
0.62007
0.62007
0.62007
0.62007
0.62007
0.62007
0.62007
0.62007
0.62007
0.62007
0.62007
0.62007
0.62007
0.62007
0.62007
0.62007
0.62007
0.62007
0.62007
0.62007
0.62007
0.62007
0.62007
0.62007
0.62007
0.62007
0.62007
0.62007
0.62007
0.62007
0.62007
0.62007
0.62007
0.62007
0.62007
0.62007
0.62007
0.62007
0.62007
0.62007
0.62007
0.62007
0.62007
0.62007
0.62007
0.62007
0.62007
0.62007
0.62007
0.62007
0.62007
0.62007
0.62007
0.62007
0.62007
0.62007
0.62007
0.62007
0.62007
0.62007
0.62007
0.62007
0.62007
0.62007
0.62007
0.62007
0.620068
0.62007
0.62007
0.62007
0.62007
0.62007
0.62007
0.62007
0.62007
0.62007
0.62007
0.62007
0.62007
0.62007
0.62007
0.62007
0.62007
0.62007
0.62007
0.62007
0.62007
0.62007
0.62007
0.62007
0.62007
0.62007
0.62007
0.62007
0.62007
0.62007
0.62007
0.62007
0.62007
0.62007
0.62007
0.62007
0.62007
0.62007
0.62007
0.62007
0.62007
0.62007
0.62007
0.62007
0.62007
0.62007
0.62007
0.62007
0.62007
0.62007
0.62007
0.62007
0.62007
0.62007
0.62007
0.62007
0.62007
0.62007
0.62007
0.62007
0.62007
0.62007
0.62007
0.62007
0.62007
0.62007
0.62007
0.62007
0.62007
0.62007
0.62007
0.62007
0.62007
0.62007
0.62007
0.62007
0.62007
0.62007
0.62007
0.62007
0.62007
0.62007
0.62007
0.62007
0.62007
0.62007
0.62007
0.62007
0.62007
0.62007
0.62007
0.62007
0.62007
0.62007
0.62007
0.62007
0.62007
0.62007
0.62007
0.62007
0.62007
0.62007
0.62007
0.62007
0.62007
0.62007
0.62007
0.62007
0.62007
0.62007
0.62007
0.62007
0.62007
0.62007
0.62007
0.62007
0.62007
0.62007
0.62007
0.62007
0.62007
0.62007
0.62007
0.62007
0.62007
0.62007
0.62007
0.62007
0.62007
0.62007
0.62007
0.62007
0.62007
0.62007
0.62007
0.62007
0.62007
0.62007
0.62007
0.62007
0.62007
0.62007
0.62007
0.62007
0.62007
0.62007
0.62007
0.62007
0.62007
0.62007
0.62007
0.62007
0.62007
0.62007
0.62007
0.62007
0.62007
0.62007
0.62007
0.62007
0.62007
0.62007
0.62007
0.62007
0.62007
0.62007
0.62007
0.62007
0.62007
0.62007
0.62007
0.62007
0.62007
0.62007
0.62007
0.62007
0.62007
0.62007
0.62007
0.62007
0.62007
0.62007
0.62007
0.62007
0.62007
0.62007
0.62007
0.62007
0.62007
0.62007
0.62007
0.62007
0.62007
0.62007
0.62007
0.62007
0.62007
0.62007
0.62007
0.62007
0.62007
0.62007
0.62007
0.62007
0.62007
0.62007
0.62007
0.62007
0.62007
0.62007
0.62007
0.62007
0.62007
0.62007
0.62007
0.62007
0.62007
0.62007
0.62007
0.62007
0.62007
0.62007
0.62007
0.62007
0.62007
0.62007
0.62007
0.62007
0.62007
0.62007
0.62007
0.62007
0.62007
0.62007
0.62007
0.62007
0.62007
0.62007
0.62007
0.62007
0.62007
0.62007
0.62007
0.62007
0.62007
0.62007
0.62007
0.62007
0.62007
0.62007
0.62007
0.62007
0.62007
0.62007
0.62007
0.62007
0.62007
0.62007
0.62007
0.62007
0.62007
0.62007
0.62007
0.62007
0.62007
0.62007
0.62007
0.62007
0.62007
0.62007
0.62007
0.62007
0.62007
0.62007
0.62007
0.62007
0.62007
0.62007
0.62007
0.62007
0.62007
0.62007
0.62007
0.62007
0.62007
0.62007
0.62007
0.62007
0.62007
0.62007
0.62007
0.62007
0.62007
0.62007
0.62007
0.62007
0.62007
0.62007
0.62007
0.62007
0.62007
0.62007
0.62007
0.62007
0.62007
0.62007
0.62007
0.62007
0.62007
0.62007
0.62007
0.62007
0.62007
0.62007
0.62007
0.62007
0.62007
0.62007
0.62007
0.62007
0.62007
0.62007
0.62007
0.62007
0.62007
0.62007
0.62007
0.62007
0.62007
0.62007
0.62007
0.62007
0.62007
0.62007
0.62007
0.62007
0.62007
0.62007
0.62007
0.62007
0.62007
0.62007
0.62007
0.62007
0.62007
0.62007
0.62007
0.62007
0.62007
0.62007
0.62007
0.62007
0.62007
0.62007
0.62007
0.62007
0.62007
0.62007
0.62007
0.62007
0.62007
0.62007
0.62007
0.62007
0.62007
0.62007
0.62007
0.62007
0.62007
0.62007
0.62007
0.62007
0.62007
0.62007
0.62007
0.62007
0.62007
0.62007
0.62007
0.62007
0.62007
0.62007
0.62007
0.62007
0.62007
0.62007
0.62007
0.62007
0.62007
0.62007
0.62007
0.62007
0.62007
0.62007
0.62007
0.62007
0.62007
0.62007
0.62007
0.62007
0.62007
0.62007
0.62007
0.62007
0.62007
0.62007
0.62007
0.62007
0.62007
0.62007
0.62007
0.62007
0.62007
0.62007
0.62007
0.62007
0.62007
0.62007
0.62007
0.62007
0.62007
0.62007
0.62007
0.62007
0.62007
0.62007
0.62007
0.62007
0.62007
0.62007
0.62007
0.62007
0.62007
0.62007
0.62007
0.62007
0.62007
0.62007
0.62007
0.62007
0.62007
0.62007
0.62007
0.62007
0.62007
0.62007
0.62007
0.62007
0.62007
0.62007
0.62007
0.62007
0.62007
0.62007
0.62007
0.62007
0.62007
0.62007
0.62007
0.62007
0.62007
0.62007
0.62007
0.62007
0.62007
0.62007
0.62007
0.62007
0.62007
0.62007
0.62007
0.62007
0.62007
0.62007
0.62007
0.62007
0.62007
0.62007
0.62007
0.62007
0.62007
0.62007
0.62007
0.62007
0.62007
0.62007
0.62007
0.62007
0.62007
0.62007
0.62007
0.62007
0.62007
0.62007
0.62007
0.62007
0.62007
0.62007
0.62007
0.62007
0.62007
0.62007
0.62007
0.62007
0.62007
0.62007
0.62007
0.62007
0.62007
0.62007
0.62007
0.62007
0.62007
0.62007
0.62007
0.62007
0.62007
0.62007
0.62007
0.62007
0.62007
0.62007
0.62007
0.62007
0.62007
0.62007
0.62007
0.62007
0.62007
0.62007
0.62007
0.62007
0.62007
0.62007
0.62007
0.62007
0.62007
0.62007
0.62007
0.62007
0.62007
0.62007
0.62007
0.62007
0.62007
0.62007
0.62007
0.62007
0.62007
0.62007
0.62007
0.62007
0.62007
0.62007
0.62007
0.62007
0.62007
0.62007
0.62007
0.62007
0.62007
0.62007
0.62007
0.62007
0.62007
0.62007
0.62007
0.62007
0.62007
0.62007
0.62007
0.62007
0.62007
0.62007
0.62007
0.62007
0.62007
0.62007
0.62007
0.62007
0.62007
0.62007
0.62007
0.62007
0.62007
0.62007
0.62007
0.62007
0.62007
0.62007
0.62007
0.62007
0.62007
0.62007
0.62007
0.62007
0.62007
0.62007
0.62007
0.62007
0.62007
0.62007
0.62007
0.62007
0.62007
0.62007
0.62007
0.62007
0.62007
0.62007
0.62007
0.62007
0.62007
0.62007
0.62007
0.62007
0.62007
0.62007
0.62007
0.62007
0.62007
0.62007
0.62007
0.62007
0.62007
0.62007
0.62007
0.62007
0.62007
0.62007
0.62007
0.62007
0.62007
0.62007
0.62007
0.62007
0.62007
0.62007
0.62007
0.62007
0.62007
0.62007
0.62007
0.62007
0.62007
0.62007
0.62007
0.62007
0.62007
0.62007
0.62007
0.62007
0.62007
0.62007
0.62007
0.62007
0.62007
0.62007
0.62007
0.62007
0.62007
0.62007
0.62007
0.62007
0.62007
0.62007
0.62007
0.62007
0.62007
0.62007
0.62007
0.62007
0.62007
0.62007
0.62007
0.62007
0.62007
0.62007
0.62007
0.62007
0.62007
0.62007
0.62007
0.62007
0.62007
0.62007
0.62007
0.62007
0.62007
0.62007
0.62007
0.62007
0.62007
0.62007
0.62007
0.62007
0.62007
0.62007
0.62007
0.62007
0.62007
0.62007
0.62007
0.62007
0.62007
0.62007
0.62007
0.62007
0.62007
0.62007
0.62007
0.62007
0.62007
0.62007
0.62007
0.62007
0.62007
0.62007
0.62007
0.62007
0.62007
0.62007
0.62007
0.62007
0.62007
0.62007
0.62007
0.62007
0.62007
0.62007
0.62007
0.62007
0.62007
0.62007
0.62007
0.62007
0.62007
0.62007
0.62007
0.62007
0.62007
0.62007
0.62007
0.62007
0.62007
0.62007
0.62007
0.62007
0.62007
0.62007
0.62007
0.62007
0.62007
0.62007
0.62007
0.62007
0.62007
0.62007
0.62007
0.62007
0.62007
0.62007
0.62007
0.62007
0.62007
0.62007
0.62007
0.62007
0.62007
0.62007
0.62007
0.62007
0.62007
0.62007
0.62007
0.62007
0.62007
0.62007
0.62007
0.62007
0.62007
0.62007
0.62007
0.62007
0.62007
0.62007
0.62007
0.62007
0.62007
0.62007
0.62007
0.62007
0.62007
0.62007
0.62007
0.62007
0.62007
0.62007
0.62007
0.62007
0.62007
0.62007
0.62007
0.62007
0.62007
0.62007
0.62007
0.62007
0.62007
0.62007
0.62007
0.62007
0.62007
0.62007
0.62007
0.62007
0.62007
0.62007
0.62007
0.62007
0.62007
0.62007
0.62007
0.62007
0.62007
0.62007
0.62007
0.62007
0.62007
0.62007
0.62007
0.62007
0.62007
0.62007
0.62007
0.62007
0.62007
0.62007
0.62007
0.62007
0.62007
0.62007
0.62007
0.62007
0.62007
0.62007
0.62007
0.62007
0.62007
0.62007
0.62007
0.62007
0.62007
0.62007
0.62007
0.62007
0.62007
0.62007
0.62007
0.62007
0.62007
0.62007
0.62007
0.62007
0.62007
0.62007
0.62007
0.62007
0.62007
0.62007
0.62007
0.62007
0.62007
0.62007
0.62007
0.62007
0.62007
0.62007
0.62007
0.62007
0.62007
0.62007
0.62007
0.62007
0.62007
0.62007
0.62007
0.62007
0.62007
0.62007
0.62007
0.62007
0.62007
0.62007
0.62007
0.62007
0.62007
0.62007
0.62007
0.62007
0.62007
0.62007
0.62007
0.62007
0.62007
0.62007
0.62007
0.62007
0.62007
0.62007
0.62007
0.62007
0.62007
0.62007
0.62007
0.62007
0.62007
0.62007
0.62007
0.62007
0.62007
0.62007
0.62007
0.62007
0.62007
0.62007
0.62007
0.62007
0.62007
0.62007
0.62007
0.62007
0.62007
0.62007
0.62007
0.62007
0.62007
0.62007
0.62007
0.62007
0.62007
0.62007
0.62007
0.62007
0.62007
0.62007
0.62007
0.62007
0.62007
0.62007
0.62007
0.62007
0.62007
0.62007
0.62007
0.62007
0.62007
0.62007
0.62007
0.62007
0.62007
0.62007
0.62007
0.62007
0.62007
0.62007
0.62007
0.62007
0.62007
0.62007
0.62007
0.62007
0.62007
0.62007
0.62007
0.62007
0.62007
0.62007
0.62007
0.62007
0.62007
0.62007
0.62007
0.62007
0.62007
0.62007
0.62007
0.62007
0.62007
0.62007
0.62007
0.62007
0.62007
0.62007
0.62007
0.62007
0.62007
0.62007
0.62007
0.62007
0.62007
0.62007
0.62007
0.62007
0.62007
0.62007
0.62007
0.62007
0.62007
0.62007
0.62007
0.62007
0.62007
0.62007
0.62007
0.62007
0.62007
0.62007
0.62007
0.62007
0.62007
0.62007
0.62007
0.62007
0.62007
0.62007
0.62007
0.62007
0.62007
0.62007
0.62007
0.62007
0.62007
0.62007
0.62007
0.62007
0.62007
0.62007
0.62007
0.62007
0.62007
0.62007
0.62007
0.62007
0.62007
0.62007
0.62007
0.62007
0.62007
0.62007
0.62007
0.62007
0.62007
0.62007
0.62007
0.62007
0.62007
0.62007
0.62007
0.62007
0.62007
0.62007
0.62007
0.62007
0.62007
0.62007
0.62007
0.62007
0.62007
0.62007
0.62007
0.62007
0.62007
0.62007
0.62007
0.62007
0.62007
0.62007
0.62007
0.62007
0.62007
0.62007
0.62007
0.62007
0.62007
0.62007
0.62007
0.62007
0.62007
0.62007
0.62007
0.62007
0.62007
0.62007
0.62007
0.62007
0.62007
0.62007
0.62007
0.62007
0.62007
0.62007
0.62007
0.62007
0.62007
0.62007
0.62007
0.62007
0.62007
0.62007
0.62007
0.62007
0.62007
0.62007
0.62007
0.62007
0.62007
0.62007
0.62007
0.62007
0.62007
0.62007
0.62007
0.62007
0.62007
0.62007
0.62007
0.62007
0.62007
0.62007
0.62007
0.62007
0.62007
0.62007
0.62007
0.62007
0.62007
0.62007
0.62007
0.62007
0.62007
0.62007
0.62007
0.62007
0.62007
0.62007
0.62007
0.62007
0.62007
0.62007
0.62007
0.62007
0.62007
0.62007
0.62007
0.62007
0.62007
0.62007
0.62007
0.62007
0.62007
0.62007
0.62007
0.62007
0.62007
0.62007
0.62007
0.62007
0.62007
0.62007
0.62007
0.62007
0.62007
0.62007
0.62007
0.62007
0.62007
0.62007
0.62007
0.62007
0.62007
0.62007
0.62007
0.62007
0.62007
0.62007
0.62007
0.62007
0.62007
0.62007
0.62007
0.62007
0.62007
0.62007
0.62007
0.62007
0.62007
0.62007
0.62007
0.62007
0.62007
0.62007
0.62007
0.62007
0.62007
0.62007
0.62007
0.62007
0.62007
0.62007
0.62007
0.62007
0.62007
0.62007
0.62007
0.62007
0.62007
0.62007
0.62007
0.62007
0.62007
0.62007
0.62007
0.62007
0.62007
0.62007
0.62007
0.62007
0.62007
0.62007
0.62007
0.62007
0.62007
0.62007
0.62007
0.62007
0.62007
0.62007
0.62007
0.62007
0.62007
0.62007
0.62007
0.62007
0.62007
0.62007
0.62007
0.62007
0.62007
0.62007
0.62007
0.62007
0.62007
0.62007
0.62007
0.62007
0.62007
0.62007
0.62007
0.62007
0.62007
0.62007
0.62007
0.62007
0.62007
0.62007
0.62007
0.62007
0.62007
0.62007
0.62007
0.62007
0.62007
0.62007
0.62007
0.62007
0.62007
0.62007
0.62007
0.62007
0.62007
0.62007
0.62007
0.62007
0.62007
0.62007
0.62007
0.62007
0.62007
0.62007
0.62007
0.62007
0.62007
0.62007
0.62007
0.62007
0.62007
0.62007
0.62007
0.62007
0.62007
0.62007
0.62007
0.62007
0.62007
0.62007
0.62007
0.62007
0.62007
0.62007
0.62007
0.62007
0.62007
0.62007
0.62007
0.62007
0.62007
0.62007
0.62007
0.62007
0.62007
0.62007
0.62007
0.62007
0.62007
0.62007
0.62007
0.62007
0.62007
0.62007
0.62007
0.62007
0.62007
0.62007
0.62007
0.62007
0.62007
0.62007
0.62007
0.62007
0.62007
0.62007
0.62007
0.62007
0.62007
0.62007
0.62007
0.62007
0.62007
0.62007
0.62007
0.62007
0.62007
0.62007
0.62007
0.62007
0.62007
0.62007
0.62007
0.62007
0.62007
0.62007
0.62007
0.62007
0.62007
0.62007
0.62007
0.62007
0.62007
0.62007
0.62007
0.62007
0.62007
0.62007
0.62007
0.62007
0.62007
0.62007
0.62007
0.62007
0.62007
0.62007
0.62007
0.62007
0.62007
0.62007
0.62007
0.62007
0.62007
0.62007
0.62007
0.62007
0.62007
0.62007
0.62007
0.62007
0.62007
0.62007
0.62007
0.62007
0.62007
0.62007
0.62007
0.62007
0.62007
0.62007
0.62007
0.62007
0.62007
0.62007
0.62007
0.62007
0.62007
0.62007
0.62007
0.62007
0.62007
0.62007
0.62007
0.62007
0.62007
0.62007
0.62007
0.62007
0.62007
0.62007
0.62007
0.62007
0.62007
0.62007
0.62007
0.62007
0.62007
0.62007
0.62007
0.62007
0.62007
0.62007
0.62007
0.62007
0.62007
0.62007
0.62007
0.62007
0.62007
0.62007
0.62007
0.62007
0.62007
0.62007
0.62007
0.62007
0.62007
0.62007
0.62007
0.62007
0.62007
0.62007
0.62007
0.62007
0.62007
0.62007
0.62007
0.62007
0.62007
0.62007
0.62007
0.62007
0.62007
0.62007
0.62007
0.62007
0.62007
0.62007
0.62007
0.62007
0.62007
0.62007
0.62007
0.62007
0.62007
0.62007
0.62007
0.62007
0.62007
0.62007
0.62007
0.62007
0.62007
0.62007
0.62007
0.62007
0.62007
0.62007
0.62007
0.62007
0.62007
0.62007
0.62007
0.62007
0.62007
0.62007
0.62007
0.62007
0.62007
0.62007
0.62007
0.62007
0.62007
0.62007
0.62007
0.62007
0.62007
0.62007
0.62007
0.62007
0.62007
0.62007
0.62007
0.62007
0.62007
0.62007
0.62007
0.62007
0.62007
0.62007
0.62007
0.62007
0.62007
0.62007
0.62007
0.62007
0.62007
0.62007
0.62007
0.62007
0.62007
0.62007
0.62007
0.62007
0.62007
0.62007
0.62007
0.62007
0.62007
0.62007
0.62007
0.62007
0.62007
0.62007
0.62007
0.62007
0.62007
0.62007
0.62007
0.62007
0.62007
0.62007
0.62007
0.62007
0.62007
0.62007
0.62007
0.62007
0.62007
0.62007
0.62007
0.62007
0.62007
0.62007
0.62007
0.62007
0.62007
0.62007
0.62007
0.62007
0.62007
0.62007
0.62007
0.62007
0.62007
0.62007
0.62007
0.62007
0.62007
0.62007
0.62007
0.62007
0.62007
0.62007
0.62007
0.62007
0.62007
0.62007
0.62007
0.62007
0.62007
0.62007
0.62007
0.62007
0.62007
0.62007
0.62007
0.62007
0.62007
0.62007
0.62007
0.62007
0.62007
0.62007
0.62007
0.62007
0.62007
0.62007
0.62007
0.62007
0.62007
0.62007
0.62007
0.62007
0.62007
0.62007
0.62007
0.62007
0.62007
0.62007
0.62007
0.62007
0.62007
0.62007
0.62007
0.62007
0.62007
0.62007
0.62007
0.62007
0.62007
0.62007
0.62007
0.62007
0.62007
0.62007
0.62007
0.62007
0.62007
0.62007
0.62007
0.62007
0.62007
0.62007
0.62007
0.62007
0.62007
0.62007
0.62007
0.62007
0.62007
0.62007
0.62007
0.62007
0.62007
0.62007
0.62007
0.62007
0.62007
0.62007
0.62007
0.62007
0.62007
0.62007
0.62007
0.62007
0.62007
0.62007
0.62007
0.62007
0.62007
0.62007
0.62007
0.62007
0.62007
0.62007
0.62007
0.62007
0.62007
0.62007
0.62007
0.62007
0.62007
0.62007
0.62007
0.62007
0.62007
0.62007
0.62007
0.62007
0.62007
0.62007
0.62007
0.62007
0.62007
0.62007
0.62007
0.62007
0.62007
0.62007
0.62007
0.62007
0.62007
0.62007
0.62007
0.62007
0.62007
0.62007
0.62007
0.62007
0.62007
0.62007
0.62007
0.62007
0.62007
0.62007
0.62007
0.62007
0.62007
0.62007
0.62007
0.62007
0.62007
0.62007
0.62007
0.62007
0.62007
0.62007
0.62007
0.62007
0.62007
0.62007
0.62007
0.62007
0.62007
0.62007
0.62007
0.62007
0.62007
0.62007
0.62007
0.62007
0.62007
0.62007
0.62007
0.62007
0.62007
0.62007
0.62007
0.62007
0.62007
0.62007
0.62007
0.62007
0.62007
0.62007
0.62007
0.62007
0.62007
0.62007
0.62007
0.62007
0.62007
0.62007
0.62007
0.62007
0.62007
0.62007
0.62007
0.62007
0.62007
0.62007
0.62007
0.62007
0.62007
0.62007
0.62007
0.62007
0.62007
0.62007
0.62007
0.62007
0.62007
0.62007
0.62007
0.62007
0.62007
0.62007
0.62007
0.62007
0.62007
0.62007
0.62007
0.62007
0.62007
0.62007
0.62007
0.62007
0.62007
0.62007
0.62007
0.62007
0.62007
0.62007
0.62007
0.62007
0.62007
0.62007
0.62007
0.62007
0.62007
0.62007
0.62007
0.62007
0.62007
0.62007
0.62007
0.62007
0.62007
0.62007
0.62007
0.62007
0.62007
0.62007
0.62007
0.62007
0.62007
0.62007
0.62007
0.62007
0.62007
0.62007
0.62007
0.62007
0.62007
0.62007
0.62007
0.62007
0.62007
0.62007
0.62007
0.62007
0.62007
0.62007
0.62007
0.62007
0.62007
0.62007
0.62007
0.62007
0.62007
0.62007
0.62007
0.62007
0.62007
0.62007
0.62007
0.62007
0.62007
0.62007
0.62007
0.62007
0.62007
0.62007
0.62007
0.62007
0.62007
0.62007
0.62007
0.62007
0.62007
0.62007
0.62007
0.62007
0.62007
0.62007
0.62007
0.62007
0.62007
0.62007
0.62007
0.62007
0.62007
0.62007
0.62007
0.62007
0.62007
0.62007
0.62007
0.62007
0.62007
0.62007
0.62007
0.62007
0.62007
0.62007
0.62007
0.62007
0.62007
0.62007
0.62007
0.62007
0.62007
0.62007
0.62007
0.62007
0.62007
0.62007
0.62007
0.62007
0.62007
0.62007
0.62007
0.62007
0.62007
0.62007
0.62007
0.62007
0.62007
0.62007
0.62007
0.62007
0.62007
0.62007
0.62007
0.62007
0.62007
0.62007
0.62007
0.62007
0.62007
0.62007
0.62007
0.62007
0.62007
0.62007
0.62007
0.62007
0.62007
0.62007
0.62007
0.62007
0.62007
0.62007
0.62007
0.62007
0.62007
0.62007
0.62007
0.62007
0.62007
0.62007
0.62007
0.62007
0.62007
0.62007
0.62007
0.62007
0.62007
0.62007
0.62007
0.62007
0.62007
0.62007
0.62007
0.62007
0.62007
0.62007
0.62007
0.62007
0.62007
0.62007
0.62007
0.62007
0.62007
0.62007
0.62007
0.62007
0.62007
0.62007
0.62007
0.62007
0.62007
0.62007
0.62007
0.62007
0.62007
0.62007
0.62007
0.62007
0.62007
0.62007
0.62007
0.62007
0.62007
0.62007
0.62007
0.62007
0.62007
0.62007
0.62007
0.62007
0.62007
0.62007
0.62007
0.62007
0.62007
0.62007
0.62007
0.62007
0.62007
0.62007
0.62007
0.62007
0.62007
0.62007
0.62007
0.62007
0.62007
0.62007
0.62007
0.62007
0.62007
0.62007
0.62007
0.62007
0.62007
0.62007
0.62007
0.62007
0.62007
0.62007
0.62007
0.62007
0.62007
0.62007
0.62007
0.62007
0.62007
0.62007
0.62007
0.62007
0.62007
0.62007
0.62007
0.62007
0.62007
0.62007
0.62007
0.62007
0.62007
0.62007
0.62007
0.62007
0.62007
0.62007
0.62007
0.62007
0.62007
0.62007
0.62007
0.62007
0.62007
0.62007
0.62007
0.62007
0.62007
0.62007
0.62007
0.62007
0.62007
0.62007
0.62007
0.62007
0.62007
0.62007
0.62007
0.62007
0.62007
0.62007
0.62007
0.62007
0.62007
0.62007
0.62007
0.62007
0.62007
0.62007
0.62007
0.62007
0.62007
0.62007
0.62007
0.62007
0.62007
0.62007
0.62007
0.62007
0.62007
0.62007
0.62007
0.62007
0.62007
0.62007
0.62007
0.62007
0.62007
0.62007
0.62007
0.62007
0.62007
0.62007
0.62007
0.62007
0.62007
0.62007
0.62007
0.62007
0.62007
0.62007
0.62007
0.62007
0.62007
0.62007
0.62007
0.62007
0.62007
0.62007
0.62007
0.62007
0.62007
0.62007
0.62007
0.62007
0.62007
0.62007
0.62007
0.62007
0.62007
0.62007
0.62007
0.62007
0.62007
0.62007
0.62007
0.62007
0.62007
0.62007
0.62007
0.62007
0.62007
0.62007
0.62007
0.62007
0.62007
0.62007
0.62007
0.62007
0.62007
0.846746
0.526561
0.538644
0.552754
0.582869
0.605281
0.603349
0.598062
0.597747
0.598209
0.598781
0.599397
0.599688
0.599625
0.599444
0.599333
0.599226
0.599072
0.598893
0.598016
1.08401
0.755388
0.659553
0.592097
0.592158
0.602187
0.601648
0.60146
0.600995
0.60046
0.600564
0.600921
0.60098
0.60079
0.600551
0.600287
0.600021
0.59975
0.599505
0.598557
1.18059
0.875724
0.711131
0.616473
0.605358
0.600097
0.603907
0.608253
0.607006
0.605331
0.604832
0.604805
0.604453
0.604033
0.603521
0.603063
0.602568
0.601941
0.601395
0.600132
1.24489
0.985653
0.791846
0.660667
0.624632
0.601279
0.604156
0.613018
0.612432
0.610911
0.610359
0.609796
0.609075
0.608412
0.607674
0.606921
0.606167
0.60539
0.604688
0.603066
1.29079
1.06957
0.866536
0.716484
0.648468
0.602854
0.608538
0.614878
0.61492
0.614883
0.614341
0.613501
0.612675
0.612105
0.611345
0.610492
0.609624
0.608742
0.607975
0.606203
1.32377
1.13336
0.938571
0.783894
0.687177
0.613679
0.615378
0.613039
0.614652
0.616932
0.61644
0.615294
0.614636
0.614209
0.613596
0.612852
0.61204
0.611207
0.610434
0.608648
1.34773
1.18377
1.00224
0.848751
0.730344
0.638393
0.623843
0.610417
0.613103
0.617234
0.617141
0.615987
0.615422
0.615067
0.614531
0.613915
0.613227
0.612519
0.611832
0.610172
1.36629
1.22372
1.05758
0.906756
0.780239
0.679878
0.637801
0.613047
0.61307
0.616788
0.616886
0.616165
0.6157
0.615298
0.614841
0.61433
0.613732
0.613106
0.612466
0.610912
1.38088
1.25669
1.10437
0.959286
0.831215
0.723031
0.657827
0.614501
0.615377
0.617006
0.61593
0.616217
0.616054
0.615438
0.614974
0.614543
0.613995
0.613399
0.612745
0.611237
1.3925
1.28424
1.14425
1.00708
0.878086
0.768783
0.6886
0.623075
0.622825
0.617596
0.615097
0.616275
0.616318
0.615576
0.615127
0.614725
0.61419
0.613604
0.612937
0.61145
1.402
1.30702
1.17949
1.04894
0.922605
0.813557
0.721938
0.644142
0.629794
0.615747
0.614952
0.616682
0.616453
0.6157
0.615356
0.614948
0.614411
0.613842
0.61318
0.611698
1.40953
1.32631
1.20997
1.08619
0.964202
0.854269
0.758838
0.674936
0.639576
0.616166
0.615851
0.617573
0.616611
0.615943
0.615761
0.615245
0.614698
0.614155
0.613509
0.612008
1.41539
1.3426
1.23611
1.12001
1.00138
0.893397
0.795882
0.708105
0.655165
0.61843
0.61963
0.618622
0.616226
0.616314
0.61624
0.615585
0.615059
0.614534
0.613887
0.61234
1.41995
1.35609
1.25909
1.14976
1.03578
0.930028
0.830898
0.743194
0.677322
0.624631
0.625125
0.61985
0.616062
0.616789
0.616669
0.615911
0.615469
0.614948
0.614265
0.612654
1.4235
1.36749
1.279
1.17638
1.06726
0.963628
0.865065
0.777342
0.702399
0.639738
0.630683
0.618666
0.616172
0.617519
0.616959
0.616185
0.615862
0.615323
0.614582
0.612928
1.42642
1.37721
1.29628
1.20019
1.09582
0.994898
0.89746
0.809332
0.730744
0.661822
0.63651
0.618975
0.617095
0.618356
0.617184
0.616474
0.616242
0.615638
0.61484
0.613177
1.42877
1.38556
1.31142
1.22152
1.12161
1.0242
0.927397
0.840552
0.759209
0.686934
0.646135
0.620264
0.619972
0.619089
0.61689
0.616768
0.616536
0.615822
0.615012
0.613385
1.43067
1.39268
1.32485
1.24045
1.14551
1.05081
0.95617
0.869846
0.787099
0.713946
0.660775
0.623396
0.623946
0.619646
0.616747
0.617086
0.616768
0.615898
0.615131
0.613547
1.43212
1.39881
1.33668
1.25758
1.16723
1.07562
0.983299
0.897159
0.814886
0.740619
0.678569
0.631102
0.62792
0.620839
0.616954
0.617505
0.616886
0.61588
0.615166
0.613704
1.4332
1.40403
1.3472
1.27306
1.18713
1.09867
1.00854
0.92346
0.841274
0.766509
0.699935
0.645038
0.631575
0.619801
0.617097
0.618047
0.617011
0.615954
0.61524
0.613618
1.43406
1.40853
1.35663
1.28704
1.20544
1.12
1.03228
0.94838
0.866409
0.792046
0.722386
0.66217
0.636483
0.620389
0.618524
0.618552
0.616603
0.615827
0.615097
0.613544
1.43483
1.41251
1.36511
1.29984
1.22226
1.13984
1.05462
0.971873
0.890687
0.816527
0.744968
0.682695
0.644811
0.621156
0.620956
0.618819
0.616221
0.615811
0.615031
0.61348
1.43555
1.41608
1.37282
1.31158
1.2378
1.1584
1.07557
0.994272
0.913996
0.839727
0.768144
0.703895
0.655593
0.62378
0.623852
0.619056
0.616096
0.615862
0.61496
0.613452
1.43624
1.41931
1.37986
1.32245
1.2522
1.17577
1.0953
1.01568
0.936157
0.862423
0.790537
0.725053
0.670372
0.63053
0.626494
0.619678
0.616092
0.616197
0.614895
0.613449
1.43692
1.42224
1.38633
1.33245
1.26567
1.19198
1.11408
1.03588
0.95775
0.884048
0.812279
0.746566
0.686867
0.640409
0.628662
0.61892
0.616473
0.616495
0.614775
0.613457
1.43755
1.42485
1.39219
1.34172
1.27813
1.20724
1.13176
1.05528
0.97839
0.904892
0.833601
0.767166
0.704865
0.654077
0.632275
0.619
0.617695
0.616787
0.614533
0.613569
1.438
1.42708
1.39747
1.3502
1.28973
1.22155
1.14841
1.07384
0.998108
0.925196
0.853986
0.787472
0.723871
0.669173
0.637412
0.619388
0.619492
0.616915
0.614356
0.613829
1.4382
1.42889
1.40216
1.35798
1.30049
1.23495
1.16424
1.09138
1.01718
0.944705
0.873809
0.807313
0.742639
0.686021
0.64564
0.621079
0.621616
0.616976
0.614183
0.6143
1.43825
1.43036
1.40631
1.3651
1.31052
1.24756
1.17912
1.10815
1.03537
0.963534
0.893208
0.82629
0.761768
0.703442
0.655896
0.625505
0.623289
0.617295
0.614353
0.61485
1.43823
1.43154
1.40997
1.37162
1.31981
1.25943
1.19313
1.12407
1.05269
0.981856
0.911717
0.845129
0.780489
0.720538
0.669116
0.632704
0.624768
0.616438
0.614463
0.615476
1.43813
1.4325
1.41322
1.37758
1.32847
1.27048
1.20642
1.13903
1.06933
0.999339
0.929897
0.863295
0.798547
0.73838
0.683369
0.641638
0.626451
0.616684
0.614971
0.616159
1.43803
1.43328
1.4161
1.38302
1.33647
1.28085
1.21886
1.15327
1.0851
1.01618
0.947487
0.880814
0.816512
0.755524
0.698733
0.653237
0.629455
0.617215
0.616076
0.616666
1.43795
1.43396
1.41863
1.388
1.34384
1.29054
1.23058
1.16678
1.10007
1.03246
0.964212
0.898199
0.8337
0.772603
0.714956
0.665574
0.633912
0.618114
0.617897
0.617127
1.43793
1.43456
1.42092
1.39253
1.35074
1.29955
1.24173
1.17953
1.11448
1.0479
0.980683
0.914787
0.850684
0.789461
0.730882
0.679271
0.640943
0.619665
0.619977
0.617643
1.43801
1.43513
1.42299
1.39674
1.35712
1.3081
1.25221
1.19183
1.12814
1.06286
0.99649
0.931071
0.867227
0.805737
0.747273
0.693515
0.649339
0.622282
0.622171
0.618241
1.43817
1.43571
1.42492
1.40066
1.36315
1.31613
1.26226
1.20352
1.14134
1.07721
1.01175
0.947033
0.883146
0.82205
0.763168
0.707848
0.659822
0.62771
0.624231
0.618778
1.43837
1.43626
1.4267
1.40431
1.36882
1.32372
1.27179
1.21473
1.154
1.09097
1.02666
0.962329
0.89897
0.837864
0.778677
0.722494
0.671644
0.635294
0.625962
0.618942
1.43851
1.43671
1.42825
1.40766
1.37409
1.3309
1.28079
1.22546
1.1661
1.1043
1.04093
0.977414
0.91427
0.853306
0.794067
0.736721
0.684568
0.645017
0.62861
0.619223
1.43858
1.43704
1.42956
1.41064
1.37901
1.33762
1.28934
1.2356
1.17775
1.11706
1.05481
0.991957
0.929262
0.868482
0.808761
0.75111
0.698569
0.655608
0.632117
0.619744
1.43865
1.43728
1.43065
1.41332
1.38354
1.34396
1.29737
1.24526
1.18885
1.12935
1.06818
1.00603
0.943937
0.883134
0.823249
0.765457
0.712824
0.667439
0.637436
0.620635
1.43853
1.43737
1.43153
1.41574
1.38777
1.34993
1.30496
1.25441
1.19946
1.14121
1.08103
1.01972
0.958168
0.89743
0.837432
0.779714
0.727623
0.680025
0.643881
0.621872
1.43845
1.43737
1.43228
1.41794
1.39175
1.35557
1.31215
1.26308
1.20963
1.15262
1.09349
1.03296
0.972017
0.911333
0.851266
0.794327
0.742311
0.692748
0.652209
0.623947
1.43842
1.43741
1.43292
1.41998
1.3955
1.36093
1.31899
1.27137
1.21934
1.16364
1.10555
1.04582
0.985487
0.924741
0.8652
0.808879
0.756831
0.705962
0.661456
0.626753
1.43841
1.43749
1.43358
1.42191
1.39906
1.36606
1.32552
1.27928
1.22863
1.17428
1.11721
1.05833
0.998438
0.937973
0.879019
0.8235
0.771355
0.71863
0.671827
0.630786
1.43837
1.43762
1.43426
1.42375
1.40242
1.37093
1.33179
1.28687
1.23755
1.18449
1.12853
1.07041
1.01102
0.950942
0.893005
0.838194
0.785154
0.73149
0.682833
0.635667
1.43828
1.4377
1.43486
1.42543
1.40556
1.37557
1.3378
1.29418
1.24611
1.19433
1.13944
1.08205
1.02322
0.963875
0.90718
0.852459
0.798879
0.743844
0.694193
0.641745
1.43822
1.43772
1.4353
1.42688
1.40844
1.37996
1.34356
1.30122
1.25433
1.20382
1.14989
1.09331
1.03509
0.976988
0.921262
0.86667
0.811864
0.75603
0.705989
0.648712
1.43822
1.43773
1.43565
1.42808
1.41103
1.38403
1.34907
1.308
1.2623
1.21284
1.15995
1.10407
1.04697
0.990153
0.935486
0.880163
0.824434
0.768042
0.717828
0.656583
1.43839
1.43793
1.43598
1.42913
1.4133
1.3878
1.35422
1.31451
1.26992
1.22157
1.1695
1.11468
1.05882
1.00366
0.949231
0.893138
0.836558
0.779812
0.729856
0.665223
1.43852
1.43818
1.43633
1.43009
1.41539
1.39121
1.35907
1.32071
1.27727
1.22979
1.17876
1.12515
1.07104
1.01703
0.962493
0.905448
0.848226
0.791573
0.741856
0.674438
1.43856
1.43832
1.43662
1.43102
1.41732
1.39443
1.36355
1.32654
1.28422
1.23772
1.18777
1.13586
1.08342
1.03019
0.974985
0.917045
0.859725
0.803214
0.75384
0.684155
1.43832
1.43817
1.43668
1.43159
1.41906
1.39745
1.36783
1.33201
1.29072
1.24527
1.19682
1.14685
1.09591
1.04271
0.986544
0.928211
0.871019
0.814846
0.765746
0.69419
1.43766
1.43737
1.43618
1.43165
1.42045
1.40028
1.37184
1.33704
1.29683
1.25277
1.20618
1.15807
1.10802
1.05426
0.997337
0.93898
0.882313
0.826418
0.777528
0.704482
1.43684
1.43629
1.43541
1.43147
1.4214
1.40281
1.37554
1.34167
1.30265
1.26045
1.21588
1.1693
1.11917
1.0647
1.00743
0.949607
0.893564
0.837914
0.789179
0.714919
1.43614
1.43531
1.43446
1.43117
1.42218
1.40481
1.37879
1.34601
1.30853
1.26851
1.22602
1.17984
1.12908
1.07411
1.01711
0.960151
0.904796
0.849328
0.800695
0.725464
1.4357
1.43479
1.43361
1.43076
1.42273
1.40651
1.3815
1.3502
1.31484
1.27702
1.23582
1.18944
1.13767
1.0827
1.02653
0.970658
0.915936
0.860598
0.812066
0.736053
1.43548
1.43456
1.43315
1.43042
1.42309
1.40784
1.38411
1.3548
1.32168
1.28561
1.24435
1.19713
1.14532
1.09107
1.03596
0.981102
0.926903
0.871725
0.823303
0.746646
1.43482
1.43421
1.43282
1.43018
1.42333
1.40904
1.38707
1.36021
1.32931
1.29311
1.2511
1.2037
1.15239
1.09932
1.04542
0.991445
0.937651
0.882658
0.834375
0.757191
1.43454
1.43375
1.43239
1.42998
1.42362
1.41057
1.39106
1.36659
1.33669
1.29958
1.25611
1.20889
1.15909
1.10766
1.05491
1.0016
0.948126
0.893378
0.845247
0.767627
1.43459
1.43328
1.43171
1.42958
1.42418
1.41287
1.39626
1.37328
1.3426
1.30411
1.26035
1.214
1.16579
1.11596
1.0643
1.01155
0.958353
0.903889
0.855905
0.777927
1.43508
1.43315
1.43114
1.4295
1.42509
1.41728
1.40261
1.37866
1.3457
1.30721
1.26455
1.21949
1.17265
1.12414
1.07345
1.02122
0.968328
0.914163
0.866306
0.788049
1.43536
1.43319
1.43139
1.43066
1.42937
1.42357
1.4082
1.38156
1.34748
1.30978
1.26902
1.2255
1.17972
1.13215
1.08225
1.03058
0.978073
0.92423
0.876489
0.798019
1.43454
1.43159
1.4316
1.43452
1.43538
1.42807
1.41022
1.3828
1.34912
1.31266
1.27381
1.23183
1.18694
1.13997
1.09072
1.03962
0.987586
0.934081
0.886462
0.807848
1.43292
1.43094
1.43395
1.43949
1.43893
1.42897
1.40934
1.38309
1.35146
1.31648
1.27884
1.23809
1.19409
1.1477
1.09898
1.04845
0.996926
0.943762
0.896289
0.817585
1.43792
1.44151
1.44788
1.44658
1.43951
1.42591
1.40622
1.383
1.35463
1.32108
1.28396
1.24402
1.20101
1.15529
1.10711
1.05713
1.00613
0.9533
0.906001
0.827255
1.42172
1.45187
1.45547
1.44876
1.43651
1.4217
1.40498
1.38448
1.35839
1.32608
1.28929
1.24981
1.20767
1.16274
1.1152
1.06577
1.01527
0.96274
0.915637
0.836889
1.41651
1.46953
1.44732
1.4368
1.42773
1.41941
1.40647
1.38729
1.36217
1.33089
1.29484
1.25596
1.21435
1.17
1.12316
1.07437
1.02436
0.972106
0.925208
0.846495
1.14327
1.41468
1.4231
1.42272
1.42319
1.42001
1.40879
1.38939
1.36422
1.33475
1.30031
1.26225
1.2211
1.17728
1.13109
1.08287
1.03336
0.981383
0.934722
0.856084
0.766141
1.27971
1.43
1.42519
1.42452
1.42163
1.40967
1.39038
1.3658
1.33841
1.30577
1.26846
1.22766
1.18446
1.13904
1.0914
1.0423
0.990562
0.944164
0.865652
0.6315
0.95428
1.36518
1.41715
1.4218
1.4186
1.40767
1.39046
1.36778
1.34145
1.30985
1.27459
1.23426
1.19175
1.14689
1.09979
1.05114
0.999678
0.953537
0.875173
0.620324
0.690978
1.15459
1.41861
1.42397
1.41645
1.40584
1.39082
1.37024
1.34428
1.3137
1.27884
1.24072
1.1992
1.15493
1.10813
1.0598
1.00869
0.962878
0.884656
0.620073
0.624452
0.834473
1.32458
1.41597
1.41366
1.40575
1.39153
1.37033
1.34581
1.31638
1.28387
1.24625
1.20588
1.16273
1.11654
1.06855
1.01766
0.97213
0.894051
0.62007
0.620179
0.653488
1.0629
1.39319
1.41692
1.40802
1.39299
1.37238
1.34703
1.31865
1.2873
1.25221
1.21274
1.16957
1.12411
1.07702
1.02671
0.981417
0.90337
0.62007
0.620071
0.621741
0.765977
1.27516
1.41587
1.41015
1.3949
1.37393
1.34928
1.32127
1.29033
1.25585
1.21871
1.17683
1.13181
1.08509
1.03537
0.990614
0.912683
0.62007
0.62007
0.620108
0.638106
1.00447
1.37029
1.40679
1.39613
1.37606
1.35214
1.32453
1.29356
1.25935
1.22308
1.182
1.13972
1.0935
1.04422
0.999608
0.921851
0.62007
0.62007
0.620071
0.620907
0.73689
1.24525
1.40759
1.39977
1.37988
1.35586
1.32806
1.29694
1.26309
1.22673
1.1875
1.1453
1.10087
1.0529
1.00867
0.931075
0.62007
0.62007
0.62007
0.62009
0.633421
0.98078
1.35866
1.39696
1.38307
1.35962
1.33219
1.30105
1.26724
1.23071
1.19206
1.15114
1.10776
1.06017
1.01697
0.940141
0.62007
0.62007
0.62007
0.62007
0.620702
0.730611
1.23795
1.3985
1.38743
1.36435
1.33684
1.30554
1.27158
1.23502
1.19684
1.15658
1.11393
1.06764
1.02473
0.948748
0.62007
0.62007
0.62007
0.62007
0.620087
0.63343
0.98953
1.35025
1.38441
1.36828
1.34105
1.31027
1.27655
1.24029
1.20235
1.16235
1.11987
1.0743
1.03216
0.957258
0.62007
0.62007
0.62007
0.62007
0.620071
0.620781
0.744755
1.24896
1.38604
1.37358
1.34644
1.31545
1.28188
1.24609
1.20828
1.16835
1.12579
1.08082
1.03913
0.965184
0.62007
0.62007
0.62007
0.62007
0.62007
0.620093
0.637895
1.02344
1.35043
1.37113
1.35079
1.32007
1.28724
1.25244
1.21492
1.17494
1.13222
1.0875
1.04606
0.972779
0.62007
0.62007
0.62007
0.62007
0.62007
0.620071
0.621184
0.777559
1.27047
1.37512
1.35525
1.32536
1.2932
1.25918
1.22183
1.18166
1.13892
1.09438
1.05304
0.980075
0.62007
0.62007
0.62007
0.62007
0.62007
0.62007
0.620114
0.648739
1.07447
1.35086
1.35411
1.33083
1.29906
1.26564
1.22855
1.18852
1.14623
1.10186
1.06045
0.987386
0.62007
0.62007
0.62007
0.62007
0.62007
0.62007
0.620071
0.622319
0.831565
1.29482
1.35883
1.3363
1.30528
1.27192
1.23501
1.19546
1.15385
1.1096
1.06806
0.994757
0.62007
0.62007
0.62007
0.62007
0.62007
0.62007
0.62007
0.620181
0.671652
1.13619
1.34475
1.33956
1.31153
1.27737
1.24076
1.20216
1.16151
1.11742
1.07597
1.0025
0.62007
0.62007
0.62007
0.62007
0.62007
0.62007
0.62007
0.620074
0.625532
0.907127
1.31184
1.34384
1.3177
1.28305
1.24674
1.20918
1.16931
1.12531
1.08407
1.01054
0.62007
0.62007
0.62007
0.62007
0.62007
0.62007
0.62007
0.62007
0.620409
0.715262
1.19972
1.33818
1.32229
1.2886
1.25245
1.21584
1.17649
1.13266
1.09193
1.01873
0.62007
0.62007
0.62007
0.62007
0.62007
0.62007
0.62007
0.62007
0.620086
0.634953
0.998653
1.31605
1.32367
1.2956
1.25938
1.22303
1.18373
1.14019
1.10004
1.02726
0.62007
0.62007
0.62007
0.62007
0.62007
0.62007
0.62007
0.62007
0.620071
0.621291
0.78772
1.25179
1.32508
1.30105
1.2666
1.22961
1.19013
1.14721
1.10776
1.03559
0.62007
0.62007
0.62007
0.62007
0.62007
0.62007
0.62007
0.62007
0.62007
0.620145
0.660356
1.09532
1.30919
1.30541
1.27469
1.23576
1.19638
1.15435
1.11552
1.04399
0.62007
0.62007
0.62007
0.62007
0.62007
0.62007
0.62007
0.62007
0.62007
0.620074
0.624791
0.890316
1.28028
1.31117
1.28213
1.2423
1.20325
1.16182
1.12321
1.05221
0.62007
0.62007
0.62007
0.62007
0.62007
0.62007
0.62007
0.62007
0.62007
0.62007
0.620441
0.717723
1.18114
1.30621
1.28659
1.2492
1.21036
1.16905
1.13059
1.06022
0.62007
0.62007
0.62007
0.62007
0.62007
0.62007
0.62007
0.62007
0.62007
0.62007
0.620094
0.638448
1.00581
1.28859
1.2886
1.25796
1.21851
1.17675
1.13841
1.06849
0.62007
0.62007
0.62007
0.62007
0.62007
0.62007
0.62007
0.62007
0.62007
0.62007
0.620071
0.622033
0.814634
1.24168
1.29094
1.26517
1.22634
1.18396
1.14594
1.0765
0.62007
0.62007
0.62007
0.62007
0.62007
0.62007
0.62007
0.62007
0.62007
0.62007
0.62007
0.620237
0.679785
1.11793
1.28111
1.27152
1.23475
1.19133
1.15376
1.08477
0.62007
0.62007
0.62007
0.62007
0.62007
0.62007
0.62007
0.62007
0.62007
0.62007
0.62007
0.620082
0.629848
0.941379
1.26444
1.27578
1.24286
1.19916
1.16168
1.09292
0.62007
0.62007
0.62007
0.62007
0.62007
0.62007
0.62007
0.62007
0.62007
0.62007
0.62007
0.620071
0.621129
0.768632
1.20238
1.27331
1.24835
1.20709
1.16922
1.10072
0.62007
0.62007
0.62007
0.62007
0.62007
0.62007
0.62007
0.62007
0.62007
0.62007
0.62007
0.62007
0.62017
0.661316
1.06714
1.26006
1.25404
1.21689
1.17741
1.10881
0.62007
0.62007
0.62007
0.62007
0.62007
0.62007
0.62007
0.62007
0.62007
0.62007
0.62007
0.62007
0.620078
0.626563
0.897992
1.2413
1.2589
1.22563
1.18532
1.11665
0.62007
0.62007
0.62007
0.62007
0.62007
0.62007
0.62007
0.62007
0.62007
0.62007
0.62007
0.62007
0.620071
0.620828
0.742799
1.16958
1.25475
1.2316
1.19354
1.12462
0.62007
0.62007
0.62007
0.62007
0.62007
0.62007
0.62007
0.62007
0.62007
0.62007
0.62007
0.62007
0.62007
0.620151
0.652931
1.03363
1.24236
1.2372
1.20344
1.13319
0.62007
0.62007
0.62007
0.62007
0.62007
0.62007
0.62007
0.62007
0.62007
0.62007
0.62007
0.62007
0.62007
0.620078
0.625414
0.874032
1.21945
1.24092
1.21195
1.14169
)
;

boundaryField
{
    inlet
    {
        type            calculated;
        value           nonuniform List<scalar> 0();
    }
    outlet
    {
        type            calculated;
        value           nonuniform List<scalar> 
102
(
0.598016
0.598557
0.600132
0.603066
0.606203
0.608648
0.610172
0.610912
0.611237
0.61145
0.611698
0.612008
0.61234
0.612654
0.612928
0.613177
0.613385
0.613547
0.613704
0.613618
0.613544
0.61348
0.613452
0.613449
0.613457
0.613569
0.613829
0.6143
0.61485
0.615476
0.616159
0.616666
0.617127
0.617643
0.618241
0.618778
0.618942
0.619223
0.619744
0.620635
0.621872
0.623947
0.626753
0.630786
0.635667
0.641745
0.648712
0.656583
0.665223
0.674438
0.684155
0.69419
0.704482
0.714919
0.725464
0.736053
0.746646
0.757191
0.767627
0.777927
0.788049
0.798019
0.807848
0.817585
0.827255
0.836889
0.846495
0.856084
0.865652
0.875173
0.884656
0.894051
0.90337
0.912683
0.921851
0.931075
0.940141
0.948748
0.957258
0.965184
0.972779
0.980075
0.987386
0.994757
1.0025
1.01054
1.01873
1.02726
1.03559
1.04399
1.05221
1.06022
1.06849
1.0765
1.08477
1.09292
1.10072
1.10881
1.11665
1.12462
1.13319
1.14169
)
;
    }
    bottom
    {
        type            symmetryPlane;
    }
    top
    {
        type            calculated;
        value           nonuniform List<scalar> 0();
    }
    obstacle
    {
        type            calculated;
        value           nonuniform List<scalar> 
88
(
1.42004
1.4193
1.41895
1.41881
1.41876
1.41854
1.41797
1.41755
1.41756
1.41763
1.41763
1.41756
1.41734
1.41691
1.4163
1.41592
1.41579
1.41578
1.41596
1.41628
1.41651
1.4166
1.41643
1.41613
1.41602
1.41601
1.41604
1.41607
1.41606
1.41594
1.41566
1.41523
1.41477
1.41445
1.41422
1.41409
1.4141
1.41425
1.41438
1.41446
1.41442
1.41434
1.41441
1.41455
1.41474
1.41489
1.41492
1.41485
1.41476
1.41472
1.41475
1.41493
1.41518
1.41535
1.41545
1.41545
1.41522
1.4148
1.41437
1.41412
1.41419
1.41462
1.41554
1.41722
1.42
1.42412
1.42837
1.43282
0.846746
0.526561
0.538644
0.552754
0.582869
0.605281
0.603349
0.598062
0.597747
0.598209
0.598781
0.599397
0.599688
0.599625
0.599444
0.599333
0.599226
0.599072
0.598893
0.598016
)
;
    }
    defaultFaces
    {
        type            empty;
    }
    procBoundary1to0
    {
        type            processor;
        value           nonuniform List<scalar> 
103
(
1.42109
1.41961
1.41236
1.40844
1.40562
1.40782
1.41175
1.41683
1.41629
1.41155
1.41085
1.30334
0.911035
0.64024
0.62016
0.62007
0.62007
0.62007
0.62007
0.62007
0.62007
0.62007
0.62007
0.62007
0.62007
0.62007
0.62007
0.62007
0.62007
0.62007
0.62007
0.62007
0.62007
0.62007
0.62007
0.62007
0.62007
0.62007
0.62007
0.62007
0.62007
0.62007
0.62007
0.62007
0.62007
0.62007
0.62007
0.62007
0.62007
0.62007
0.62007
0.62007
0.62007
0.62007
0.62007
0.62007
0.62007
0.62007
0.62007
0.62007
0.62007
0.62007
0.62007
0.62007
0.62007
0.62007
0.62007
0.62007
0.62007
0.62007
0.62007
0.62007
0.62007
0.62007
0.62007
0.62007
0.62007
0.62007
0.62007
0.62007
0.62007
0.62007
0.62007
0.62007
0.62007
0.62007
0.62007
0.62007
0.62007
0.62007
0.62007
0.62007
0.62007
0.62007
0.62007
0.62007
0.62007
0.62007
0.62007
0.62007
0.62007
0.62007
0.62007
)
;
    }
    procBoundary1to3
    {
        type            processor;
        value           nonuniform List<scalar> 
89
(
0.62007
0.62007
0.62007
0.62007
0.62007
0.62007
0.62007
0.62007
0.62007
0.62007
0.62007
0.62007
0.62007
0.62007
0.62007
0.62007
0.62007
0.62007
0.62007
0.62007
0.62007
0.62007
0.62007
0.62007
0.62007
0.62007
0.62007
0.62007
0.62007
0.62007
0.62007
0.62007
0.62007
0.62007
0.62007
0.62007
0.62007
0.62007
0.62007
0.62007
0.62007
0.62007
0.62007
0.62007
0.62007
0.62007
0.62007
0.62007
0.62007
0.62007
0.62007
0.62007
0.62007
0.62007
0.62007
0.62007
0.62007
0.62007
0.62007
0.62007
0.62007
0.62007
0.62007
0.62007
0.62007
0.62007
0.62007
0.62007
0.62007
0.62007
0.62007
0.62007
0.62007
0.62007
0.62007
0.62007
0.62007
0.62007
0.62007
0.62007
0.62007
0.62007
0.620071
0.620764
0.731557
1.14516
1.23708
1.21802
1.1507
)
;
    }
}


// ************************************************************************* //
