/*--------------------------------*- C++ -*----------------------------------*\
| =========                 |                                                 |
| \\      /  F ield         | OpenFOAM: The Open Source CFD Toolbox           |
|  \\    /   O peration     | Version:  2306                                  |
|   \\  /    A nd           | Website:  www.openfoam.com                      |
|    \\/     M anipulation  |                                                 |
\*---------------------------------------------------------------------------*/
FoamFile
{
    version     2.0;
    format      ascii;
    arch        "LSB;label=32;scalar=64";
    class       volScalarField;
    location    "9e-05";
    object      T;
}
// * * * * * * * * * * * * * * * * * * * * * * * * * * * * * * * * * * * * * //

dimensions      [0 0 0 1 0 0 0];

internalField   nonuniform List<scalar> 
9032
(
269.279
269.297
269.346
269.431
269.533
269.592
269.604
269.619
269.669
269.73
269.777
269.812
269.834
269.84
269.837
269.845
269.872
269.91
269.963
270.019
270.059
270.083
270.086
270.086
270.098
270.122
270.144
270.165
270.181
270.182
270.176
270.161
270.143
270.131
270.124
270.128
270.144
270.17
270.191
270.204
270.205
270.204
270.218
270.238
270.257
270.275
270.286
270.287
270.288
270.29
270.296
270.314
270.338
270.358
270.369
270.372
270.359
270.331
270.303
270.289
270.297
270.332
270.402
270.53
270.742
271.055
271.374
271.707
269.59
269.59
269.626
269.713
269.792
269.811
269.807
269.823
269.874
269.944
270.004
270.025
270.02
270.001
269.989
269.999
270.024
270.054
270.075
270.095
270.108
270.117
270.131
270.154
270.179
270.2
270.215
270.224
270.233
270.237
270.235
270.228
270.219
270.201
270.175
270.163
270.163
270.177
270.207
270.228
270.24
270.251
270.264
270.279
270.289
270.296
270.297
270.295
270.294
270.294
270.297
270.308
270.328
270.348
270.36
270.362
270.355
270.341
270.328
270.325
270.332
270.365
270.443
270.595
270.849
271.202
271.545
271.832
270.382
270.402
270.43
270.429
270.4
270.346
270.298
270.294
270.314
270.349
270.39
270.397
270.376
270.339
270.317
270.314
270.329
270.361
270.376
270.373
270.357
270.335
270.333
270.342
270.358
270.374
270.382
270.384
270.382
270.374
270.364
270.352
270.338
270.318
270.293
270.273
270.261
270.261
270.273
270.291
270.311
270.329
270.34
270.345
270.347
270.346
270.341
270.332
270.326
270.323
270.324
270.33
270.341
270.352
270.359
270.362
270.365
270.37
270.373
270.377
270.387
270.414
270.498
270.674
270.959
271.323
271.651
271.879
271.179
271.178
271.147
271.08
270.987
270.902
270.851
270.828
270.816
270.811
270.807
270.785
270.725
270.66
270.617
270.582
270.563
270.559
270.559
270.552
270.541
270.541
270.541
270.543
270.549
270.557
270.56
270.559
270.553
270.538
270.519
270.497
270.47
270.439
270.407
270.383
270.363
270.359
270.363
270.372
270.387
270.399
270.402
270.401
270.397
270.39
270.379
270.367
270.357
270.349
270.345
270.345
270.347
270.351
270.357
270.364
270.374
270.389
270.405
270.423
270.443
270.48
270.577
270.782
271.096
271.46
271.753
271.914
271.468
271.492
271.454
271.341
271.2
271.099
271.051
271.03
271.005
270.976
270.953
270.909
270.834
270.759
270.704
270.665
270.638
270.629
270.63
270.636
270.647
270.659
270.663
270.659
270.655
270.655
270.655
270.651
270.64
270.613
270.582
270.552
270.519
270.486
270.452
270.427
270.405
270.397
270.398
270.402
270.408
270.411
270.411
270.406
270.401
270.394
270.386
270.375
270.365
270.355
270.346
270.341
270.34
270.342
270.347
270.357
270.371
270.393
270.418
270.445
270.477
270.538
270.662
270.896
271.233
271.582
271.818
271.916
271.383
271.389
271.324
271.212
271.096
271.035
271.023
271.004
270.958
270.9
270.869
270.835
270.783
270.724
270.672
270.635
270.608
270.601
270.604
270.611
270.625
270.644
270.653
270.65
270.646
270.646
270.645
270.639
270.628
270.602
270.563
270.525
270.489
270.456
270.43
270.411
270.392
270.379
270.379
270.381
270.383
270.385
270.387
270.386
270.384
270.381
270.375
270.367
270.356
270.344
270.332
270.324
270.319
270.319
270.321
270.33
270.345
270.366
270.395
270.435
270.492
270.583
270.742
271.009
271.353
271.652
271.821
271.883
270.699
270.709
270.684
270.652
270.591
270.579
270.598
270.6
270.594
270.568
270.554
270.55
270.542
270.521
270.493
270.463
270.433
270.416
270.409
270.411
270.425
270.448
270.477
270.499
270.505
270.505
270.501
270.493
270.481
270.455
270.416
270.377
270.347
270.323
270.308
270.305
270.301
270.294
270.29
270.286
270.284
270.288
270.293
270.298
270.303
270.303
270.301
270.295
270.285
270.272
270.257
270.246
270.238
270.234
270.236
270.243
270.257
270.279
270.314
270.367
270.443
270.567
270.773
271.076
271.423
271.677
271.788
271.797
269.9
269.908
269.921
269.924
269.864
269.884
269.918
269.932
269.964
269.978
270.016
270.06
270.082
270.094
270.102
270.106
270.106
270.099
270.085
270.075
270.077
270.098
270.13
270.17
270.19
270.192
270.188
270.182
270.175
270.161
270.139
270.108
270.086
270.073
270.072
270.084
270.094
270.093
270.089
270.086
270.083
270.085
270.096
270.113
270.127
270.134
270.136
270.133
270.123
270.108
270.095
270.086
270.077
270.07
270.071
270.076
270.086
270.105
270.142
270.207
270.311
270.477
270.732
271.072
271.42
271.634
271.703
271.667
268.982
269.365
269.454
269.451
269.352
269.363
269.388
269.432
269.502
269.54
269.599
269.624
269.623
269.643
269.677
269.714
269.731
269.733
269.722
269.704
269.704
269.723
269.762
269.808
269.832
269.832
269.831
269.829
269.827
269.82
269.806
269.788
269.78
269.783
269.797
269.817
269.83
269.832
269.826
269.822
269.822
269.827
269.847
269.873
269.892
269.905
269.91
269.907
269.898
269.885
269.874
269.869
269.863
269.856
269.853
269.857
269.864
269.881
269.919
269.991
270.119
270.323
270.633
271.014
271.357
271.516
271.561
271.509
268.691
269.279
269.291
269.218
269.082
269.132
269.162
269.278
269.366
269.402
269.403
269.366
269.344
269.366
269.416
269.468
269.487
269.49
269.474
269.446
269.444
269.461
269.501
269.545
269.559
269.562
269.557
269.549
269.542
269.533
269.534
269.535
269.54
269.562
269.594
269.62
269.628
269.625
269.608
269.593
269.593
269.599
269.621
269.652
269.673
269.688
269.695
269.694
269.688
269.679
269.67
269.665
269.66
269.648
269.638
269.639
269.645
269.665
269.709
269.791
269.936
270.176
270.534
270.943
271.26
271.367
271.401
271.353
269.474
269.677
269.465
269.142
269.075
269.096
269.141
269.286
269.358
269.381
269.345
269.277
269.259
269.282
269.338
269.394
269.411
269.407
269.374
269.345
269.345
269.358
269.4
269.42
269.419
269.414
269.402
269.391
269.395
269.397
269.401
269.411
269.429
269.465
269.501
269.519
269.521
269.513
269.491
269.469
269.463
269.467
269.485
269.514
269.535
269.549
269.556
269.558
269.558
269.553
269.542
269.534
269.525
269.508
269.492
269.491
269.499
269.522
269.571
269.658
269.818
270.091
270.484
270.902
271.16
271.231
271.261
271.231
269.977
270.156
269.363
269.116
269.159
269.103
269.206
269.32
269.385
269.401
269.351
269.3
269.301
269.332
269.399
269.442
269.449
269.432
269.38
269.355
269.35
269.357
269.384
269.381
269.375
269.363
269.347
269.342
269.347
269.356
269.369
269.386
269.411
269.447
269.473
269.481
269.479
269.459
269.423
269.396
269.388
269.394
269.413
269.44
269.459
269.471
269.48
269.488
269.497
269.495
269.488
269.475
269.465
269.452
269.432
269.427
269.434
269.458
269.508
269.605
269.782
270.084
270.491
270.893
271.079
271.137
271.167
271.156
262.191
269.024
268.959
269.41
269.307
269.203
269.256
269.361
269.418
269.414
269.377
269.378
269.391
269.445
269.513
269.532
269.525
269.486
269.429
269.388
269.367
269.366
269.365
269.362
269.368
269.368
269.359
269.35
269.35
269.36
269.378
269.401
269.434
269.469
269.49
269.489
269.477
269.444
269.397
269.367
269.358
269.363
269.38
269.404
269.421
269.434
269.448
269.463
269.48
269.484
269.481
269.468
269.46
269.448
269.426
269.411
269.417
269.441
269.493
269.602
269.804
270.131
270.542
270.908
271.038
271.092
271.119
271.118
221.043
259.546
268.777
269.965
269.37
269.342
269.435
269.476
269.428
269.417
269.444
269.464
269.486
269.531
269.58
269.599
269.597
269.559
269.499
269.432
269.376
269.36
269.359
269.372
269.393
269.401
269.4
269.392
269.391
269.399
269.419
269.451
269.491
269.521
269.532
269.521
269.487
269.435
269.384
269.357
269.357
269.367
269.383
269.403
269.418
269.429
269.449
269.466
269.488
269.5
269.5
269.493
269.479
269.46
269.43
269.413
269.42
269.447
269.507
269.635
269.873
270.235
270.644
270.952
271.043
271.089
271.103
271.104
182.864
218.361
261.043
269.285
269.192
269.659
269.72
269.553
269.403
269.437
269.522
269.562
269.58
269.589
269.606
269.61
269.617
269.608
269.567
269.491
269.415
269.381
269.374
269.387
269.423
269.449
269.455
269.456
269.459
269.465
269.484
269.523
269.563
269.583
269.582
269.553
269.506
269.448
269.398
269.374
269.378
269.388
269.4
269.416
269.428
269.438
269.462
269.489
269.519
269.539
269.543
269.538
269.517
269.483
269.445
269.43
269.442
269.474
269.548
269.705
269.984
270.381
270.779
271.005
271.067
271.106
271.11
271.112
180.011
182.522
218.947
257.894
269.399
270.269
269.948
269.518
269.412
269.498
269.631
269.68
269.688
269.645
269.6
269.591
269.606
269.625
269.616
269.555
269.474
269.413
269.402
269.413
269.449
269.496
269.517
269.526
269.537
269.541
269.557
269.597
269.624
269.632
269.624
269.586
269.537
269.483
269.435
269.42
269.428
269.436
269.437
269.436
269.434
269.437
269.459
269.497
269.537
269.568
269.58
269.575
269.552
269.513
269.47
269.468
269.482
269.522
269.616
269.806
270.129
270.55
270.912
271.057
271.109
271.137
271.135
271.143
180
180.009
182.487
215.341
260.254
269.142
269.571
269.443
269.461
269.592
269.692
269.762
269.79
269.721
269.583
269.535
269.556
269.6
269.625
269.595
269.546
269.484
269.447
269.454
269.48
269.535
269.575
269.595
269.613
269.615
269.623
269.651
269.659
269.658
269.645
269.606
269.564
269.522
269.484
269.476
269.485
269.485
269.479
269.466
269.451
269.45
269.468
269.512
269.563
269.599
269.611
269.605
269.582
269.54
269.501
269.506
269.527
269.58
269.698
269.928
270.293
270.723
271.022
271.107
271.153
271.174
271.172
271.177
180
180
180.008
181.958
215.586
257.577
269.621
269.737
269.644
269.695
269.644
269.765
269.811
269.738
269.574
269.451
269.465
269.503
269.581
269.603
269.589
269.561
269.514
269.513
269.526
269.57
269.626
269.654
269.674
269.672
269.667
269.672
269.665
269.664
269.648
269.614
269.584
269.558
269.53
269.527
269.533
269.526
269.512
269.493
269.475
269.472
269.49
269.531
269.581
269.616
269.624
269.617
269.593
269.559
269.531
269.538
269.565
269.633
269.782
270.056
270.457
270.875
271.097
271.151
271.19
271.204
271.202
271.197
180
180
180
180.006
181.824
214.237
256.519
268.64
269.507
269.313
269.252
269.532
269.752
269.695
269.601
269.448
269.409
269.411
269.486
269.587
269.615
269.616
269.578
269.569
269.572
269.595
269.652
269.69
269.705
269.7
269.677
269.657
269.636
269.633
269.634
269.617
269.605
269.6
269.582
269.566
269.56
269.544
269.526
269.507
269.493
269.494
269.513
269.545
269.586
269.617
269.62
269.611
269.587
269.562
269.544
269.555
269.591
269.679
269.863
270.182
270.605
270.988
271.144
271.177
271.204
271.208
271.206
271.198
180
180
180
180
180.005
181.666
208.904
255.722
269.972
268.932
268.989
269.359
269.716
269.741
269.715
269.554
269.419
269.374
269.427
269.54
269.612
269.639
269.625
269.598
269.595
269.601
269.647
269.692
269.704
269.695
269.651
269.596
269.566
269.559
269.579
269.607
269.623
269.632
269.625
269.597
269.564
269.54
269.517
269.498
269.494
269.502
269.524
269.55
269.579
269.606
269.606
269.596
269.576
269.562
269.556
269.563
269.607
269.719
269.943
270.304
270.732
271.071
271.168
271.184
271.2
271.198
271.195
271.184
180
180
180
180
180
180.004
180.983
207.865
255.342
266.963
269.415
269.903
269.821
269.8
269.804
269.731
269.569
269.45
269.444
269.517
269.608
269.643
269.643
269.601
269.586
269.59
269.625
269.67
269.679
269.666
269.612
269.537
269.498
269.486
269.507
269.565
269.626
269.645
269.64
269.604
269.548
269.511
269.487
269.478
269.486
269.503
269.529
269.554
269.57
269.585
269.584
269.577
269.562
269.55
269.557
269.572
269.63
269.766
270.027
270.424
270.842
271.126
271.174
271.177
271.182
271.175
271.17
271.158
180
180
180
180
180
180
180.002
180.92
205.539
248.522
269.151
270.6
269.638
269.655
269.705
269.634
269.536
269.514
269.502
269.528
269.583
269.644
269.652
269.621
269.582
269.579
269.597
269.634
269.641
269.625
269.572
269.486
269.437
269.431
269.453
269.517
269.603
269.632
269.623
269.586
269.521
269.475
269.457
269.461
269.481
269.515
269.547
269.572
269.579
269.571
269.562
269.552
269.539
269.536
269.548
269.573
269.647
269.814
270.12
270.542
270.939
271.158
271.165
271.16
271.156
271.144
271.139
271.131
180
180
180
180
180
180
180
180.002
180.658
200.101
248.898
266.3
268.906
269.329
269.459
269.501
269.535
269.557
269.535
269.54
269.571
269.622
269.63
269.614
269.575
269.549
269.559
269.587
269.603
269.597
269.564
269.495
269.424
269.412
269.426
269.48
269.561
269.595
269.58
269.546
269.489
269.442
269.436
269.448
269.478
269.513
269.542
269.565
269.567
269.555
269.546
269.539
269.527
269.53
269.545
269.577
269.669
269.87
270.218
270.647
271.009
271.156
271.155
271.147
271.133
271.122
271.12
271.113
180
180
180
180
180
180
180
180
180.001
180.368
197.667
243.497
266.749
270.591
270.004
269.284
269.463
269.468
269.424
269.429
269.49
269.537
269.558
269.546
269.511
269.478
269.478
269.505
269.537
269.548
269.541
269.513
269.47
269.446
269.46
269.486
269.52
269.542
269.524
269.492
269.46
269.44
269.436
269.452
269.478
269.508
269.532
269.55
269.555
269.547
269.546
269.544
269.535
269.539
269.553
269.59
269.704
269.94
270.322
270.738
271.041
271.133
271.133
271.13
271.12
271.116
271.114
271.107
180
180
180
180
180
180
180
180
180
180
180.274
194.452
238.591
265.645
268.452
269.054
269.279
269.325
269.266
269.286
269.355
269.379
269.422
269.441
269.419
269.377
269.354
269.365
269.404
269.454
269.478
269.479
269.479
269.483
269.496
269.514
269.511
269.501
269.468
269.434
269.424
269.431
269.44
269.461
269.485
269.505
269.52
269.53
269.539
269.546
269.554
269.559
269.554
269.558
269.569
269.617
269.755
270.029
270.433
270.814
271.048
271.098
271.104
271.109
271.107
271.111
271.112
271.109
180
180
180
180
180
180
180
180
180
180
180
180.176
189.746
234.774
262.676
270.163
269.945
269.503
269.388
269.379
269.334
269.316
269.329
269.351
269.345
269.338
269.331
269.325
269.332
269.338
269.361
269.414
269.46
269.503
269.535
269.533
269.52
269.485
269.436
269.404
269.405
269.419
269.442
269.469
269.489
269.5
269.506
269.514
269.528
269.546
269.563
269.571
269.567
269.569
269.585
269.652
269.82
270.133
270.547
270.88
271.041
271.067
271.079
271.092
271.102
271.115
271.122
271.123
180
180
180
180
180
180
180
180
180
180
180
180
180.082
187.753
226.648
263.016
269.134
269.086
269.62
269.717
269.542
269.364
269.336
269.353
269.411
269.485
269.499
269.477
269.403
269.335
269.326
269.353
269.42
269.505
269.56
269.562
269.544
269.496
269.435
269.402
269.401
269.42
269.456
269.484
269.495
269.496
269.498
269.507
269.525
269.55
269.573
269.582
269.579
269.582
269.607
269.695
269.901
270.253
270.659
270.939
271.034
271.049
271.063
271.083
271.103
271.124
271.136
271.136
180
180
180
180
180
180
180
180
180
180
180
180
180
180.056
184.583
220.809
259.257
268.148
270.065
269.964
269.741
269.459
269.357
269.403
269.532
269.685
269.728
269.708
269.602
269.44
269.366
269.372
269.412
269.489
269.553
269.571
269.569
269.54
269.482
269.439
269.425
269.431
269.453
269.479
269.491
269.497
269.505
269.517
269.536
269.562
269.581
269.585
269.582
269.59
269.629
269.747
269.995
270.384
270.77
270.992
271.036
271.045
271.059
271.079
271.101
271.126
271.14
271.141
180
180
180
180
180
180
180
180
180
180
180
180
180
180
180.021
182.738
215.437
254.439
269.001
269.886
269.743
269.542
269.396
269.359
269.463
269.699
269.821
269.804
269.695
269.533
269.433
269.425
269.449
269.506
269.555
269.572
269.575
269.572
269.545
269.512
269.486
269.467
269.468
269.478
269.487
269.502
269.521
269.54
269.563
269.583
269.591
269.592
269.589
269.604
269.664
269.819
270.115
270.514
270.862
271.031
271.045
271.05
271.061
271.079
271.103
271.127
271.143
271.144
180
180
180
180
180
180
180
180
180
180
180
180
180
180
180
180.01
181.676
206.891
249.98
268.444
269.664
269.536
269.367
269.208
269.243
269.433
269.66
269.719
269.658
269.536
269.463
269.473
269.503
269.527
269.549
269.543
269.536
269.543
269.561
269.555
269.539
269.515
269.487
269.475
269.476
269.494
269.527
269.56
269.589
269.605
269.609
269.607
269.608
269.632
269.72
269.919
270.26
270.647
270.935
271.045
271.05
271.052
271.06
271.078
271.101
271.122
271.137
271.136
180
180
180
180
180
180
180
180
180
180
180
180
180
180
180
180
180.004
180.737
199.537
246.565
266.437
269.82
269.466
269.215
269.281
269.407
269.556
269.604
269.52
269.421
269.409
269.44
269.509
269.538
269.53
269.507
269.488
269.482
269.502
269.541
269.545
269.532
269.498
269.466
269.457
269.471
269.504
269.559
269.602
269.618
269.625
269.627
269.628
269.667
269.787
270.032
270.408
270.769
270.99
271.045
271.046
271.05
271.056
271.073
271.091
271.108
271.121
271.12
180
180
180
180
180
180
180
180
180
180
180
180
180
180
180
180
180
180.001
180.357
195.393
236.775
266.066
269.752
269.447
269.55
269.636
269.621
269.527
269.415
269.336
269.337
269.387
269.5
269.56
269.563
269.522
269.466
269.449
269.456
269.488
269.512
269.511
269.497
269.459
269.44
269.446
269.473
269.518
269.576
269.614
269.63
269.638
269.642
269.694
269.851
270.145
270.538
270.863
271.018
271.046
271.044
271.044
271.047
271.06
271.077
271.09
271.103
271.1
180
180
180
180
180
180
180
180
180
180
180
180
180
180
180
180
180
180
180
180.2
188.908
230.975
260.542
268.785
269.873
269.761
269.661
269.564
269.435
269.371
269.353
269.399
269.518
269.59
269.604
269.592
269.537
269.479
269.454
269.462
269.485
269.493
269.491
269.475
269.447
269.438
269.454
269.493
269.536
269.58
269.612
269.631
269.648
269.715
269.909
270.242
270.627
270.905
271.024
271.046
271.045
271.043
271.043
271.049
271.061
271.073
271.083
271.08
180
180
180
180
180
180
180
180
180
180
180
180
180
180
180
180
180
180
180
180
180.068
185.439
220.419
258.497
268.898
269.343
269.661
269.743
269.576
269.492
269.404
269.416
269.495
269.577
269.603
269.589
269.553
269.52
269.489
269.477
269.486
269.487
269.49
269.491
269.488
269.48
269.473
269.483
269.515
269.552
269.587
269.618
269.658
269.75
269.978
270.337
270.691
270.907
271.012
271.051
271.056
271.056
271.052
271.049
271.054
271.061
271.069
271.069
180
180
180
180
180
180
180
180
180
180
180
180
180
180
180
180
180
180
180
180
180
180.028
182.703
210.987
252.826
267.494
270.137
269.928
269.65
269.477
269.404
269.392
269.392
269.408
269.468
269.521
269.534
269.529
269.511
269.487
269.489
269.484
269.486
269.495
269.495
269.505
269.512
269.508
269.518
269.533
269.566
269.613
269.681
269.819
270.078
270.443
270.747
270.907
271.001
271.055
271.072
271.074
271.069
271.058
271.054
271.057
271.066
271.069
180
180
180
180
180
180
180
180
180
180
180
180
180
180
180
180
180
180
180
180
180
180
180.009
181.079
203.084
246.184
266.531
268.834
269.319
269.449
269.457
269.415
269.342
269.342
269.389
269.459
269.491
269.491
269.491
269.485
269.484
269.47
269.466
269.485
269.495
269.503
269.514
269.514
269.518
269.531
269.556
269.614
269.716
269.905
270.216
270.578
270.81
270.92
270.999
271.058
271.085
271.091
271.086
271.073
271.061
271.062
271.072
271.074
180
180
180
180
180
180
180
180
180
180
180
180
180
180
180
180
180
180
180
180
180
180
180
180.002
180.5
194.967
236.388
263.405
270.155
270.052
269.821
269.701
269.633
269.622
269.582
269.541
269.525
269.521
269.508
269.512
269.506
269.479
269.461
269.469
269.485
269.495
269.504
269.504
269.505
269.518
269.547
269.618
269.753
269.99
270.349
270.703
270.874
270.952
271.015
271.065
271.095
271.103
271.104
271.094
271.076
271.077
271.086
271.085
180
180
180
180
180
180
180
180
180
180
180
180
180
180
180
180
180
180
180
180
180
180
180
180
180.001
180.185
188.07
225.445
261.527
268.534
269.346
269.846
269.874
269.832
269.746
269.636
269.572
269.565
269.569
269.588
269.574
269.537
269.498
269.485
269.483
269.479
269.478
269.476
269.48
269.497
269.539
269.634
269.802
270.078
270.468
270.783
270.916
270.983
271.031
271.068
271.093
271.103
271.109
271.109
271.099
271.099
271.102
271.098
180
180
180
180
180
180
180
180
180
180
180
180
180
180
180
180
180
180
180
180
180
180
180
180
180
180
180.055
183.982
215.375
254.022
267.419
270.006
270.009
269.631
269.613
269.547
269.506
269.538
269.639
269.672
269.647
269.602
269.557
269.526
269.501
269.494
269.477
269.463
269.464
269.489
269.542
269.653
269.852
270.17
270.553
270.824
270.953
271.011
271.039
271.061
271.077
271.086
271.098
271.109
271.111
271.115
271.115
271.107
180
180
180
180
180
180
180
180
180
180
180
180
180
180
180
180
180
180
180
180
180
180
180
180
180
180
180
180.017
181.54
205.144
247.056
265.726
268.911
269.099
269.401
269.413
269.418
269.455
269.56
269.61
269.614
269.583
269.551
269.53
269.521
269.512
269.499
269.485
269.484
269.513
269.571
269.694
269.922
270.272
270.627
270.857
270.973
271.007
271.025
271.045
271.055
271.063
271.083
271.099
271.114
271.123
271.121
271.111
180
180
180
180
180
180
180
180
180
180
180
180
180
180
180
180
180
180
180
180
180
180
180
180
180
180
180
180
180.004
180.612
194.904
235.846
262.757
270.013
270.055
269.645
269.397
269.409
269.457
269.492
269.477
269.459
269.457
269.47
269.487
269.494
269.512
269.509
269.51
269.54
269.598
269.738
269.997
270.373
270.715
270.923
271.005
271.003
271.001
271.013
271.03
271.048
271.08
271.104
271.122
271.125
271.12
271.105
180
180
180
180
180
180
180
180
180
180
180
180
180
180
180
180
180
180
180
180
180
180
180
180
180
180
180
180
180
180.001
180.17
188.098
222.438
260.665
267.602
268.844
269.283
269.358
269.441
269.476
269.445
269.419
269.401
269.43
269.444
269.471
269.522
269.526
269.54
269.564
269.618
269.763
270.052
270.461
270.806
271
271.014
270.993
270.979
270.991
271.023
271.058
271.103
271.128
271.14
271.138
271.129
271.109
180
180
180
180
180
180
180
180
180
180
180
180
180
180
180
180
180
180
180
180
180
180
180
180
180
180
180
180
180
180
180
180.059
182.986
212.636
250.078
268.297
270.405
270.066
269.87
269.776
269.666
269.564
269.501
269.464
269.464
269.506
269.563
269.567
269.579
269.589
269.635
269.795
270.116
270.546
270.913
271.032
271.015
270.978
270.969
270.987
271.034
271.091
271.141
271.159
271.157
271.145
271.129
271.111
180
180
180
180
180
180
180
180
180
180
180
180
180
180
180
180
180
180
180
180
180
180
180
180
180
180
180
180
180
180
180
180
180.01
181.159
199.934
241.92
264.028
268.371
269.492
269.751
269.78
269.7
269.583
269.53
269.545
269.592
269.615
269.628
269.617
269.622
269.679
269.866
270.23
270.675
271.017
271.036
271.009
270.976
270.98
271.013
271.076
271.145
271.176
271.174
271.161
271.143
271.126
271.113
180
180
180
180
180
180
180
180
180
180
180
180
180
180
180
180
180
180
180
180
180
180
180
180
180
180
180
180
180
180
180
180
180
180.002
180.34
190.543
228.373
259.149
269.417
269.82
269.674
269.546
269.432
269.472
269.569
269.615
269.625
269.605
269.587
269.611
269.719
269.979
270.391
270.85
271.064
271.043
270.994
270.987
271.008
271.067
271.149
271.202
271.2
271.184
271.157
271.132
271.119
271.111
180
180
180
180
180
180
180
180
180
180
180
180
180
180
180
180
180
180
180
180
180
180
180
180
180
180
180
180
180
180
180
180
180
180
180
180.087
184.547
212.818
254.36
266.774
269.023
269.167
269.107
269.3
269.537
269.551
269.522
269.478
269.48
269.543
269.73
270.095
270.557
270.984
271.038
271.002
270.977
270.995
271.056
271.144
271.217
271.227
271.212
271.18
271.147
271.125
271.116
271.113
180
180
180
180
180
180
180
180
180
180
180
180
180
180
180
180
180
180
180
180
180
180
180
180
180
180
180
180
180
180
180
180
180
180
180
180
180.02
181.24
202.202
241.105
266.03
269.613
269.364
269.729
269.776
269.58
269.401
269.371
269.435
269.564
269.82
270.226
270.655
270.979
270.982
270.96
270.962
271.007
271.097
271.197
271.233
271.228
271.202
271.163
271.137
271.127
271.124
271.121
180
180
180
180
180
180
180
180
180
180
180
180
180
180
180
180
180
180
180
180
180
180
180
180
180
180
180
180
180
180
180
180
180
180
180
180
180
180.003
180.41
191.034
228.5
259.299
268.387
270.573
270.204
269.587
269.304
269.379
269.544
269.753
270.014
270.378
270.723
270.93
270.956
270.956
270.985
271.055
271.138
271.206
271.213
271.199
271.164
271.134
271.13
271.134
271.14
271.138
180
180
180
180
180
180
180
180
180
180
180
180
180
180
180
180
180
180
180
180
180
180
180
180
180
180
180
180
180
180
180
180
180
180
180
180
180
180
180
180.097
184.16
213.772
250.26
268.742
269.228
268.978
269.064
269.393
269.686
269.926
270.158
270.448
270.726
270.896
270.959
270.991
271.058
271.126
271.177
271.208
271.202
271.176
271.141
271.127
271.13
271.147
271.161
271.159
180
180
180
180
180
180
180
180
180
180
180
180
180
180
180
180
180
180
180
180
180
180
180
180
180
180
180
180
180
180
180
180
180
180
180
180
180
180
180
180
180.017
181.325
198.971
239.773
263.04
268.877
269.807
269.926
269.852
269.926
270.165
270.445
270.692
270.865
270.954
271.028
271.127
271.187
271.202
271.216
271.209
271.189
271.161
271.161
271.171
271.188
271.192
271.186
180
180
180
180
180
180
180
180
180
180
180
180
180
180
180
180
180
180
180
180
180
180
180
180
180
180
180
180
180
180
180
180
180
180
180
180
180
180
180
180
180
180.003
180.296
188.93
223.506
256.686
268.753
269.379
269.61
269.845
270.212
270.482
270.693
270.824
270.901
270.995
271.114
271.187
271.232
271.241
271.243
271.24
271.234
271.249
271.274
271.28
271.256
271.227
180
180
180
180
180
180
180
180
180
180
180
180
180
180
180
180
180
180
180
180
180
180
180
180
180
180
180
180
180
180
180
180
180
180
180
180
180
180
180
180
180
180
180
180.065
183.068
206.771
248.136
264.917
269.903
270.387
270.646
270.714
270.794
270.838
270.908
271.019
271.106
271.215
271.266
271.28
271.289
271.307
271.327
271.367
271.401
271.4
271.361
271.286
180
180
180
180
180
180
180
180
180
180
180
180
180
180
180
180
180
180
180
180
180
180
180
180
180
180
180
180
180
180
180
180
180
180
180
180
180
180
180
180
180
180
180
180
180.01
180.689
195.288
231.595
261.296
269.654
270.334
270.615
270.74
270.927
271.106
271.258
271.301
271.382
271.378
271.354
271.362
271.38
271.419
271.474
271.52
271.521
271.473
271.361
180
180
180
180
180
180
180
180
180
180
180
180
180
180
180
180
180
180
180
180
180
180
180
180
180
180
180
180
180
180
180
180
180
180
180
180
180
180
180
180
180
180
180
180
180
180.001
180.18
185.595
214.541
253.943
268.097
270.649
271.151
271.515
271.716
271.688
271.602
271.541
271.476
271.42
271.418
271.438
271.471
271.522
271.573
271.584
271.556
271.467
180
180
180
180
180
180
180
180
180
180
180
180
180
180
180
180
180
180
180
180
180
180
180
180
180
180
180
180
180
180
180
180
180
180
180
180
180
180
180
180
180
180
180
180
180
180
180
180.028
181.399
200.786
241.076
263.199
270.649
271.781
271.846
271.75
271.678
271.555
271.446
271.454
271.495
271.555
271.602
271.646
271.673
271.674
271.646
271.574
180
180
180
180
180
180
180
180
180
180
180
180
180
180
180
180
180
180
180
180
180
180
180
180
180
180
180
180
180
180
180
180
180
180
180
180
180
180
180
180
180
180
180
180
180
180
180
180
180.003
180.336
189.324
221.696
260.862
269.889
271.198
271.577
271.71
271.693
271.709
271.689
271.702
271.76
271.792
271.831
271.821
271.781
271.714
271.685
180
180
180
180
180
180
180
180
180
180
180
180
180
180
180
180
180
180
180
180
180
180
180
180
180
180
180
180
180
180
180
180
180
180
180
180
180
180
180
180
180
180
180
180
180
180
180
180
180
180
180.064
182.572
209.658
248.078
269.038
272.965
272.81
272.342
272.087
271.946
271.916
271.925
271.974
271.999
271.943
271.848
271.768
271.765
180
180
180
180
180
180
180
180
180
180
180
180
180
180
180
180
180
180
180
180
180
180
180
180
180
180
180
180
180
180
180
180
180
180
180
180
180
180
180
180
180
180
180
180
180
180
180
180
180
180
180
180.008
180.806
195.303
234.954
263.948
270.916
271.823
272.012
271.838
271.934
272.106
272.2
272.195
272.066
271.918
271.843
271.846
180
180
180
180
180
180
180
180
180
180
180
180
180
180
180
180
180
180
180
180
180
180
180
180
180
180
180
180
180
180
180
180
180
180
180
180
180
180
180
180
180
180
180
180
180
180
180
180
180
180
180
180
180.001
180.173
186.06
218.059
255.932
271.603
271.711
271.746
272.078
272.383
272.427
272.351
272.147
271.979
271.949
271.972
180
180
180
180
180
180
180
180
180
180
180
180
180
180
180
180
180
180
180
180
180
180
180
180
180
180
180
180
180
180
180
180
180
180
180
180
180
180
180
180
180
180
180
180
180
180
180
180
180
180
180
180
180
180
180.031
181.801
202.049
244.294
265.668
272.067
272.823
272.718
272.559
272.258
271.997
271.954
271.985
272.097
180
180
180
180
180
180
180
180
180
180
180
180
180
180
180
180
180
180
180
180
180
180
180
180
180
180
180
180
180
180
180
180
180
180
180
180
180
180
180
180
180
180
180
180
180
180
180
180
180
180
180
180
180
180
180
180.004
180.377
190.908
224.996
262.55
270.239
271.882
271.957
271.674
271.623
271.724
271.869
272.122
180
180
180
180
180
180
180
180
180
180
180
180
180
180
180
180
180
180
180
180
180
180
180
180
180
180
180
180
180
180
180
180
180
180
180
180
180
180
180
180
180
180
180
180
180
180
180
180
180
180
180
180
180
180
180
180
180
180.092
183.143
211.234
247.887
269.975
273.002
272.389
272.05
272.025
272.049
272.174
180
180
180
180
180
180
180
180
180
180
180
180
180
180
180
180
180
180
180
180
180
180
180
180
180
180
180
180
180
180
180
180
180
180
180
180
180
180
180
180
180
180
180
180
180
180
180
180
180
180
180
180
180
180
180
180
180
180
180.011
180.889
194.792
234.205
262.375
270.654
272.358
272.423
272.199
272.223
180
180
180
180
180
180
180
180
180
180
180
180
180
180
180
180
180
180
180
180
180
180
180
180
180
180
180
180
180
180
180
180
180
180
180
180
180
180
180
180
180
180
180
180
180
180
180
180
180
180
180
180
180
180
180
180
180
180
180
180.001
180.164
185.479
214.679
253.429
269.611
271.282
271.666
272.06
180
180
180
180
180
180
180
180
180
180
180
180
180
180
180
180
180
180
180
180
180
180
180
180
180
180
180
180
180
180
180
180
180
180
180
180
180
180
180
180
180
180
180
180
180
180
180
180
180
180
180
180
180
180
180
180
180
180
180
180
180
180.026
181.325
198.486
237.711
262.755
272.231
272.63
180
180
180
180
180
180
180
180
180
180
180
180
180
180
180
180
180
180
180
180
180
180
180
180
180
180
180
180
180
180
180
180
180
180
180
180
180
180
180
180
180
180
180
180
180
180
180
180
180
180
180
180
180
180
180
180
180
180
180
180
180
180
180.003
180.251
187.326
216.925
257.035
268.259
180
180
180
180
180
180
180
180
180
180
180
180
180
180
180
180
180
180
180
180
180
180
180
180
180
180
180
180
180
180
180
180
180
180
180
180
180
180
180
180
180
180
180
180
180
180
180
180
180
180
180
180
180
180
180
180
180
180
180
180
180
180
180
180
180.045
181.652
201.826
237.868
180
180
180
180
180
180
180
180
180
180
180
180
180
180
180
180
180
180
180
180
180
180
180
180
180
180
180
180
180
180
180
180
180
180
180
180
180
180
180
180
180
180
180
180
180
180
180
180
180
180
180
180
180
180
180
180
180
180
180
180
180
180
180
180
180
180.004
180.397
184.159
180
180
180
180
180
180
180
180
180
180
180
180
180
180
180
180
180
180
180
180
180
180
180
180
180
180
180
180
180
180
180
180
180
180
180
180
180
180
180
180
180
180
180
180
180
180
180
180
180
180
180
180
180
180
180
180
180
180
180
180
180
180
180
180
180
180
180.001
179.739
180
180
180
180
180
180
180
180
180
180
180
180
180
180
180
180
180
180
180
180
180
180
180
180
180
180
180
180
180
180
180
180
180
180
180
180
180
180
180
180
180
180
180
180
180
180
180
180
180
180
180
180
180
180
180
180
180
180
180
180
180
180
180
180
180
180
180
179.978
180
180
180
180
180
180
180
180
180
180
180
180
180
180
180
180
180
180
180
180
180
180
180
180
180
180
180
180
180
180
180
180
180
180
180
180
180
180
180
180
180
180
180
180
180
180
180
180
180
180
180
180
180
180
180
180
180
180
180
180
180
180
180
180
180
180
180
180
180
180
180
180
180
180
180
180
180
180
180
180
180
180
180
180
180
180
180
180
180
180
180
180
180
180
180
180
180
180
180
180
180
180
180
180
180
180
180
180
180
180
180
180
180
180
180
180
180
180
180
180
180
180
180
180
180
180
180
180
180
180
180
180
180
180
180
180
180
180
180
180
180
180
180
180
180
180
180
180
180
180
180
180
180
180
180
180
180
180
180
180
180
180
180
180
180
180
180
180
180
180
180
180
180
180
180
180
180
180
180
180
180
180
180
180
180
180
180
180
180
180
180
180
180
180
180
180
180
180
180
180
180
180
180
180
180
180
180
180
180
180
180
180
180
180
180
180
180
180
180
180
180
180
180
180
180
180
180
180
180
180
180
180
180
180
180
180
180
180
180
180
180
180
180
180
180
180
180
180
180
180
180
180
180
180
180
180
180
180
180
180
180
180
180
180
180
180
180
180
180
180
180
180
180
180
180
180
180
180
180
180
180
180
180
180
180
180
180
180
180
180
180
180
180
180
180
180
180
180
180
180
180
180
180
180
180
180
180
180
180
180
180
180
180
180
180
180
180
180
180
180
180
180
180
180
180
180
180
180
180
180
180
180
180
180
180
180
180
180
180
180
180
180
180
180
180
180
180
180
180
180
180
180
180
180
180
180
180
180
180
180
180
180
180
180
180
180
180
180
180
180
180
180
180
180
180
180
180
180
180
180
180
180
180
180
180
180
180
180
180
180
180
180
180
180
180
180
180
180
180
180
180
180
180
180
180
180
180
180
180
180
180
180
180
180
180
180
180
180
180
180
180
180
180
180
180
180
180
180
180
180
180
180
180
180
180
180
180
180
180
180
180
180
180
180
180
180
180
180
180
180
180
180
180
180
180
180
180
180
180
180
180
180
180
180
180
180
180
180
180
180
180
180
180
180
180
180
180
180
180
180
180
180
180
180
180
180
180
180
180
180
180
180
180
180
180
180
180
180
180
180
180
180
180
180
180
180
180
180
180
180
180
180
180
180
180
180
180
180
180
180
180
180
180
180
180
180
180
180
180
180
180
180
180
180
180
180
180
180
180
180
180
180
180
180
180
180
180
180
180
180
180
180
180
180
180
180
180
180
180
180
180
180
180
180
180
180
180
180
180
180
180
180
180
180
180
180
180
180
180
180
180
180
180
180
180
180
180
180
180
180
180
180
180
180
180
180
180
180
180
180
180
180
180
180
180
180
180
180
180
180
180
180
180
180
180
180
180
180
180
180
180
180
180
180
180
180
180
180
180
180
180
180
180
180
180
180
180
180
180
180
180
180
180
180
180
180
180
180
180
180
180
180
180
180
180
180
180
180
180
180
180
180
180
180
180
180
180
180
180
180
180
180
180
180
180
180
180
180
180
180
180
180
180
180
180
180
180
180
180
180
180
180
180
180
180
180
180
180
180
180
180
180
180
180
180
180
180
180
180
180
180
180
180
180
180
180
180
180
180
180
180
180
180
180
180
180
180
180
180
180
180
180
180
180
180
180
180
180
180
180
180
180
180
180
180
180
180
180
180
180
180
180
180
180
180
180
180
180
180
180
180
180
180
180
180
180
180
180
180
180
180
180
180
180
180
180
180
180
180
180
180
180
180
180
180
180
180
180
180
180
180
180
180
180
180
180
180
180
180
180
180
180
180
180
180
180
180
180
180
180
180
180
180
180
180
180
180
180
180
180
180
180
180
180
180
180
180
180
180
180
180
180
180
180
180
180
180
180
180
180
180
180
180
180
180
180
180
180
180
180
180
180
180
180
180
180
180
180
180
180
180
180
180
180
180
180
180
180
180
180
180
180
180
180
180
180
180
180
180
180
180
180
180
180
180
180
180
180
180
180
180
180
180
180
180
180
180
180
180
180
180
180
180
180
180
180
180
180
180
180
180
180
180
180
180
180
180
180
180
180
180
180
180
180
180
180
180
180
180
180
180
180
180
180
180
180
180
180
180
180
180
180
180
180
180
180
180
180
180
180
180
180
180
180
180
180
180
180
180
180
180
180
180
180
180
180
180
180
180
180
180
180
180
180
180
180
180
180
180
180
180
180
180
180
180
180
180
180
180
180
180
180
180
180
180
180
180
180
180
180
180
180
180
180
180
180
180
180
180
180
180
180
180
180
180
180
180
180
180
180
180
180
180
180
180
180
180
180
180
180
180
180
180
180
180
180
180
180
180
180
180
180
180
180
180
180
180
180
180
180
180
180
180
180
180
180
180
180
180
180
180
180
180
180
180
180
180
180
180
180
180
180
180
180
180
180
180
180
180
180
180
180
180
180
180
180
180
180
180
180
180
180
180
180
180
180
180
180
180
180
180
180
180
180
180
180
180
180
180
180
180
180
180
180
180
180
180
180
180
180
180
180
180
180
180
180
180
180
180
180
180
180
180
180
180
180
180
180
180
180
180
180
180
180
180
180
180
180
180
180
180
180
180
180
180
180
180
180
180
180
180
180
180
180
180
180
180
180
180
180
180
180
180
180
180
180
180
180
180
180
180
180
180
180
180
180
180
180
180
180
180
180
180
180
180
180
180
180
180
180
180
180
180
180
180
180
180
180
180
180
180
180
180
180
180
180
180
180
180
180
180
180
180
180
180
180
180
180
180
180
180
180
180
180
180
180
180
180
180
180
180
180
180
180
180
180
180
180
180
180
180
180
180
180
180
180
180
180
180
180
180
180
180
180
180
180
180
180
180
180
180
180
180
180
180
180
180
180
180
180
180
180
180
180
180
180
180
180
180
180
180
180
180
180
180
180
180
180
180
180
180
180
180
180
180
180
180
180
180
180
180
180
180
180
180
180
180
180
180
180
180
180
180
180
180
180
180
180
180
180
180
180
180
180
180
180
180
180
180
180
180
180
180
180
180
180
180
180
180
180
180
180
180
180
180
180
180
180
180
180
180
180
180
180
180
180
180
180
180
180
180
180
180
180
180
180
180
180
180
180
180
180
180
180
180
180
180
180
180
180
180
180
180
180
180
180
180
180
180
180
180
180
180
180
180
180
180
180
180
180
180
180
180
180
180
180
180
180
180
180
180
180
180
180
180
180
180
180
180
180
180
180
180
180
180
180
180
180
180
180
180
180
180
180
180
180
180
180
180
180
180
180
180
180
180
180
180
180
180
180
180
180
180
180
180
180
180
180
180
180
180
180
180
180
180
180
180
180
180
180
180
180
180
180
180
180
180
180
180
180
180
180
180
180
180
180
180
180
180
180
180
180
180
180
180
180
180
180
180
180
180
180
180
180
180
180
180
180
180
180
180
180
180
180
180
180
180
180
180
180
180
180
180
180
180
180
180
180
180
180
180
180
180
180
180
180
180
180
180
180
180
180
180
180
180
180
180
180
180
180
180
180
180
180
180
180
180
180
180
180
180
180
180
180
180
180
180
180
180
180
180
180
180
180
180
180
180
180
180
180
180
180
180
180
180
180
180
180
180
180
180
180
180
180
180
180
180
180
180
180
180
180
180
180
180
180
180
180
180
180
180
180
180
180
180
180
180
180
180
180
180
180
180
180
180
180
180
180
180
180
180
180
180
180
180
180
180
180
180
180
180
180
180
180
180
180
180
180
180
180
180
180
180
180
180
180
180
180
180
180
180
180
180
180
180
180
180
180
180
180
180
180
180
180
180
180
180
180
180
180
180
180
180
180
180
180
180
180
180
180
180
180
180
180
180
180
180
180
180
180
180
180
180
180
180
180
180
180
180
180
180
180
180
180
180
180
180
180
180
180
180
180
180
180
180
180
180
180
180
180
180
180
180
180
180
180
180
180
180
180
180
180
180
180
180
180
180
180
180
180
180
180
180
180
180
180
180
180
180
180
180
180
180
180
180
180
180
180
180
180
180
180
180
180
180
180
180
180
180
180
180
180
180
180
180
180
180
180
180
180
180
180
180
180
180
180
180
180
180
180
180
180
180
180
180
180
180
180
180
180
180
180
180
180
180
180
180
180
180
180
180
180
180
180
180
180
180
180
180
180
180
180
180
180
180
180
180
180
180
180
180
180
180
180
180
180
180
180
180
180
180
180
180
180
180
180
180
180
180
180
180
180
180
180
180
180
180
180
180
180
180
180
180
180
180
180
180
180
180
180
180
180
180
180
180
180
180
180
180
180
180
180
180
180
180
180
180
180
180
180
180
180
180
180
180
180
180
180
180
180
180
180
180
180
180
180
180
180
180
180
180
180
180
180
180
180
180
180
180
180
180
180
180
180
180
180
180
180
180
180
180
180
180
180
180
180
180
180
180
180
180
180
180
180
180
180
180
180
180
180
180
180
180
180
180
180
180
180
180
180
180
180
180
180
180
180
180
180
180
180
180
180
180
180
180
180
180
180
180
180
180
180
180
180
180
180
180
180
180
180
180
180
180
180
180
180
180
180
180
180
180
180
180
180
180
180
180
180
180
180
180
180
180
180
180
180
180
180
180
180
180
180
180
180
180
180
180
180
180
180
180
180
180
180
180
180
180
180
180
180
180
180
180
180
180
180
180
180
180
180
180
180
180
180
180
180
180
180
180
180
180
180
180
180
180
180
180
180
180
180
180
180
180
180
180
180
180
180
180
180
180
180
180
180
180
180
180
180
180
180
180
180
180
180
180
180
180
180
180
180
180
180
180
180
180
180
180
180
180
180
180
180
180
180
180
180
180
180
180
180
180
180
180
180
180
180
180
180
180
180
180
180
180
180
180
180
180
180
180
180
180
180
180
180
180
180
180
180
180
180
180
180
180
180
180
180
180
180
180
180
180
180
180
180
180
180
180
180
180
180
180
180
180
180
180
180
180
180
180
180
180
180
180
180
180
180
180
180
180
180
180
180
180
180
180
180
180
180
180
180
180
180
180
180
180
180
180
180
180
180
180
180
222.39
191.973
195.004
196.707
200.287
202.469
201.962
200.986
200.479
200.227
200.035
199.865
199.674
199.457
199.23
199.019
198.819
198.615
198.441
198.083
244.246
215.069
205.903
198.761
198.82
200.255
200.114
200.026
199.813
199.602
199.474
199.377
199.246
199.077
198.904
198.726
198.55
198.373
198.222
197.903
251.862
224.851
208.391
197.563
197.054
196.752
197.262
198.07
198.087
198.029
198.046
198.084
198.062
198.018
197.947
197.866
197.771
197.652
197.545
197.314
256.976
234.303
215.495
200.697
196.926
194.264
194.799
196.128
196.362
196.359
196.425
196.497
196.54
196.579
196.595
196.592
196.577
196.551
196.518
196.396
260.67
241.704
222.695
206.567
198.514
193.232
194.199
195.002
195.179
195.298
195.288
195.291
195.316
195.371
195.402
195.42
195.431
195.441
195.446
195.393
263.288
247.326
229.644
213.802
202.815
194.251
194.534
194.199
194.431
194.795
194.767
194.674
194.665
194.684
194.687
194.683
194.674
194.668
194.66
194.595
265.108
251.66
235.627
220.512
207.814
197.217
195.39
193.698
194.025
194.566
194.588
194.466
194.414
194.402
194.37
194.334
194.294
194.258
194.224
194.113
266.419
254.958
240.648
226.294
213.316
202.064
197.037
194.018
194.022
194.471
194.485
194.399
194.344
194.302
194.254
194.202
194.141
194.081
194.02
193.866
267.346
257.545
244.72
231.333
218.66
206.898
199.398
194.196
194.316
194.501
194.343
194.365
194.346
194.269
194.208
194.151
194.079
194.004
193.924
193.741
268.009
259.593
248.035
235.732
223.361
211.844
202.902
195.215
195.19
194.554
194.178
194.322
194.332
194.236
194.172
194.113
194.036
193.954
193.864
193.669
268.527
261.212
250.85
239.423
227.638
216.508
206.572
197.641
195.903
194.185
194.08
194.294
194.264
194.166
194.117
194.059
193.982
193.902
193.811
193.614
268.95
262.561
253.211
242.593
231.485
220.599
210.55
201.088
196.904
194.062
194.074
194.272
194.144
194.057
194.039
193.978
193.907
193.835
193.748
193.553
269.31
263.716
255.214
245.404
234.815
224.401
214.428
204.732
198.594
194.227
194.38
194.225
193.921
193.941
193.946
193.88
193.818
193.752
193.67
193.476
269.624
264.705
256.989
247.851
237.838
227.87
217.99
208.528
201.063
194.855
194.912
194.246
193.761
193.876
193.869
193.783
193.73
193.664
193.579
193.382
269.892
265.571
258.55
250.044
240.578
230.996
221.388
212.151
203.85
196.561
195.451
193.943
193.692
193.872
193.8
193.694
193.648
193.577
193.485
193.283
270.135
266.331
259.927
252.018
243.06
233.876
224.555
215.487
206.979
199.073
196.037
193.817
193.711
193.872
193.725
193.617
193.579
193.499
193.399
193.194
270.348
267.003
261.151
253.8
245.302
236.561
227.448
218.695
210.078
201.914
197.098
193.917
193.929
193.853
193.585
193.556
193.522
193.428
193.324
193.122
270.523
267.589
262.251
255.391
247.383
238.989
230.207
221.668
213.075
204.944
198.774
194.261
194.342
193.823
193.487
193.529
193.484
193.367
193.268
193.073
270.656
268.094
263.225
256.835
249.274
241.245
232.79
224.413
216.021
207.911
200.834
195.165
194.791
193.93
193.474
193.534
193.45
193.318
193.227
193.048
270.746
268.517
264.087
258.135
251.001
243.332
235.177
227.029
218.781
210.762
203.3
196.822
195.204
193.799
193.462
193.565
193.425
193.293
193.208
193.013
270.807
268.871
264.848
259.299
252.579
245.248
237.402
229.481
221.375
213.537
205.863
198.854
195.779
193.874
193.63
193.614
193.351
193.265
193.178
192.993
270.851
269.174
265.518
260.347
254.012
247.012
239.473
231.763
223.845
216.161
208.41
201.263
196.781
193.971
193.94
193.653
193.316
193.268
193.171
192.984
270.888
269.431
266.11
261.29
255.314
248.639
241.389
233.907
226.181
218.611
210.985
203.724
198.085
194.301
194.312
193.702
193.321
193.285
193.169
192.983
270.919
269.654
266.636
262.143
256.499
250.136
243.163
235.922
228.366
220.968
213.434
206.154
199.859
195.142
194.648
193.792
193.33
193.339
193.172
192.99
270.953
269.852
267.107
262.91
257.583
251.506
244.824
237.792
230.46
223.177
215.771
208.586
201.813
196.355
194.928
193.701
193.385
193.387
193.171
193.005
270.991
270.03
267.527
263.606
258.566
252.771
246.358
239.557
232.427
225.27
218.024
210.88
203.917
197.999
195.379
193.718
193.551
193.437
193.157
193.038
271.025
270.188
267.909
264.239
259.467
253.936
247.779
241.218
234.277
227.275
220.139
213.103
206.101
199.79
196.008
193.782
193.793
193.467
193.149
193.085
271.05
270.327
268.257
264.822
260.298
255.013
249.11
242.765
236.041
229.17
222.162
215.236
208.222
201.767
197.004
194.008
194.069
193.485
193.135
193.151
271.067
270.448
268.576
265.364
261.072
256.018
250.348
244.227
237.702
230.974
224.11
217.241
210.343
203.781
198.23
194.565
194.277
193.526
193.157
193.22
271.075
270.55
268.867
265.873
261.797
256.965
251.508
245.604
239.269
232.707
225.942
219.198
212.383
205.73
199.795
195.44
194.45
193.416
193.166
193.293
271.074
270.635
269.132
266.348
262.483
257.851
252.606
246.893
240.763
234.345
227.718
221.056
214.317
207.731
201.459
196.509
194.642
193.44
193.222
193.37
271.069
270.704
269.368
266.787
263.126
258.691
253.638
248.117
242.172
235.91
229.418
222.823
216.211
209.624
203.231
197.881
194.993
193.493
193.35
193.422
271.059
270.756
269.571
267.188
263.723
259.483
254.614
249.276
243.503
237.413
231.019
224.557
217.998
211.483
205.075
199.326
195.522
193.591
193.567
193.47
271.05
270.794
269.745
267.547
264.282
260.223
255.544
250.369
244.778
238.83
232.585
226.194
219.744
213.293
206.864
200.92
196.361
193.773
193.816
193.524
271.05
270.829
269.895
267.873
264.794
260.925
256.418
251.418
245.981
240.192
234.076
227.787
221.426
215.022
208.683
202.563
197.358
194.089
194.078
193.588
271.056
270.863
270.029
268.167
265.27
261.578
257.252
252.409
247.133
241.489
235.503
229.337
223.033
216.738
210.428
204.205
198.6
194.749
194.317
193.639
271.066
270.893
270.149
268.434
265.709
262.188
258.035
253.351
248.227
242.72
236.886
230.811
224.617
218.388
212.115
205.868
199.993
195.665
194.515
193.644
271.077
270.919
270.253
268.676
266.111
262.756
258.766
254.244
249.263
243.9
238.197
232.252
226.137
219.986
213.775
207.471
201.506
196.832
194.828
193.668
271.084
270.939
270.344
268.894
266.482
263.281
259.453
255.081
250.25
245.016
239.458
233.629
227.616
221.545
215.346
209.077
203.133
198.095
195.25
193.727
271.092
270.958
270.424
269.092
266.823
263.77
260.094
255.872
251.183
246.081
240.661
234.951
229.051
223.037
216.881
210.664
204.774
199.501
195.895
193.839
271.086
270.969
270.494
269.276
267.142
264.229
260.696
256.618
252.069
247.102
241.809
236.227
230.432
224.48
218.37
212.224
206.46
200.985
196.675
194
271.084
270.98
270.561
269.447
267.443
264.665
261.268
257.324
252.915
248.078
242.915
237.451
231.764
225.869
219.808
213.806
208.116
202.475
197.677
194.269
271.089
270.997
270.625
269.61
267.732
265.082
261.811
257.997
253.72
249.019
243.982
238.632
233.048
227.195
221.239
215.363
209.733
204.007
198.778
194.633
271.096
271.019
270.692
269.767
268.01
265.485
262.333
258.64
254.49
249.926
245.01
239.774
234.271
228.49
222.643
216.909
211.331
205.461
200.004
195.15
271.102
271.044
270.756
269.915
268.275
265.871
262.834
259.255
255.228
250.795
246.002
240.868
235.447
229.746
224.049
218.445
212.831
206.922
201.291
195.772
271.104
271.057
270.808
270.049
268.524
266.241
263.315
259.846
255.935
251.628
246.953
241.913
236.578
230.986
225.459
219.92
214.307
208.31
202.609
196.539
271.108
271.059
270.838
270.16
268.753
266.593
263.776
260.413
256.61
252.427
247.857
242.915
237.669
232.233
226.847
221.374
215.688
209.666
203.964
197.409
271.114
271.056
270.856
270.25
268.96
266.92
264.215
260.956
257.262
253.183
248.72
243.865
238.751
233.475
228.237
222.742
217.012
210.987
205.312
198.38
271.13
271.065
270.872
270.329
269.144
267.223
264.625
261.476
257.882
253.91
249.534
244.795
239.824
234.74
229.57
224.048
218.278
212.27
206.67
199.433
271.144
271.076
270.892
270.407
269.319
267.499
265.008
261.97
258.479
254.592
250.319
245.707
240.922
235.984
230.847
225.277
219.488
213.54
208.012
200.542
271.165
271.094
270.925
270.499
269.49
267.763
265.364
262.435
259.044
255.251
251.083
246.637
242.03
237.201
232.042
226.428
220.67
214.785
209.34
201.697
271.193
271.126
270.978
270.593
269.664
268.02
265.708
262.875
259.578
255.882
251.852
247.59
243.142
238.352
233.142
227.529
221.824
216.019
210.648
202.874
271.227
271.148
271.025
270.686
269.84
268.278
266.044
263.293
260.091
256.515
252.648
248.561
244.217
239.41
234.164
228.585
222.969
217.236
211.931
204.069
271.299
271.204
271.11
270.8
270.014
268.541
266.38
263.704
260.6
257.175
253.479
249.537
245.207
240.364
235.116
229.62
224.103
218.437
213.19
205.269
271.41
271.308
271.224
270.947
270.208
268.796
266.718
264.128
261.142
257.885
254.36
250.462
246.095
241.227
236.028
230.644
225.229
219.622
214.428
206.471
271.552
271.461
271.361
271.105
270.408
269.062
267.061
264.584
261.752
258.656
255.234
251.328
246.883
242.025
236.92
231.665
226.345
220.79
215.646
207.673
271.731
271.641
271.52
271.257
270.599
269.329
267.436
265.112
262.438
259.466
256.036
252.061
247.612
242.821
237.823
232.686
227.448
221.946
216.853
208.876
271.853
271.805
271.665
271.388
270.767
269.595
267.86
265.723
263.207
260.22
256.73
252.738
248.322
243.632
238.75
233.713
228.54
223.092
218.05
210.079
271.977
271.912
271.751
271.481
270.915
269.875
268.354
266.402
263.961
260.911
257.314
253.331
249.034
244.482
239.708
234.746
229.626
224.234
219.242
211.283
272.085
271.953
271.751
271.515
271.054
270.184
268.905
267.072
264.584
261.451
257.844
253.932
249.768
245.358
240.687
235.787
230.713
225.377
220.432
212.488
272.163
271.968
271.733
271.547
271.19
270.616
269.496
267.596
264.959
261.858
258.356
254.56
250.525
246.243
241.667
236.827
231.801
226.519
221.617
213.692
272.156
271.939
271.739
271.663
271.577
271.161
269.984
267.89
265.197
262.185
258.856
255.21
251.291
247.113
242.626
237.854
232.885
227.659
222.796
214.894
272.039
271.755
271.738
271.971
272.077
271.528
270.157
268.026
265.389
262.495
259.341
255.852
252.042
247.948
243.545
238.853
233.951
228.783
223.96
216.087
271.816
271.64
271.88
272.354
272.335
271.587
270.084
268.061
265.607
262.842
259.805
256.449
252.749
248.739
244.419
239.814
234.989
229.881
225.103
217.265
272.125
272.39
272.892
272.846
272.353
271.323
269.823
268.048
265.862
263.221
260.242
256.982
253.394
249.476
245.244
240.727
235.986
230.943
226.213
218.417
270.801
273.202
273.491
273.001
272.079
270.954
269.691
268.14
266.134
263.602
260.672
257.472
253.981
250.161
246.024
241.599
236.94
231.961
227.286
219.538
270.408
274.952
273.246
272.362
271.542
270.871
269.83
268.334
266.383
263.938
261.091
257.966
254.541
250.799
246.757
242.425
237.849
232.934
228.316
220.622
248.884
272.513
272.39
272.102
271.801
271.214
270.135
268.543
266.541
264.203
261.483
258.441
255.08
251.411
247.457
243.209
238.714
233.864
229.306
221.667
201.503
261.518
273.623
272.961
272.486
271.866
270.6
268.881
266.805
264.531
261.89
258.893
255.576
251.988
248.129
243.965
239.543
234.754
230.257
222.678
181.566
226.498
268.587
272.787
272.671
272.148
270.992
269.337
267.252
264.942
262.273
259.364
256.062
252.543
248.761
244.679
240.337
235.613
231.175
223.655
180.03
189.926
248.756
273.35
273.214
272.403
271.329
269.834
267.839
265.467
262.767
259.773
256.565
253.103
249.383
245.36
241.085
236.435
232.064
224.606
180
180.556
209.653
263.82
272.446
272.244
271.529
270.223
268.285
266.016
263.315
260.364
257.073
253.631
249.982
246.026
241.815
237.225
232.919
225.525
180
180.013
184.438
237.86
270.128
272.402
271.727
270.505
268.788
266.548
263.919
260.972
257.745
254.258
250.537
246.621
242.5
237.994
233.749
226.415
180
180
180.201
199.853
258.473
272.026
271.682
270.597
269.006
267.002
264.524
261.628
258.385
254.958
251.226
247.272
243.157
238.712
234.547
227.28
180
180
180.004
182.308
230.617
267.226
271.278
270.506
269.068
267.287
265.036
262.276
259.085
255.672
251.888
248.047
243.898
239.461
235.317
228.108
180
180
180
180.099
195.648
255.231
270.895
270.469
269.156
267.476
265.37
262.795
259.774
256.388
252.699
248.765
244.657
240.255
236.116
228.931
180
180
180
180.002
181.673
227.508
265.658
270.103
269.124
267.497
265.551
263.17
260.351
257.084
253.485
249.609
245.5
241.029
236.914
229.755
180
180
180
180
180.074
194.607
254.233
269.792
269.105
267.557
265.661
263.383
260.727
257.649
254.229
250.458
246.379
241.936
237.761
230.587
180
180
180
180
180.002
181.652
228.488
264.76
268.727
267.553
265.647
263.464
260.96
258.089
254.874
251.266
247.261
242.857
238.682
231.489
180
180
180
180
180
180.083
196.357
254.829
268.431
267.585
265.703
263.525
261.09
258.376
255.346
251.93
248.06
243.776
239.63
232.426
180
180
180
180
180
180.003
182.194
232.367
264.719
267.216
265.704
263.501
261.141
258.578
255.697
252.449
248.747
244.629
240.573
233.402
180
180
180
180
180
180
180.129
200.594
256.306
267.126
265.675
263.54
261.231
258.752
255.949
252.803
249.266
245.349
241.438
234.368
180
180
180
180
180
180
180.005
183.532
237.88
264.739
265.411
263.683
261.354
258.906
256.137
253.064
249.684
245.953
242.202
235.289
180
180
180
180
180
180
180
180.262
207.632
258.206
265.474
263.843
261.561
259.089
256.317
253.295
250.032
246.431
242.821
236.109
180
180
180
180
180
180
180
180.013
186.387
243.803
264.135
263.802
261.773
259.238
256.475
253.519
250.35
246.825
243.336
236.833
180
180
180
180
180
180
180
180
180.64
217.378
259.907
263.822
261.927
259.392
256.673
253.798
250.689
247.19
243.779
237.456
180
180
180
180
180
180
180
180
180.039
191.908
249.162
263.106
261.986
259.545
256.859
254.072
251
247.509
244.164
237.997
180
180
180
180
180
180
180
180
180.002
181.761
228.659
260.331
261.939
259.848
257.143
254.396
251.337
247.866
244.572
238.512
180
180
180
180
180
180
180
180
180
180.14
201.342
252.995
261.668
259.93
257.426
254.664
251.611
248.201
244.963
238.986
180
180
180
180
180
180
180
180
180
180.009
184.835
238.709
259.943
259.822
257.711
254.856
251.857
248.554
245.377
239.471
180
180
180
180
180
180
180
180
180
180
180.545
214.71
255.922
259.894
257.841
254.989
252.102
248.911
245.787
239.95
180
180
180
180
180
180
180
180
180
180
180.043
191.971
246.188
259.203
257.816
255.142
252.315
249.201
246.145
240.413
180
180
180
180
180
180
180
180
180
180
180.003
182.145
228.82
256.894
257.793
255.51
252.602
249.49
246.501
240.882
180
180
180
180
180
180
180
180
180
180
180
180.225
204.553
251.048
257.603
255.735
252.872
249.718
246.795
241.299
180
180
180
180
180
180
180
180
180
180
180
180.019
187.11
239.716
256.38
255.801
253.167
249.954
247.096
241.709
180
180
180
180
180
180
180
180
180
180
180
180.001
181.125
220.749
253.805
255.845
253.44
250.215
247.389
242.081
180
180
180
180
180
180
180
180
180
180
180
180
180.122
198.309
246.767
255.363
253.532
250.491
247.645
242.405
180
180
180
180
180
180
180
180
180
180
180
180
180.012
184.816
234.34
253.863
253.567
250.912
247.953
242.745
180
180
180
180
180
180
180
180
180
180
180
180
180.001
180.743
215.035
250.957
253.631
251.222
248.219
243.05
180
180
180
180
180
180
180
180
180
180
180
180
180
180.087
194.827
243.304
253.024
251.349
248.516
243.358
180
180
180
180
180
180
180
180
180
180
180
180
180
180.009
183.789
230.575
251.62
251.386
248.945
243.716
180
180
180
180
180
180
180
180
180
180
180
180
180
180.001
180.61
211.772
248.386
251.373
249.257
244.049
)
;

boundaryField
{
    inlet
    {
        type            fixedValue;
        value           nonuniform List<scalar> 0();
    }
    outlet
    {
        type            zeroGradient;
    }
    bottom
    {
        type            symmetryPlane;
    }
    top
    {
        type            zeroGradient;
    }
    obstacle
    {
        type            zeroGradient;
    }
    defaultFaces
    {
        type            empty;
    }
    procBoundary1to0
    {
        type            processor;
        value           nonuniform List<scalar> 
103
(
269.29
269.703
270.385
271.205
271.369
271.198
270.524
269.804
268.919
268.259
268.439
259.529
219.323
182.85
180.011
180
180
180
180
180
180
180
180
180
180
180
180
180
180
180
180
180
180
180
180
180
180
180
180
180
180
180
180
180
180
180
180
180
180
180
180
180
180
180
180
180
180
180
180
180
180
180
180
180
180
180
180
180
180
180
180
180
180
180
180
180
180
180
180
180
180
180
180
180
180
180
180
180
180
180
180
180
180
180
180
180
180
180
180
180
180
180
180
)
;
    }
    procBoundary1to3
    {
        type            processor;
        value           nonuniform List<scalar> 
89
(
180
180
180
180
180
180
180
180
180
180
180
180
180
180
180
180
180
180
180
180
180
180
180
180
180
180
180
180
180
180
180
180
180
180
180
180
180
180
180
180
180
180
180
180
180
180
180
180
180
180
180
180
180
180
180
180
180
180
180
180
180
180
180
180
180
180
180
180
180
180
180
180
180
180
180
180
180
180
180
180
180
180
180
180.08
193.29
240.668
250.808
249.421
244.427
)
;
    }
}


// ************************************************************************* //
