/*--------------------------------*- C++ -*----------------------------------*\
| =========                 |                                                 |
| \\      /  F ield         | OpenFOAM: The Open Source CFD Toolbox           |
|  \\    /   O peration     | Version:  2306                                  |
|   \\  /    A nd           | Website:  www.openfoam.com                      |
|    \\/     M anipulation  |                                                 |
\*---------------------------------------------------------------------------*/
FoamFile
{
    version     2.0;
    format      ascii;
    arch        "LSB;label=32;scalar=64";
    class       volScalarField;
    location    "5e-05";
    object      rho;
}
// * * * * * * * * * * * * * * * * * * * * * * * * * * * * * * * * * * * * * //

dimensions      [1 -3 0 0 0 0 0];

internalField   nonuniform List<scalar> 
9032
(
1.4203
1.41923
1.4184
1.41799
1.418
1.41801
1.41795
1.41775
1.41744
1.41711
1.41683
1.41663
1.41646
1.41635
1.41632
1.4164
1.41677
1.41826
1.42165
1.42732
1.43643
1.44717
1.45481
1.45912
1.46137
1.46212
1.46207
1.46179
1.46132
1.46078
1.4602
1.45956
1.45879
1.45785
1.45673
1.45544
1.45403
1.45254
1.45103
1.44948
1.4479
1.44626
1.44454
1.44278
1.44098
1.43918
1.43739
1.4356
1.43382
1.43208
1.43039
1.42873
1.42705
1.42535
1.4236
1.4218
1.41999
1.41818
1.41638
1.41461
1.41286
1.41115
1.40959
1.40812
1.40669
1.40524
1.40358
1.40203
1.41799
1.41698
1.41656
1.41664
1.41681
1.41686
1.41676
1.41651
1.41621
1.41597
1.4158
1.4157
1.41559
1.41555
1.41555
1.41573
1.41639
1.41842
1.42253
1.42959
1.44039
1.45119
1.45784
1.46089
1.46204
1.46206
1.46178
1.46123
1.46068
1.46016
1.45959
1.45889
1.45804
1.45703
1.45589
1.45464
1.4533
1.45188
1.45038
1.44879
1.44714
1.44544
1.44369
1.44192
1.44014
1.43837
1.43661
1.43485
1.4331
1.43137
1.42965
1.42797
1.42629
1.42461
1.42289
1.42113
1.41933
1.41752
1.41573
1.41397
1.41225
1.41055
1.40889
1.4073
1.40574
1.40418
1.40253
1.40104
1.41296
1.41321
1.41331
1.41344
1.41345
1.41345
1.41344
1.41342
1.41342
1.41345
1.41346
1.41348
1.41347
1.41353
1.41364
1.41402
1.41497
1.41739
1.42225
1.43106
1.44278
1.45239
1.45743
1.45956
1.46029
1.46033
1.46016
1.45994
1.45964
1.4592
1.4586
1.45783
1.45692
1.4559
1.45482
1.45367
1.45242
1.45108
1.44961
1.44802
1.44634
1.44462
1.44288
1.44113
1.43938
1.43765
1.43593
1.43421
1.43249
1.43075
1.429
1.42729
1.42562
1.42397
1.42228
1.42056
1.41879
1.417
1.41521
1.41346
1.41175
1.41005
1.40837
1.40669
1.405
1.40334
1.40171
1.40033
1.40988
1.41025
1.41023
1.41021
1.41029
1.41047
1.41069
1.41088
1.41106
1.41119
1.41134
1.41134
1.41145
1.41161
1.41187
1.41233
1.41353
1.41655
1.4227
1.43318
1.44492
1.45308
1.45692
1.4585
1.45913
1.45929
1.45921
1.45902
1.45866
1.45815
1.4575
1.45666
1.4557
1.4547
1.45366
1.45258
1.45138
1.45007
1.44861
1.44703
1.44533
1.44358
1.44185
1.44013
1.43844
1.43677
1.4351
1.43342
1.43173
1.42999
1.42823
1.4265
1.42486
1.42326
1.42164
1.41996
1.41823
1.41646
1.41467
1.41295
1.41128
1.40961
1.40788
1.40608
1.40426
1.40247
1.40078
1.39944
1.4087
1.40895
1.40888
1.40884
1.40898
1.40924
1.40954
1.40983
1.4101
1.41027
1.41043
1.41062
1.41071
1.41094
1.41129
1.41191
1.41354
1.41712
1.42457
1.4364
1.44755
1.45414
1.45712
1.45818
1.45871
1.45886
1.45882
1.45863
1.45822
1.45761
1.45684
1.45593
1.45495
1.45395
1.45293
1.45187
1.45072
1.44941
1.44795
1.44636
1.44466
1.44288
1.44112
1.43942
1.43775
1.43613
1.43451
1.43288
1.43121
1.42948
1.42769
1.42589
1.42423
1.42267
1.4211
1.41947
1.41779
1.41605
1.41426
1.41252
1.41084
1.40916
1.40742
1.40563
1.4038
1.40197
1.40015
1.39868
1.41045
1.41027
1.40992
1.40967
1.40978
1.41001
1.41029
1.41059
1.41081
1.41089
1.41097
1.41099
1.41107
1.41127
1.41161
1.41232
1.41423
1.41911
1.42827
1.44082
1.45078
1.45564
1.45779
1.45863
1.4591
1.45922
1.45915
1.4589
1.45839
1.45764
1.45671
1.45571
1.45471
1.45367
1.4526
1.4515
1.45032
1.449
1.44755
1.44596
1.44426
1.44246
1.44063
1.43888
1.43721
1.43561
1.43405
1.43246
1.43082
1.42908
1.42727
1.42541
1.42364
1.42205
1.42051
1.41894
1.41732
1.41563
1.41388
1.41209
1.41034
1.40865
1.40694
1.4052
1.40342
1.40165
1.3998
1.39825
1.41337
1.41302
1.41255
1.41238
1.41245
1.41251
1.41264
1.41277
1.41276
1.4127
1.41263
1.41263
1.41268
1.41281
1.41309
1.41389
1.41631
1.42247
1.43322
1.44586
1.45431
1.4574
1.45889
1.45971
1.4601
1.46016
1.46004
1.45967
1.45902
1.45814
1.45714
1.45613
1.4551
1.45404
1.45291
1.45174
1.45048
1.44911
1.44764
1.44605
1.44435
1.44254
1.44069
1.43886
1.43714
1.43551
1.43395
1.43244
1.43086
1.42918
1.4274
1.42546
1.42351
1.42181
1.42024
1.4187
1.41712
1.4155
1.41379
1.41193
1.4101
1.40838
1.40676
1.40516
1.40354
1.40188
1.4
1.39826
1.41714
1.41709
1.41651
1.41629
1.41605
1.4158
1.41581
1.41586
1.4158
1.41566
1.4155
1.41538
1.41529
1.41527
1.41548
1.41648
1.41967
1.42711
1.43924
1.45089
1.45751
1.45984
1.46101
1.46179
1.46202
1.46196
1.46169
1.46115
1.46033
1.45936
1.45833
1.45733
1.45629
1.45515
1.45388
1.45248
1.45102
1.44955
1.44804
1.44649
1.44484
1.44309
1.4412
1.43924
1.43741
1.43574
1.43414
1.43261
1.43108
1.42948
1.42779
1.42591
1.42384
1.42192
1.42029
1.41877
1.41725
1.41565
1.41398
1.41217
1.4102
1.40832
1.40666
1.40511
1.40359
1.40204
1.40029
1.3989
1.41941
1.4194
1.41898
1.41864
1.41828
1.4182
1.41822
1.41812
1.41802
1.41789
1.41771
1.41749
1.41741
1.41744
1.41776
1.41915
1.42327
1.4321
1.44503
1.45554
1.46058
1.46235
1.46321
1.46374
1.4638
1.46368
1.46334
1.46274
1.46191
1.46094
1.4599
1.45886
1.45773
1.45647
1.45507
1.45353
1.45191
1.45029
1.44872
1.44718
1.44559
1.44392
1.44213
1.44017
1.43817
1.43636
1.43475
1.43324
1.43175
1.43015
1.42845
1.42662
1.4246
1.42253
1.4208
1.41925
1.41774
1.41616
1.41449
1.41271
1.41074
1.40867
1.40678
1.40516
1.40363
1.40219
1.4006
1.39956
1.42046
1.4197
1.41984
1.41948
1.41885
1.41885
1.41896
1.41901
1.41895
1.4189
1.41877
1.41864
1.41858
1.41864
1.4191
1.42092
1.42632
1.43682
1.45027
1.45929
1.46288
1.46425
1.46489
1.4651
1.46507
1.4649
1.46453
1.46393
1.46313
1.46215
1.46109
1.45998
1.45879
1.45748
1.45604
1.45446
1.4528
1.45109
1.44944
1.44788
1.4463
1.44465
1.44293
1.44109
1.43912
1.4372
1.4355
1.43393
1.43241
1.43083
1.42916
1.42739
1.42545
1.42333
1.42137
1.41974
1.4182
1.41663
1.41498
1.41325
1.41136
1.40931
1.40721
1.40538
1.4038
1.40233
1.40088
1.40005
1.42081
1.41932
1.42016
1.41947
1.4189
1.419
1.41898
1.41905
1.41907
1.41901
1.4189
1.4189
1.41897
1.41915
1.41985
1.42236
1.42919
1.4414
1.45464
1.46187
1.46415
1.46509
1.46554
1.46559
1.46555
1.46539
1.46505
1.46447
1.4637
1.46276
1.46171
1.46056
1.45932
1.45797
1.45649
1.45489
1.45319
1.45143
1.44972
1.44819
1.44669
1.44512
1.44347
1.44173
1.43987
1.43793
1.43609
1.43444
1.43289
1.43132
1.42965
1.42788
1.42602
1.424
1.42189
1.42007
1.41846
1.41691
1.41526
1.41352
1.4117
1.40977
1.40768
1.40561
1.40391
1.40244
1.40106
1.40036
1.4096
1.41947
1.42048
1.41862
1.41877
1.41886
1.41871
1.41885
1.41898
1.41892
1.41883
1.41883
1.41892
1.41918
1.42023
1.42369
1.43214
1.44588
1.45778
1.46323
1.46474
1.46533
1.46556
1.46563
1.46567
1.46557
1.4652
1.46458
1.46382
1.46289
1.46183
1.46064
1.4593
1.45784
1.4563
1.45473
1.45312
1.45143
1.44968
1.44807
1.44657
1.44505
1.44346
1.44182
1.44011
1.4383
1.43641
1.43466
1.43303
1.43144
1.42979
1.42807
1.42628
1.42436
1.42227
1.4202
1.41845
1.41682
1.41515
1.41344
1.41174
1.40997
1.40805
1.40599
1.404
1.4024
1.40086
1.40003
1.30525
1.42212
1.41846
1.41744
1.41887
1.4184
1.41823
1.41854
1.4187
1.41858
1.41858
1.41865
1.41873
1.41907
1.42049
1.42508
1.43532
1.44985
1.45973
1.46344
1.46452
1.46501
1.46523
1.46536
1.46545
1.46537
1.46501
1.46452
1.46384
1.46291
1.46176
1.4604
1.45896
1.45749
1.45602
1.45454
1.45302
1.45136
1.44952
1.44774
1.4462
1.44475
1.44326
1.44171
1.4401
1.43837
1.43646
1.43453
1.43278
1.43114
1.42951
1.42781
1.42606
1.42426
1.42232
1.42015
1.41803
1.41624
1.41465
1.41309
1.41144
1.40976
1.40807
1.40624
1.40422
1.40223
1.40045
1.39943
0.915686
1.32481
1.40791
1.41872
1.41957
1.41744
1.41802
1.41828
1.41814
1.41809
1.41825
1.41831
1.41832
1.41878
1.42076
1.42672
1.43879
1.45299
1.46079
1.46319
1.46405
1.46458
1.46491
1.4652
1.46538
1.46533
1.46495
1.4643
1.46349
1.4625
1.46128
1.45991
1.45856
1.45723
1.45583
1.45436
1.45281
1.45113
1.44929
1.4474
1.44579
1.44437
1.44296
1.44145
1.43985
1.4381
1.43616
1.43407
1.43219
1.43054
1.42894
1.42731
1.42564
1.42391
1.42202
1.41987
1.41754
1.41549
1.4138
1.41229
1.41083
1.40929
1.40773
1.40607
1.40428
1.40224
1.40006
1.39867
0.641025
0.912434
1.29976
1.42176
1.41814
1.41617
1.41837
1.41785
1.41749
1.41779
1.41807
1.41796
1.41796
1.41868
1.42144
1.42893
1.44239
1.45523
1.46122
1.46282
1.46361
1.46428
1.46471
1.46511
1.46528
1.46515
1.46465
1.46386
1.46291
1.46183
1.46058
1.45922
1.45787
1.45661
1.45531
1.4539
1.45234
1.45066
1.44889
1.44701
1.44535
1.44394
1.44253
1.441
1.43934
1.43753
1.43551
1.43336
1.43138
1.42969
1.42813
1.42662
1.42501
1.42328
1.42144
1.41942
1.41715
1.41479
1.41285
1.41125
1.40986
1.40858
1.40719
1.40565
1.40398
1.40212
1.39996
1.39813
0.620168
0.637847
0.903355
1.31549
1.405
1.41745
1.42037
1.41739
1.4171
1.41804
1.4181
1.41777
1.4178
1.41887
1.42262
1.43169
1.44588
1.45703
1.46146
1.46266
1.46347
1.46424
1.46482
1.46525
1.46531
1.465
1.46429
1.4633
1.46216
1.46101
1.45984
1.45856
1.4572
1.45587
1.45456
1.45317
1.45169
1.45012
1.44843
1.44661
1.44485
1.44333
1.44184
1.44023
1.43852
1.43667
1.43465
1.43248
1.43039
1.42866
1.42709
1.42561
1.42415
1.42255
1.42078
1.41887
1.41681
1.41452
1.41217
1.4103
1.40878
1.40745
1.40628
1.40498
1.40346
1.40169
1.39967
1.39785
0.62007
0.62014
0.638517
0.89164
1.28697
1.41935
1.42159
1.41454
1.41695
1.41914
1.41857
1.41796
1.41799
1.41947
1.42421
1.4348
1.44919
1.45875
1.46195
1.46295
1.46378
1.46454
1.4652
1.46553
1.46545
1.46492
1.46396
1.4628
1.46157
1.46037
1.4592
1.45795
1.45658
1.4551
1.45364
1.45221
1.45079
1.44936
1.44782
1.44612
1.44431
1.4425
1.44078
1.43907
1.43732
1.43549
1.43357
1.43157
1.42952
1.4277
1.4261
1.42455
1.42303
1.42154
1.41997
1.41822
1.41633
1.41429
1.4121
1.40985
1.40798
1.40638
1.40495
1.40367
1.40241
1.40088
1.39912
1.39733
0.62007
0.62007
0.620149
0.63442
0.878507
1.28792
1.41168
1.40939
1.41897
1.41949
1.41819
1.41864
1.41902
1.42042
1.42582
1.43784
1.4524
1.46068
1.46281
1.46362
1.46436
1.46519
1.4658
1.4659
1.46564
1.46489
1.46375
1.46248
1.4612
1.45995
1.45872
1.45747
1.45611
1.45458
1.45294
1.45139
1.44993
1.44852
1.44704
1.44543
1.44366
1.44173
1.43979
1.43797
1.43619
1.43443
1.43265
1.4308
1.42883
1.4269
1.42521
1.42357
1.42191
1.42028
1.41873
1.41722
1.4156
1.41382
1.41183
1.40971
1.40763
1.40565
1.40388
1.40225
1.40078
1.3992
1.39752
1.3957
0.62007
0.62007
0.62007
0.62012
0.634116
0.848952
1.28514
1.39721
1.41997
1.41613
1.41754
1.42027
1.42038
1.42129
1.42724
1.44061
1.45538
1.4623
1.46389
1.46471
1.46542
1.46617
1.46645
1.46634
1.46588
1.46498
1.46375
1.46239
1.46106
1.45978
1.45852
1.45723
1.45588
1.45438
1.45266
1.45095
1.44937
1.44784
1.44627
1.44464
1.44289
1.44098
1.43897
1.43709
1.43535
1.43366
1.43195
1.43016
1.42824
1.42623
1.42435
1.42258
1.42078
1.41897
1.41725
1.41565
1.41412
1.41253
1.41086
1.409
1.407
1.40493
1.40298
1.40106
1.39932
1.39749
1.39576
1.39358
0.62007
0.62007
0.62007
0.62007
0.62012
0.629719
0.842342
1.2444
1.41908
1.41521
1.4197
1.42059
1.42018
1.4218
1.42903
1.44382
1.45741
1.46273
1.46443
1.46566
1.46653
1.46707
1.46705
1.46676
1.46606
1.46503
1.46377
1.46242
1.46111
1.45986
1.45859
1.45728
1.45594
1.45446
1.45274
1.45086
1.44908
1.44736
1.44564
1.4439
1.44212
1.44025
1.43827
1.43633
1.43461
1.43291
1.43115
1.42934
1.42744
1.4254
1.42334
1.42137
1.41947
1.41758
1.41573
1.41397
1.41229
1.41062
1.40895
1.4072
1.40542
1.40348
1.40154
1.3995
1.39758
1.39555
1.3937
1.39126
0.62007
0.62007
0.62007
0.62007
0.62007
0.620098
0.628607
0.808332
1.23604
1.38544
1.4231
1.42133
1.4195
1.42212
1.43261
1.44966
1.45949
1.46232
1.46396
1.46545
1.46677
1.46736
1.46736
1.46699
1.46615
1.46509
1.46384
1.46247
1.46116
1.45992
1.45862
1.4573
1.45594
1.45446
1.45273
1.45077
1.44875
1.44678
1.4449
1.44306
1.44123
1.43934
1.43733
1.4353
1.43341
1.4316
1.42977
1.42791
1.42598
1.42394
1.42182
1.41976
1.41781
1.41595
1.41407
1.4122
1.41037
1.40856
1.4068
1.40501
1.40326
1.40136
1.39945
1.39732
1.39528
1.39308
1.39113
1.38867
0.62007
0.62007
0.62007
0.62007
0.62007
0.62007
0.620092
0.626052
0.784132
1.19253
1.42117
1.42286
1.41962
1.42488
1.43929
1.45661
1.46111
1.46179
1.46347
1.46486
1.4661
1.46697
1.46722
1.46696
1.4661
1.46504
1.46384
1.46244
1.46096
1.45939
1.45784
1.45639
1.45499
1.45352
1.45181
1.4498
1.44763
1.4455
1.44354
1.4417
1.43985
1.43785
1.43567
1.43346
1.43144
1.42959
1.42778
1.42595
1.42402
1.42196
1.41982
1.41771
1.41576
1.41395
1.41211
1.41017
1.4082
1.40627
1.40441
1.40259
1.40083
1.39895
1.39708
1.39495
1.39283
1.3905
1.38844
1.38606
0.62007
0.62007
0.62007
0.62007
0.62007
0.62007
0.62007
0.620083
0.624095
0.761546
1.18308
1.36754
1.41244
1.42621
1.44844
1.45981
1.46079
1.4616
1.46392
1.46557
1.46658
1.46719
1.46727
1.46687
1.46587
1.4646
1.46323
1.4617
1.45989
1.45795
1.45611
1.45442
1.45287
1.4513
1.44958
1.44768
1.44564
1.44358
1.44164
1.4398
1.43789
1.4358
1.43352
1.43116
1.42903
1.42719
1.42543
1.42364
1.42172
1.41964
1.41747
1.41533
1.41336
1.41163
1.4099
1.40802
1.40601
1.40403
1.40207
1.40019
1.39835
1.39646
1.39458
1.39252
1.39041
1.38815
1.38602
1.38381
0.62007
0.62007
0.62007
0.62007
0.62007
0.62007
0.62007
0.62007
0.620078
0.62313
0.733038
1.12056
1.39676
1.43712
1.45759
1.45892
1.46124
1.46351
1.46499
1.46676
1.46797
1.46822
1.46789
1.46691
1.46545
1.4638
1.46214
1.46036
1.45844
1.45645
1.45448
1.45259
1.45081
1.44909
1.44735
1.44551
1.44352
1.44146
1.43946
1.43754
1.43554
1.43338
1.43105
1.42864
1.42648
1.42466
1.42296
1.4212
1.41931
1.41728
1.41516
1.41305
1.41105
1.40932
1.40772
1.40596
1.40401
1.40202
1.39997
1.39809
1.39618
1.39431
1.39236
1.39041
1.38829
1.38624
1.38404
1.38205
0.62007
0.62007
0.62007
0.62007
0.62007
0.62007
0.62007
0.62007
0.62007
0.620075
0.621756
0.710518
1.09849
1.35949
1.44537
1.45643
1.46515
1.46531
1.46508
1.46653
1.46847
1.469
1.46865
1.46697
1.46471
1.46264
1.46078
1.4589
1.45692
1.45488
1.4528
1.45076
1.44879
1.44689
1.44502
1.44315
1.4412
1.43918
1.43719
1.43518
1.4331
1.43093
1.42865
1.42634
1.42432
1.42261
1.42098
1.41926
1.4174
1.41542
1.41337
1.41132
1.40928
1.4075
1.40598
1.40426
1.40234
1.40032
1.39833
1.39646
1.3945
1.39261
1.3906
1.38879
1.38673
1.38488
1.38269
1.38078
0.62007
0.62007
0.62007
0.62007
0.62007
0.62007
0.62007
0.62007
0.62007
0.62007
0.620072
0.62126
0.688414
1.04724
1.40061
1.46577
1.47527
1.46485
1.46235
1.46254
1.46515
1.4671
1.46725
1.46554
1.46288
1.46089
1.45918
1.45739
1.45533
1.45299
1.45061
1.44844
1.44648
1.44465
1.44294
1.44123
1.43934
1.43727
1.43515
1.43301
1.43086
1.42874
1.42662
1.42459
1.42288
1.42133
1.41974
1.41797
1.41606
1.41406
1.41206
1.41008
1.40806
1.4062
1.40463
1.40285
1.40093
1.39888
1.39702
1.39519
1.39326
1.39136
1.38933
1.38752
1.38553
1.3837
1.38158
1.37988
0.62007
0.62007
0.62007
0.62007
0.62007
0.62007
0.62007
0.62007
0.62007
0.62007
0.62007
0.620071
0.620725
0.67445
1.04502
1.37183
1.45823
1.45969
1.45913
1.45933
1.46227
1.46489
1.46469
1.4622
1.4591
1.45753
1.45649
1.45521
1.45338
1.45085
1.44812
1.44598
1.44434
1.44289
1.44144
1.4398
1.43778
1.43546
1.43315
1.43096
1.42888
1.42689
1.42499
1.42338
1.42198
1.42056
1.41897
1.41719
1.41525
1.41324
1.41128
1.40937
1.40743
1.40551
1.40375
1.40182
1.39985
1.3979
1.39619
1.39441
1.39246
1.39047
1.3884
1.38654
1.38467
1.38296
1.38107
1.37928
0.62007
0.62007
0.62007
0.62007
0.62007
0.62007
0.62007
0.62007
0.62007
0.62007
0.62007
0.62007
0.620071
0.620509
0.666799
1.02507
1.4085
1.47223
1.46898
1.46121
1.4624
1.4638
1.46242
1.45926
1.45602
1.45434
1.45361
1.45294
1.45146
1.44897
1.44599
1.44402
1.44256
1.44136
1.44015
1.43857
1.43657
1.4342
1.43186
1.4297
1.42768
1.42573
1.42411
1.42281
1.42153
1.42005
1.41833
1.41643
1.41446
1.41254
1.41072
1.40898
1.40717
1.40512
1.40307
1.40107
1.39906
1.39726
1.39555
1.39383
1.3919
1.38985
1.38772
1.3858
1.38407
1.38249
1.38067
1.3788
0.62007
0.62007
0.62007
0.62007
0.62007
0.62007
0.62007
0.62007
0.62007
0.62007
0.62007
0.62007
0.62007
0.620071
0.620407
0.66527
1.03637
1.38624
1.45672
1.45637
1.45902
1.46209
1.4604
1.45805
1.45507
1.4536
1.45283
1.45224
1.4507
1.44821
1.44508
1.44298
1.44151
1.44039
1.43943
1.43788
1.43595
1.43369
1.43133
1.42904
1.42692
1.42508
1.4236
1.42239
1.4211
1.41949
1.41763
1.41562
1.41364
1.4118
1.41006
1.40838
1.40666
1.40478
1.40275
1.40066
1.39856
1.39682
1.39517
1.39341
1.39147
1.38941
1.38723
1.38526
1.38357
1.3821
1.38043
1.37893
0.62007
0.62007
0.62007
0.62007
0.62007
0.62007
0.62007
0.62007
0.62007
0.62007
0.62007
0.62007
0.62007
0.62007
0.620071
0.620383
0.66398
1.02723
1.41469
1.46798
1.46585
1.46421
1.46233
1.45946
1.45605
1.45417
1.4534
1.45256
1.45086
1.44841
1.44522
1.44286
1.44119
1.44
1.43911
1.43758
1.43571
1.43361
1.43123
1.42874
1.4264
1.42464
1.42324
1.42207
1.42061
1.41892
1.41701
1.41493
1.41288
1.41098
1.40923
1.40757
1.40597
1.40428
1.4024
1.40041
1.39834
1.39655
1.39484
1.39307
1.3912
1.38928
1.38726
1.38538
1.38365
1.38212
1.38045
1.37898
0.62007
0.62007
0.62007
0.62007
0.62007
0.62007
0.62007
0.62007
0.62007
0.62007
0.62007
0.62007
0.62007
0.62007
0.62007
0.62007
0.620376
0.664218
1.04027
1.38518
1.45231
1.4645
1.46385
1.46009
1.45665
1.45465
1.4543
1.45361
1.452
1.44933
1.44561
1.44291
1.44132
1.44021
1.43924
1.43765
1.43573
1.43352
1.43116
1.42879
1.42668
1.42502
1.42357
1.42225
1.42065
1.41881
1.4167
1.4144
1.41225
1.4103
1.40852
1.40684
1.40523
1.40365
1.40197
1.40016
1.39826
1.39648
1.3947
1.39286
1.39097
1.38904
1.38711
1.38541
1.38378
1.38233
1.38067
1.37917
0.62007
0.62007
0.62007
0.62007
0.62007
0.62007
0.62007
0.62007
0.62007
0.62007
0.62007
0.62007
0.62007
0.62007
0.62007
0.62007
0.62007
0.620379
0.662816
1.01372
1.40307
1.47395
1.46811
1.45625
1.45385
1.45182
1.45324
1.45402
1.45264
1.44984
1.44571
1.44284
1.44131
1.4402
1.43914
1.43744
1.43547
1.43316
1.43057
1.42827
1.42657
1.42506
1.42364
1.42219
1.4205
1.41864
1.41653
1.4142
1.41198
1.40993
1.40804
1.40633
1.40468
1.40306
1.4015
1.39994
1.39828
1.39655
1.39472
1.39281
1.39079
1.38877
1.38696
1.38534
1.38383
1.38249
1.38085
1.3793
0.62007
0.62007
0.62007
0.62007
0.62007
0.62007
0.62007
0.62007
0.62007
0.62007
0.62007
0.62007
0.62007
0.62007
0.62007
0.62007
0.62007
0.62007
0.620339
0.659232
1.01188
1.41252
1.44663
1.4509
1.44946
1.44918
1.45178
1.45247
1.45165
1.44909
1.4451
1.44228
1.4408
1.43992
1.43895
1.43724
1.43512
1.43242
1.42957
1.42757
1.42602
1.42468
1.42339
1.42185
1.4201
1.41814
1.416
1.41392
1.41192
1.40994
1.40798
1.40614
1.40436
1.40258
1.40101
1.39969
1.39833
1.3967
1.3949
1.39295
1.39078
1.38857
1.38677
1.38518
1.38374
1.38254
1.38096
1.37941
0.62007
0.62007
0.62007
0.62007
0.62007
0.62007
0.62007
0.62007
0.62007
0.62007
0.62007
0.62007
0.62007
0.62007
0.62007
0.62007
0.62007
0.62007
0.62007
0.620313
0.658039
1.009
1.38161
1.46628
1.45852
1.45352
1.4545
1.45369
1.45163
1.44845
1.44463
1.44224
1.44092
1.44013
1.43948
1.43776
1.43539
1.4321
1.42901
1.427
1.42537
1.42416
1.42291
1.42121
1.4193
1.41714
1.41519
1.41338
1.41164
1.40985
1.40799
1.40608
1.40409
1.4022
1.40059
1.39921
1.39807
1.39676
1.39503
1.39315
1.39099
1.3886
1.38663
1.38503
1.3836
1.38246
1.38106
1.37954
0.62007
0.62007
0.62007
0.62007
0.62007
0.62007
0.62007
0.62007
0.62007
0.62007
0.62007
0.62007
0.62007
0.62007
0.62007
0.62007
0.62007
0.62007
0.62007
0.62007
0.620317
0.654505
0.976955
1.37927
1.45097
1.45566
1.45739
1.45596
1.4536
1.44868
1.44505
1.44251
1.44118
1.44066
1.44034
1.43855
1.43604
1.43238
1.429
1.427
1.42537
1.42419
1.42282
1.42102
1.41875
1.41629
1.41435
1.41266
1.4112
1.40968
1.4079
1.40603
1.4039
1.40182
1.40012
1.39864
1.3975
1.39649
1.39494
1.39313
1.39109
1.3887
1.38656
1.38494
1.3835
1.38237
1.38113
1.37967
0.62007
0.62007
0.62007
0.62007
0.62007
0.62007
0.62007
0.62007
0.62007
0.62007
0.62007
0.62007
0.62007
0.62007
0.62007
0.62007
0.62007
0.62007
0.62007
0.62007
0.62007
0.620264
0.648453
0.946064
1.3669
1.45417
1.4599
1.45502
1.45127
1.44814
1.44411
1.44136
1.44043
1.44029
1.44018
1.43844
1.43597
1.43243
1.42934
1.42741
1.42589
1.4248
1.42333
1.42143
1.41877
1.41592
1.4139
1.41218
1.41086
1.40956
1.40785
1.406
1.40383
1.40152
1.39969
1.39808
1.3968
1.39587
1.39452
1.39276
1.39082
1.38856
1.3864
1.38477
1.38332
1.38216
1.38108
1.37968
0.62007
0.62007
0.62007
0.62007
0.62007
0.62007
0.62007
0.62007
0.62007
0.62007
0.62007
0.62007
0.62007
0.62007
0.62007
0.62007
0.62007
0.62007
0.62007
0.62007
0.62007
0.62007
0.620214
0.642274
0.938546
1.33566
1.44474
1.4547
1.4502
1.44524
1.44187
1.43942
1.43859
1.43929
1.43939
1.43776
1.43545
1.43217
1.42949
1.42751
1.42614
1.42508
1.42359
1.42164
1.41879
1.41594
1.41397
1.41226
1.41094
1.40965
1.40796
1.4061
1.40389
1.40148
1.39952
1.39783
1.39634
1.39519
1.39397
1.39229
1.39044
1.38831
1.38619
1.3845
1.38303
1.38181
1.38081
1.37949
0.62007
0.62007
0.62007
0.62007
0.62007
0.62007
0.62007
0.62007
0.62007
0.62007
0.62007
0.62007
0.62007
0.62007
0.62007
0.62007
0.62007
0.62007
0.62007
0.62007
0.62007
0.62007
0.62007
0.620176
0.640247
0.888311
1.30651
1.45589
1.45513
1.44734
1.44156
1.44084
1.44073
1.44064
1.43944
1.4377
1.43499
1.43208
1.42976
1.42785
1.42659
1.42519
1.42349
1.42121
1.41819
1.41572
1.41401
1.41259
1.41143
1.40998
1.40819
1.40622
1.40395
1.40162
1.39969
1.39799
1.3964
1.39497
1.39367
1.39208
1.39024
1.38821
1.3861
1.38428
1.38271
1.38133
1.38027
1.37904
0.62007
0.62007
0.62007
0.62007
0.62007
0.62007
0.62007
0.62007
0.62007
0.62007
0.62007
0.62007
0.62007
0.62007
0.62007
0.62007
0.62007
0.62007
0.62007
0.62007
0.62007
0.62007
0.62007
0.62007
0.620156
0.632583
0.837641
1.29371
1.43804
1.44847
1.4462
1.4448
1.44353
1.44301
1.44102
1.4382
1.43471
1.43196
1.42986
1.42867
1.42734
1.42546
1.42332
1.42047
1.41746
1.41545
1.41391
1.41282
1.41186
1.41027
1.40838
1.40618
1.40385
1.40177
1.39999
1.39831
1.3967
1.39514
1.39366
1.39214
1.39038
1.38845
1.38641
1.38437
1.38257
1.38101
1.37973
1.37845
0.62007
0.62007
0.62007
0.62007
0.62007
0.62007
0.62007
0.62007
0.62007
0.62007
0.62007
0.62007
0.62007
0.62007
0.62007
0.62007
0.62007
0.62007
0.62007
0.62007
0.62007
0.62007
0.62007
0.62007
0.62007
0.620106
0.627931
0.813027
1.25719
1.42006
1.44329
1.44754
1.44525
1.44352
1.44069
1.43606
1.43243
1.43024
1.42914
1.42874
1.4277
1.42569
1.42316
1.42001
1.41713
1.41532
1.41389
1.41296
1.41202
1.41035
1.40831
1.40597
1.40379
1.40199
1.40031
1.39863
1.39692
1.39522
1.3936
1.39208
1.39052
1.38875
1.38689
1.38494
1.3829
1.38104
1.37957
1.37802
0.62007
0.62007
0.62007
0.62007
0.62007
0.62007
0.62007
0.62007
0.62007
0.62007
0.62007
0.62007
0.62007
0.62007
0.62007
0.62007
0.62007
0.62007
0.62007
0.62007
0.62007
0.62007
0.62007
0.62007
0.62007
0.62007
0.620091
0.625755
0.77805
1.18213
1.42861
1.441
1.44325
1.44216
1.43779
1.433
1.43007
1.42848
1.42803
1.42801
1.4274
1.42537
1.42274
1.41992
1.41733
1.41552
1.41401
1.41284
1.41177
1.41011
1.40806
1.40595
1.40411
1.40241
1.40073
1.39901
1.39714
1.39519
1.39337
1.39171
1.39021
1.38872
1.38706
1.38533
1.38346
1.38143
1.37971
1.378
0.62007
0.62007
0.62007
0.62007
0.62007
0.62007
0.62007
0.62007
0.62007
0.62007
0.62007
0.62007
0.62007
0.62007
0.62007
0.62007
0.62007
0.62007
0.62007
0.62007
0.62007
0.62007
0.62007
0.62007
0.62007
0.62007
0.62007
0.620083
0.623308
0.727079
1.12586
1.40326
1.44676
1.44585
1.4395
1.43461
1.4311
1.4294
1.42843
1.42774
1.4269
1.42463
1.42239
1.42034
1.41826
1.41629
1.41445
1.41281
1.41126
1.40956
1.40776
1.40601
1.40439
1.40283
1.40116
1.3994
1.39744
1.39527
1.39324
1.39144
1.38981
1.38838
1.38689
1.38528
1.38363
1.38181
1.37999
1.37824
0.62007
0.62007
0.62007
0.62007
0.62007
0.62007
0.62007
0.62007
0.62007
0.62007
0.62007
0.62007
0.62007
0.62007
0.62007
0.62007
0.62007
0.62007
0.62007
0.62007
0.62007
0.62007
0.62007
0.62007
0.62007
0.62007
0.62007
0.62007
0.620075
0.621601
0.693796
1.07374
1.36289
1.44205
1.44073
1.43711
1.43316
1.43139
1.43012
1.42859
1.42632
1.42411
1.42225
1.42071
1.4192
1.41738
1.41518
1.41298
1.41087
1.40888
1.40705
1.40538
1.4039
1.40249
1.401
1.39938
1.39759
1.39559
1.39351
1.39153
1.38972
1.38808
1.38659
1.38507
1.38351
1.38189
1.38018
1.37846
0.62007
0.62007
0.62007
0.62007
0.62007
0.62007
0.62007
0.62007
0.62007
0.62007
0.62007
0.62007
0.62007
0.62007
0.62007
0.62007
0.62007
0.62007
0.62007
0.62007
0.62007
0.62007
0.62007
0.62007
0.62007
0.62007
0.62007
0.62007
0.62007
0.620072
0.620824
0.674162
0.964752
1.35821
1.42648
1.43374
1.43236
1.43183
1.43013
1.4282
1.42569
1.42323
1.42161
1.42042
1.41948
1.41801
1.416
1.4136
1.41098
1.40845
1.40634
1.40453
1.40305
1.40167
1.40026
1.39881
1.39731
1.39569
1.39383
1.39189
1.38995
1.38808
1.38638
1.38474
1.38319
1.38171
1.38015
1.37851
0.62007
0.62007
0.62007
0.62007
0.62007
0.62007
0.62007
0.62007
0.62007
0.62007
0.62007
0.62007
0.62007
0.62007
0.62007
0.62007
0.62007
0.62007
0.62007
0.62007
0.62007
0.62007
0.62007
0.62007
0.62007
0.62007
0.62007
0.62007
0.62007
0.62007
0.620071
0.620491
0.645728
0.900846
1.27897
1.43489
1.44251
1.43684
1.43122
1.42878
1.42533
1.42213
1.42039
1.41941
1.41867
1.41774
1.41615
1.41398
1.41152
1.40898
1.40659
1.40455
1.40282
1.4012
1.39964
1.39811
1.39668
1.39532
1.39377
1.39202
1.39017
1.38821
1.38631
1.38461
1.38302
1.38158
1.38013
1.37854
0.62007
0.62007
0.62007
0.62007
0.62007
0.62007
0.62007
0.62007
0.62007
0.62007
0.62007
0.62007
0.62007
0.62007
0.62007
0.62007
0.62007
0.62007
0.62007
0.62007
0.62007
0.62007
0.62007
0.62007
0.62007
0.62007
0.62007
0.62007
0.62007
0.62007
0.62007
0.620071
0.620195
0.633561
0.81743
1.22158
1.40096
1.42506
1.42712
1.42802
1.42562
1.42279
1.42025
1.41913
1.41809
1.41725
1.41593
1.41375
1.41134
1.40912
1.40714
1.40533
1.40354
1.40167
1.39973
1.39786
1.39614
1.39466
1.39329
1.39168
1.38995
1.38809
1.3862
1.38452
1.38297
1.38154
1.38019
1.37865
0.62007
0.62007
0.62007
0.62007
0.62007
0.62007
0.62007
0.62007
0.62007
0.62007
0.62007
0.62007
0.62007
0.62007
0.62007
0.62007
0.62007
0.62007
0.62007
0.62007
0.62007
0.62007
0.62007
0.62007
0.62007
0.62007
0.62007
0.62007
0.62007
0.62007
0.62007
0.62007
0.62007
0.620114
0.626124
0.742611
1.12853
1.37165
1.43746
1.43459
1.42919
1.42496
1.42126
1.4198
1.41829
1.41682
1.4148
1.41237
1.41006
1.40826
1.40693
1.40573
1.40425
1.40247
1.40043
1.39825
1.3962
1.39439
1.39283
1.39126
1.38956
1.38775
1.38596
1.38435
1.38285
1.3815
1.38023
1.37872
0.62007
0.62007
0.62007
0.62007
0.62007
0.62007
0.62007
0.62007
0.62007
0.62007
0.62007
0.62007
0.62007
0.62007
0.62007
0.62007
0.62007
0.62007
0.62007
0.62007
0.62007
0.62007
0.62007
0.62007
0.62007
0.62007
0.62007
0.62007
0.62007
0.62007
0.62007
0.62007
0.62007
0.62007
0.620082
0.622018
0.696761
1.00647
1.35725
1.41854
1.42462
1.42486
1.42341
1.41978
1.41831
1.4163
1.4138
1.41112
1.40895
1.40753
1.40636
1.40541
1.40417
1.40243
1.40046
1.39832
1.39623
1.3944
1.39273
1.39109
1.3894
1.3876
1.38584
1.38424
1.38275
1.38142
1.3802
1.3787
0.62007
0.62007
0.62007
0.62007
0.62007
0.62007
0.62007
0.62007
0.62007
0.62007
0.62007
0.62007
0.62007
0.62007
0.62007
0.62007
0.62007
0.62007
0.62007
0.62007
0.62007
0.62007
0.62007
0.62007
0.62007
0.62007
0.62007
0.62007
0.62007
0.62007
0.62007
0.62007
0.62007
0.62007
0.62007
0.620073
0.620858
0.655731
0.912499
1.26508
1.41926
1.43307
1.42857
1.41991
1.41863
1.41694
1.41479
1.41182
1.40923
1.4075
1.40597
1.40477
1.40361
1.4019
1.39989
1.39776
1.39588
1.39423
1.39269
1.39112
1.38945
1.38768
1.38586
1.3842
1.38264
1.38125
1.37999
1.37855
0.62007
0.62007
0.62007
0.62007
0.62007
0.62007
0.62007
0.62007
0.62007
0.62007
0.62007
0.62007
0.62007
0.62007
0.62007
0.62007
0.62007
0.62007
0.62007
0.62007
0.62007
0.62007
0.62007
0.62007
0.62007
0.62007
0.62007
0.62007
0.62007
0.62007
0.62007
0.62007
0.62007
0.62007
0.62007
0.62007
0.620071
0.620281
0.63505
0.805829
1.18233
1.38585
1.41105
1.41316
1.41635
1.41756
1.41538
1.41244
1.41024
1.40843
1.40677
1.40505
1.40347
1.40167
1.39944
1.39722
1.39539
1.39379
1.39244
1.39109
1.38952
1.38781
1.38595
1.38418
1.38255
1.38107
1.37974
1.37838
0.62007
0.62007
0.62007
0.62007
0.62007
0.62007
0.62007
0.62007
0.62007
0.62007
0.62007
0.62007
0.62007
0.62007
0.62007
0.62007
0.62007
0.62007
0.62007
0.62007
0.62007
0.62007
0.62007
0.62007
0.62007
0.62007
0.62007
0.62007
0.62007
0.62007
0.62007
0.62007
0.62007
0.62007
0.62007
0.62007
0.62007
0.62007
0.62012
0.625321
0.718702
1.05995
1.32992
1.42275
1.42417
1.42091
1.41391
1.41078
1.40879
1.40768
1.40639
1.40498
1.40353
1.40186
1.39972
1.39737
1.39536
1.39368
1.39226
1.39093
1.38941
1.38767
1.38577
1.38397
1.38235
1.38088
1.37954
1.37828
0.62007
0.62007
0.62007
0.62007
0.62007
0.62007
0.62007
0.62007
0.62007
0.62007
0.62007
0.62007
0.62007
0.62007
0.62007
0.62007
0.62007
0.62007
0.62007
0.62007
0.62007
0.62007
0.62007
0.62007
0.62007
0.62007
0.62007
0.62007
0.62007
0.62007
0.62007
0.62007
0.62007
0.62007
0.62007
0.62007
0.62007
0.62007
0.62007
0.62008
0.621327
0.67005
0.910359
1.29021
1.39747
1.40992
1.40856
1.40733
1.40673
1.40691
1.40585
1.40449
1.40296
1.40157
1.39991
1.39791
1.39582
1.39398
1.39236
1.39085
1.38927
1.38752
1.38559
1.38382
1.38225
1.3808
1.37946
1.37822
0.62007
0.62007
0.62007
0.62007
0.62007
0.62007
0.62007
0.62007
0.62007
0.62007
0.62007
0.62007
0.62007
0.62007
0.62007
0.62007
0.62007
0.62007
0.62007
0.62007
0.62007
0.62007
0.62007
0.62007
0.62007
0.62007
0.62007
0.62007
0.62007
0.62007
0.62007
0.62007
0.62007
0.62007
0.62007
0.62007
0.62007
0.62007
0.62007
0.62007
0.620071
0.620453
0.636301
0.807706
1.15989
1.37075
1.42215
1.41844
1.41345
1.40901
1.40639
1.40411
1.40213
1.40066
1.39949
1.398
1.39614
1.39415
1.39238
1.39077
1.38917
1.38742
1.38552
1.38376
1.38221
1.38075
1.3794
1.3781
0.62007
0.62007
0.62007
0.62007
0.62007
0.62007
0.62007
0.62007
0.62007
0.62007
0.62007
0.62007
0.62007
0.62007
0.62007
0.62007
0.62007
0.62007
0.62007
0.62007
0.62007
0.62007
0.62007
0.62007
0.62007
0.62007
0.62007
0.62007
0.62007
0.62007
0.62007
0.62007
0.62007
0.62007
0.62007
0.62007
0.62007
0.62007
0.62007
0.62007
0.62007
0.62007
0.620129
0.624985
0.717534
1.00617
1.32954
1.39503
1.40675
1.40668
1.40589
1.4041
1.40226
1.40066
1.39942
1.39826
1.39644
1.39429
1.3921
1.39032
1.38872
1.38711
1.38544
1.38379
1.38224
1.38076
1.37932
1.37785
0.62007
0.62007
0.62007
0.62007
0.62007
0.62007
0.62007
0.62007
0.62007
0.62007
0.62007
0.62007
0.62007
0.62007
0.62007
0.62007
0.62007
0.62007
0.62007
0.62007
0.62007
0.62007
0.62007
0.62007
0.62007
0.62007
0.62007
0.62007
0.62007
0.62007
0.62007
0.62007
0.62007
0.62007
0.62007
0.62007
0.62007
0.62007
0.62007
0.62007
0.62007
0.62007
0.62007
0.620079
0.621338
0.654391
0.873854
1.2065
1.38498
1.41518
1.41138
1.4063
1.40304
1.40083
1.39909
1.39785
1.39642
1.39446
1.39204
1.38997
1.38839
1.38696
1.3855
1.38395
1.38231
1.38067
1.37906
1.3774
0.62007
0.62007
0.62007
0.62007
0.62007
0.62007
0.62007
0.62007
0.62007
0.62007
0.62007
0.62007
0.62007
0.62007
0.62007
0.62007
0.62007
0.62007
0.62007
0.62007
0.62007
0.62007
0.62007
0.62007
0.62007
0.62007
0.62007
0.62007
0.62007
0.62007
0.62007
0.62007
0.62007
0.62007
0.62007
0.62007
0.62007
0.62007
0.62007
0.62007
0.62007
0.62007
0.62007
0.62007
0.620071
0.62027
0.630331
0.748877
1.06074
1.33766
1.39039
1.39949
1.40263
1.40057
1.39877
1.39769
1.3965
1.39473
1.39248
1.39002
1.3882
1.38669
1.38529
1.38385
1.38219
1.38039
1.37864
1.3769
0.62007
0.62007
0.62007
0.62007
0.62007
0.62007
0.62007
0.62007
0.62007
0.62007
0.62007
0.62007
0.62007
0.62007
0.62007
0.62007
0.62007
0.62007
0.62007
0.62007
0.62007
0.62007
0.62007
0.62007
0.62007
0.62007
0.62007
0.62007
0.62007
0.62007
0.62007
0.62007
0.62007
0.62007
0.62007
0.62007
0.62007
0.62007
0.62007
0.62007
0.62007
0.62007
0.62007
0.62007
0.62007
0.62007
0.620097
0.622321
0.668914
0.911468
1.21941
1.38435
1.40683
1.40175
1.39865
1.39751
1.39561
1.3937
1.39208
1.39002
1.38802
1.38643
1.38499
1.38362
1.38201
1.38021
1.37836
1.37658
0.62007
0.62007
0.62007
0.62007
0.62007
0.62007
0.62007
0.62007
0.62007
0.62007
0.62007
0.62007
0.62007
0.62007
0.62007
0.62007
0.62007
0.62007
0.62007
0.62007
0.62007
0.62007
0.62007
0.62007
0.62007
0.62007
0.62007
0.62007
0.62007
0.62007
0.62007
0.62007
0.62007
0.62007
0.62007
0.62007
0.62007
0.62007
0.62007
0.62007
0.62007
0.62007
0.62007
0.62007
0.62007
0.62007
0.62007
0.620073
0.620441
0.635197
0.76253
1.08458
1.32153
1.38638
1.40337
1.40078
1.39552
1.39266
1.39153
1.39004
1.38824
1.38647
1.38468
1.38314
1.38181
1.38027
1.37858
1.37675
0.62007
0.62007
0.62007
0.62007
0.62007
0.62007
0.62007
0.62007
0.62007
0.62007
0.62007
0.62007
0.62007
0.62007
0.62007
0.62007
0.62007
0.62007
0.62007
0.62007
0.62007
0.62007
0.62007
0.62007
0.62007
0.62007
0.62007
0.62007
0.62007
0.62007
0.62007
0.62007
0.62007
0.62007
0.62007
0.62007
0.62007
0.62007
0.62007
0.62007
0.62007
0.62007
0.62007
0.62007
0.62007
0.62007
0.62007
0.62007
0.62007
0.62012
0.622936
0.676399
0.912598
1.20771
1.381
1.39682
1.39064
1.3904
1.39128
1.39072
1.38925
1.38705
1.38452
1.38283
1.38164
1.38073
1.37931
1.37758
0.62007
0.62007
0.62007
0.62007
0.62007
0.62007
0.62007
0.62007
0.62007
0.62007
0.62007
0.62007
0.62007
0.62007
0.62007
0.62007
0.62007
0.62007
0.62007
0.62007
0.62007
0.62007
0.62007
0.62007
0.62007
0.62007
0.62007
0.62007
0.62007
0.62007
0.62007
0.62007
0.62007
0.62007
0.62007
0.62007
0.62007
0.62007
0.62007
0.62007
0.62007
0.62007
0.62007
0.62007
0.62007
0.62007
0.62007
0.62007
0.62007
0.62007
0.620074
0.620535
0.636049
0.753648
1.06765
1.29574
1.38441
1.39914
1.3974
1.39328
1.39048
1.38679
1.38349
1.38183
1.38083
1.38048
1.37975
1.37804
0.62007
0.62007
0.62007
0.62007
0.62007
0.62007
0.62007
0.62007
0.62007
0.62007
0.62007
0.62007
0.62007
0.62007
0.62007
0.62007
0.62007
0.62007
0.62007
0.62007
0.62007
0.62007
0.62007
0.62007
0.62007
0.62007
0.62007
0.62007
0.62007
0.62007
0.62007
0.62007
0.62007
0.62007
0.62007
0.62007
0.62007
0.62007
0.62007
0.62007
0.62007
0.62007
0.62007
0.62007
0.62007
0.62007
0.62007
0.62007
0.62007
0.62007
0.62007
0.620071
0.620122
0.62258
0.670355
0.874647
1.18559
1.35254
1.37873
1.38346
1.3862
1.38488
1.38277
1.38109
1.38011
1.38005
1.37994
1.37811
0.62007
0.62007
0.62007
0.62007
0.62007
0.62007
0.62007
0.62007
0.62007
0.62007
0.62007
0.62007
0.62007
0.62007
0.62007
0.62007
0.62007
0.62007
0.62007
0.62007
0.62007
0.62007
0.62007
0.62007
0.62007
0.62007
0.62007
0.62007
0.62007
0.62007
0.62007
0.62007
0.62007
0.62007
0.62007
0.62007
0.62007
0.62007
0.62007
0.62007
0.62007
0.62007
0.62007
0.62007
0.62007
0.62007
0.62007
0.62007
0.62007
0.62007
0.62007
0.62007
0.62007
0.620073
0.620444
0.631549
0.72814
1.01178
1.25446
1.37352
1.3954
1.39377
1.3877
1.38402
1.38133
1.38
1.37931
1.37763
0.62007
0.62007
0.62007
0.62007
0.62007
0.62007
0.62007
0.62007
0.62007
0.62007
0.62007
0.62007
0.62007
0.62007
0.62007
0.62007
0.62007
0.62007
0.62007
0.62007
0.62007
0.62007
0.62007
0.62007
0.62007
0.62007
0.62007
0.62007
0.62007
0.62007
0.62007
0.62007
0.62007
0.62007
0.62007
0.62007
0.62007
0.62007
0.62007
0.62007
0.62007
0.62007
0.62007
0.62007
0.62007
0.62007
0.62007
0.62007
0.62007
0.62007
0.62007
0.62007
0.62007
0.62007
0.62007
0.620101
0.621657
0.655108
0.815675
1.12037
1.3124
1.37197
1.38435
1.38277
1.37956
1.37783
1.37824
1.37722
0.62007
0.62007
0.62007
0.62007
0.62007
0.62007
0.62007
0.62007
0.62007
0.62007
0.62007
0.62007
0.62007
0.62007
0.62007
0.62007
0.62007
0.62007
0.62007
0.62007
0.62007
0.62007
0.62007
0.62007
0.62007
0.62007
0.62007
0.62007
0.62007
0.62007
0.62007
0.62007
0.62007
0.62007
0.62007
0.62007
0.62007
0.62007
0.62007
0.62007
0.62007
0.62007
0.62007
0.62007
0.62007
0.62007
0.62007
0.62007
0.62007
0.62007
0.62007
0.62007
0.62007
0.62007
0.62007
0.62007
0.620072
0.620267
0.62607
0.692176
0.918111
1.19379
1.36476
1.37327
1.37233
1.37406
1.37792
1.37836
0.62007
0.62007
0.62007
0.62007
0.62007
0.62007
0.62007
0.62007
0.62007
0.62007
0.62007
0.62007
0.62007
0.62007
0.62007
0.62007
0.62007
0.62007
0.62007
0.62007
0.62007
0.62007
0.62007
0.62007
0.62007
0.62007
0.62007
0.62007
0.62007
0.62007
0.62007
0.62007
0.62007
0.62007
0.62007
0.62007
0.62007
0.62007
0.62007
0.62007
0.62007
0.62007
0.62007
0.62007
0.62007
0.62007
0.62007
0.62007
0.62007
0.62007
0.62007
0.62007
0.62007
0.62007
0.62007
0.62007
0.62007
0.62007
0.620081
0.620774
0.637743
0.745294
1.01895
1.2527
1.35199
1.3843
1.38554
1.38278
0.62007
0.62007
0.62007
0.62007
0.62007
0.62007
0.62007
0.62007
0.62007
0.62007
0.62007
0.62007
0.62007
0.62007
0.62007
0.62007
0.62007
0.62007
0.62007
0.62007
0.62007
0.62007
0.62007
0.62007
0.62007
0.62007
0.62007
0.62007
0.62007
0.62007
0.62007
0.62007
0.62007
0.62007
0.62007
0.62007
0.62007
0.62007
0.62007
0.62007
0.62007
0.62007
0.62007
0.62007
0.62007
0.62007
0.62007
0.62007
0.62007
0.62007
0.62007
0.62007
0.62007
0.62007
0.62007
0.62007
0.62007
0.62007
0.62007
0.620071
0.620131
0.622292
0.655999
0.813263
1.08658
1.30925
1.35343
1.36564
0.62007
0.62007
0.62007
0.62007
0.62007
0.62007
0.62007
0.62007
0.62007
0.62007
0.62007
0.62007
0.62007
0.62007
0.62007
0.62007
0.62007
0.62007
0.62007
0.62007
0.62007
0.62007
0.62007
0.62007
0.62007
0.62007
0.62007
0.62007
0.62007
0.62007
0.62007
0.62007
0.62007
0.62007
0.62007
0.62007
0.62007
0.62007
0.62007
0.62007
0.62007
0.62007
0.62007
0.62007
0.62007
0.62007
0.62007
0.62007
0.62007
0.62007
0.62007
0.62007
0.62007
0.62007
0.62007
0.62007
0.62007
0.62007
0.62007
0.62007
0.62007
0.620073
0.62028
0.625905
0.682423
0.884217
1.14064
1.33044
0.62007
0.62007
0.62007
0.62007
0.62007
0.62007
0.62007
0.62007
0.62007
0.62007
0.62007
0.62007
0.62007
0.62007
0.62007
0.62007
0.62007
0.62007
0.62007
0.62007
0.62007
0.62007
0.62007
0.62007
0.62007
0.62007
0.62007
0.62007
0.62007
0.62007
0.62007
0.62007
0.62007
0.62007
0.62007
0.62007
0.62007
0.62007
0.62007
0.62007
0.62007
0.62007
0.62007
0.62007
0.62007
0.62007
0.62007
0.62007
0.62007
0.62007
0.62007
0.62007
0.62007
0.62007
0.62007
0.62007
0.62007
0.62007
0.62007
0.62007
0.62007
0.62007
0.62007
0.620081
0.620653
0.631834
0.716514
0.924358
0.62007
0.62007
0.62007
0.62007
0.62007
0.62007
0.62007
0.62007
0.62007
0.62007
0.62007
0.62007
0.62007
0.62007
0.62007
0.62007
0.62007
0.62007
0.62007
0.62007
0.62007
0.62007
0.62007
0.62007
0.62007
0.62007
0.62007
0.62007
0.62007
0.62007
0.62007
0.62007
0.62007
0.62007
0.62007
0.62007
0.62007
0.62007
0.62007
0.62007
0.62007
0.62007
0.62007
0.62007
0.62007
0.62007
0.62007
0.62007
0.62007
0.62007
0.62007
0.62007
0.62007
0.62007
0.62007
0.62007
0.62007
0.62007
0.62007
0.62007
0.62007
0.62007
0.62007
0.62007
0.620071
0.6201
0.622752
0.619814
0.62007
0.62007
0.62007
0.62007
0.62007
0.62007
0.62007
0.62007
0.62007
0.62007
0.62007
0.62007
0.62007
0.62007
0.62007
0.62007
0.62007
0.62007
0.62007
0.62007
0.62007
0.62007
0.62007
0.62007
0.62007
0.62007
0.62007
0.62007
0.62007
0.62007
0.62007
0.62007
0.62007
0.62007
0.62007
0.62007
0.62007
0.62007
0.62007
0.62007
0.62007
0.62007
0.62007
0.62007
0.62007
0.62007
0.62007
0.62007
0.62007
0.62007
0.62007
0.62007
0.62007
0.62007
0.62007
0.62007
0.62007
0.62007
0.62007
0.62007
0.62007
0.62007
0.62007
0.62007
0.62007
0.62007
0.62008
0.619792
0.62007
0.62007
0.62007
0.62007
0.62007
0.62007
0.62007
0.62007
0.62007
0.62007
0.62007
0.62007
0.62007
0.62007
0.62007
0.62007
0.62007
0.62007
0.62007
0.62007
0.62007
0.62007
0.62007
0.62007
0.62007
0.62007
0.62007
0.62007
0.62007
0.62007
0.62007
0.62007
0.62007
0.62007
0.62007
0.62007
0.62007
0.62007
0.62007
0.62007
0.62007
0.62007
0.62007
0.62007
0.62007
0.62007
0.62007
0.62007
0.62007
0.62007
0.62007
0.62007
0.62007
0.62007
0.62007
0.62007
0.62007
0.62007
0.62007
0.62007
0.62007
0.62007
0.62007
0.62007
0.62007
0.62007
0.62007
0.620044
0.62007
0.62007
0.62007
0.62007
0.62007
0.62007
0.62007
0.62007
0.62007
0.62007
0.62007
0.62007
0.62007
0.62007
0.62007
0.62007
0.62007
0.62007
0.62007
0.62007
0.62007
0.62007
0.62007
0.62007
0.62007
0.62007
0.62007
0.62007
0.62007
0.62007
0.62007
0.62007
0.62007
0.62007
0.62007
0.62007
0.62007
0.62007
0.62007
0.62007
0.62007
0.62007
0.62007
0.62007
0.62007
0.62007
0.62007
0.62007
0.62007
0.62007
0.62007
0.62007
0.62007
0.62007
0.62007
0.62007
0.62007
0.62007
0.62007
0.62007
0.62007
0.62007
0.62007
0.62007
0.62007
0.62007
0.62007
0.62007
0.62007
0.62007
0.62007
0.62007
0.62007
0.62007
0.62007
0.62007
0.62007
0.62007
0.62007
0.62007
0.62007
0.62007
0.62007
0.62007
0.62007
0.62007
0.62007
0.62007
0.62007
0.62007
0.62007
0.62007
0.62007
0.62007
0.62007
0.62007
0.62007
0.62007
0.62007
0.62007
0.62007
0.62007
0.62007
0.62007
0.62007
0.62007
0.62007
0.62007
0.62007
0.62007
0.62007
0.62007
0.62007
0.62007
0.62007
0.62007
0.62007
0.62007
0.62007
0.62007
0.62007
0.62007
0.62007
0.62007
0.62007
0.62007
0.62007
0.62007
0.62007
0.62007
0.62007
0.62007
0.62007
0.62007
0.62007
0.62007
0.62007
0.62007
0.62007
0.62007
0.62007
0.62007
0.62007
0.62007
0.62007
0.62007
0.62007
0.62007
0.62007
0.62007
0.62007
0.62007
0.62007
0.62007
0.62007
0.62007
0.62007
0.62007
0.62007
0.62007
0.62007
0.62007
0.62007
0.62007
0.62007
0.62007
0.62007
0.62007
0.62007
0.62007
0.62007
0.62007
0.62007
0.62007
0.62007
0.62007
0.62007
0.62007
0.62007
0.62007
0.62007
0.62007
0.62007
0.62007
0.62007
0.62007
0.62007
0.62007
0.62007
0.62007
0.62007
0.62007
0.62007
0.62007
0.62007
0.62007
0.62007
0.62007
0.62007
0.62007
0.62007
0.62007
0.62007
0.62007
0.62007
0.62007
0.62007
0.62007
0.62007
0.62007
0.62007
0.62007
0.62007
0.62007
0.62007
0.62007
0.62007
0.62007
0.62007
0.62007
0.62007
0.62007
0.62007
0.62007
0.62007
0.62007
0.62007
0.62007
0.62007
0.62007
0.62007
0.62007
0.62007
0.62007
0.62007
0.62007
0.62007
0.62007
0.62007
0.62007
0.62007
0.62007
0.62007
0.62007
0.62007
0.62007
0.62007
0.62007
0.62007
0.62007
0.62007
0.62007
0.62007
0.62007
0.62007
0.62007
0.62007
0.62007
0.62007
0.62007
0.62007
0.62007
0.62007
0.62007
0.62007
0.62007
0.62007
0.62007
0.62007
0.62007
0.62007
0.62007
0.62007
0.62007
0.62007
0.62007
0.62007
0.62007
0.62007
0.62007
0.62007
0.62007
0.62007
0.62007
0.62007
0.62007
0.62007
0.62007
0.62007
0.62007
0.62007
0.62007
0.62007
0.62007
0.62007
0.62007
0.62007
0.62007
0.62007
0.62007
0.62007
0.62007
0.62007
0.62007
0.62007
0.62007
0.62007
0.62007
0.62007
0.62007
0.62007
0.62007
0.62007
0.62007
0.62007
0.62007
0.62007
0.62007
0.62007
0.62007
0.62007
0.62007
0.62007
0.62007
0.62007
0.62007
0.62007
0.62007
0.62007
0.62007
0.62007
0.62007
0.62007
0.62007
0.62007
0.62007
0.62007
0.62007
0.62007
0.62007
0.62007
0.62007
0.62007
0.62007
0.62007
0.62007
0.62007
0.62007
0.62007
0.62007
0.62007
0.62007
0.62007
0.62007
0.62007
0.62007
0.62007
0.62007
0.62007
0.62007
0.62007
0.62007
0.62007
0.62007
0.62007
0.62007
0.62007
0.62007
0.62007
0.62007
0.62007
0.62007
0.62007
0.62007
0.62007
0.62007
0.62007
0.62007
0.62007
0.62007
0.62007
0.62007
0.62007
0.62007
0.62007
0.62007
0.62007
0.62007
0.62007
0.62007
0.62007
0.62007
0.62007
0.62007
0.62007
0.62007
0.62007
0.62007
0.62007
0.62007
0.62007
0.62007
0.62007
0.62007
0.62007
0.62007
0.62007
0.62007
0.62007
0.62007
0.62007
0.62007
0.62007
0.62007
0.62007
0.62007
0.62007
0.62007
0.62007
0.62007
0.62007
0.62007
0.62007
0.62007
0.62007
0.62007
0.62007
0.62007
0.62007
0.62007
0.62007
0.62007
0.62007
0.62007
0.62007
0.62007
0.62007
0.62007
0.62007
0.62007
0.62007
0.62007
0.62007
0.62007
0.62007
0.62007
0.62007
0.62007
0.62007
0.62007
0.62007
0.62007
0.62007
0.62007
0.62007
0.62007
0.62007
0.62007
0.62007
0.62007
0.62007
0.62007
0.62007
0.62007
0.62007
0.62007
0.62007
0.62007
0.62007
0.62007
0.62007
0.62007
0.62007
0.62007
0.62007
0.62007
0.62007
0.62007
0.62007
0.62007
0.62007
0.62007
0.62007
0.62007
0.62007
0.62007
0.62007
0.62007
0.62007
0.62007
0.62007
0.62007
0.62007
0.62007
0.62007
0.62007
0.62007
0.62007
0.62007
0.62007
0.62007
0.62007
0.62007
0.62007
0.62007
0.62007
0.62007
0.62007
0.62007
0.62007
0.62007
0.62007
0.62007
0.62007
0.62007
0.62007
0.62007
0.62007
0.62007
0.62007
0.62007
0.62007
0.62007
0.62007
0.62007
0.62007
0.62007
0.62007
0.62007
0.62007
0.62007
0.62007
0.62007
0.62007
0.62007
0.62007
0.62007
0.62007
0.62007
0.62007
0.62007
0.62007
0.62007
0.62007
0.62007
0.62007
0.62007
0.62007
0.62007
0.62007
0.62007
0.62007
0.62007
0.62007
0.62007
0.62007
0.62007
0.62007
0.62007
0.62007
0.62007
0.62007
0.62007
0.62007
0.62007
0.62007
0.62007
0.62007
0.62007
0.62007
0.62007
0.62007
0.62007
0.62007
0.62007
0.62007
0.62007
0.62007
0.62007
0.62007
0.62007
0.62007
0.62007
0.62007
0.62007
0.62007
0.62007
0.62007
0.62007
0.62007
0.62007
0.62007
0.62007
0.62007
0.62007
0.62007
0.62007
0.62007
0.62007
0.62007
0.62007
0.62007
0.62007
0.62007
0.62007
0.62007
0.62007
0.62007
0.62007
0.62007
0.62007
0.62007
0.62007
0.62007
0.62007
0.62007
0.62007
0.62007
0.62007
0.62007
0.62007
0.62007
0.62007
0.62007
0.62007
0.62007
0.62007
0.62007
0.62007
0.62007
0.62007
0.62007
0.62007
0.62007
0.62007
0.62007
0.62007
0.62007
0.62007
0.62007
0.62007
0.62007
0.62007
0.62007
0.62007
0.62007
0.62007
0.62007
0.62007
0.62007
0.62007
0.62007
0.62007
0.62007
0.62007
0.62007
0.62007
0.62007
0.62007
0.62007
0.62007
0.62007
0.62007
0.62007
0.62007
0.62007
0.62007
0.62007
0.62007
0.62007
0.62007
0.62007
0.62007
0.62007
0.62007
0.62007
0.62007
0.62007
0.62007
0.62007
0.62007
0.62007
0.62007
0.62007
0.62007
0.62007
0.62007
0.62007
0.62007
0.62007
0.62007
0.62007
0.62007
0.62007
0.62007
0.62007
0.62007
0.62007
0.62007
0.62007
0.62007
0.62007
0.62007
0.62007
0.62007
0.62007
0.62007
0.62007
0.62007
0.62007
0.62007
0.62007
0.62007
0.62007
0.62007
0.62007
0.62007
0.62007
0.62007
0.62007
0.62007
0.62007
0.62007
0.62007
0.62007
0.62007
0.62007
0.62007
0.62007
0.62007
0.62007
0.62007
0.62007
0.62007
0.62007
0.62007
0.62007
0.62007
0.62007
0.62007
0.62007
0.62007
0.62007
0.62007
0.62007
0.62007
0.62007
0.62007
0.62007
0.62007
0.62007
0.62007
0.62007
0.62007
0.62007
0.62007
0.62007
0.62007
0.62007
0.62007
0.62007
0.62007
0.62007
0.62007
0.62007
0.62007
0.62007
0.62007
0.62007
0.62007
0.62007
0.62007
0.62007
0.62007
0.62007
0.62007
0.62007
0.62007
0.62007
0.62007
0.62007
0.62007
0.62007
0.62007
0.62007
0.62007
0.62007
0.62007
0.62007
0.62007
0.62007
0.62007
0.62007
0.62007
0.62007
0.62007
0.62007
0.62007
0.62007
0.62007
0.62007
0.62007
0.62007
0.62007
0.62007
0.62007
0.62007
0.62007
0.62007
0.62007
0.62007
0.62007
0.62007
0.62007
0.62007
0.62007
0.62007
0.62007
0.62007
0.62007
0.62007
0.62007
0.62007
0.62007
0.62007
0.62007
0.62007
0.62007
0.62007
0.62007
0.62007
0.62007
0.62007
0.62007
0.62007
0.62007
0.62007
0.62007
0.62007
0.62007
0.62007
0.62007
0.62007
0.62007
0.62007
0.62007
0.62007
0.62007
0.62007
0.62007
0.62007
0.62007
0.62007
0.62007
0.62007
0.62007
0.62007
0.62007
0.62007
0.62007
0.62007
0.62007
0.62007
0.62007
0.62007
0.62007
0.62007
0.62007
0.62007
0.62007
0.62007
0.62007
0.62007
0.62007
0.62007
0.62007
0.62007
0.62007
0.62007
0.62007
0.62007
0.62007
0.62007
0.62007
0.62007
0.62007
0.62007
0.62007
0.62007
0.62007
0.62007
0.62007
0.62007
0.62007
0.62007
0.62007
0.62007
0.62007
0.62007
0.62007
0.62007
0.62007
0.62007
0.62007
0.62007
0.62007
0.62007
0.62007
0.62007
0.62007
0.62007
0.62007
0.62007
0.62007
0.62007
0.62007
0.62007
0.62007
0.62007
0.62007
0.62007
0.62007
0.62007
0.62007
0.62007
0.62007
0.62007
0.62007
0.62007
0.62007
0.62007
0.62007
0.62007
0.62007
0.62007
0.62007
0.62007
0.62007
0.62007
0.62007
0.62007
0.62007
0.62007
0.62007
0.62007
0.62007
0.62007
0.62007
0.62007
0.62007
0.62007
0.62007
0.62007
0.62007
0.62007
0.62007
0.62007
0.62007
0.62007
0.62007
0.62007
0.62007
0.62007
0.62007
0.62007
0.62007
0.62007
0.62007
0.62007
0.62007
0.62007
0.62007
0.62007
0.62007
0.62007
0.62007
0.62007
0.62007
0.62007
0.62007
0.62007
0.62007
0.62007
0.62007
0.62007
0.62007
0.62007
0.62007
0.62007
0.62007
0.62007
0.62007
0.62007
0.62007
0.62007
0.62007
0.62007
0.62007
0.62007
0.62007
0.62007
0.62007
0.62007
0.62007
0.62007
0.62007
0.62007
0.62007
0.62007
0.62007
0.62007
0.62007
0.62007
0.62007
0.62007
0.62007
0.62007
0.62007
0.62007
0.62007
0.62007
0.62007
0.62007
0.62007
0.62007
0.62007
0.62007
0.62007
0.62007
0.62007
0.62007
0.62007
0.62007
0.62007
0.62007
0.62007
0.62007
0.62007
0.62007
0.62007
0.62007
0.62007
0.62007
0.62007
0.62007
0.62007
0.62007
0.62007
0.62007
0.62007
0.62007
0.62007
0.62007
0.62007
0.62007
0.62007
0.62007
0.62007
0.62007
0.62007
0.62007
0.62007
0.62007
0.62007
0.62007
0.62007
0.62007
0.62007
0.62007
0.62007
0.62007
0.62007
0.62007
0.62007
0.62007
0.62007
0.62007
0.62007
0.62007
0.62007
0.62007
0.62007
0.62007
0.62007
0.62007
0.62007
0.62007
0.62007
0.62007
0.62007
0.62007
0.62007
0.62007
0.62007
0.62007
0.62007
0.62007
0.62007
0.62007
0.62007
0.62007
0.62007
0.62007
0.62007
0.62007
0.62007
0.62007
0.62007
0.62007
0.62007
0.62007
0.62007
0.62007
0.62007
0.62007
0.62007
0.62007
0.62007
0.62007
0.62007
0.62007
0.62007
0.62007
0.62007
0.62007
0.62007
0.62007
0.62007
0.62007
0.62007
0.62007
0.62007
0.62007
0.62007
0.62007
0.62007
0.62007
0.62007
0.62007
0.62007
0.62007
0.62007
0.62007
0.62007
0.62007
0.62007
0.62007
0.62007
0.62007
0.62007
0.62007
0.62007
0.62007
0.62007
0.62007
0.62007
0.62007
0.62007
0.62007
0.62007
0.62007
0.62007
0.62007
0.62007
0.62007
0.62007
0.62007
0.62007
0.62007
0.62007
0.62007
0.62007
0.62007
0.62007
0.62007
0.62007
0.62007
0.62007
0.62007
0.62007
0.62007
0.62007
0.62007
0.62007
0.62007
0.62007
0.62007
0.62007
0.62007
0.62007
0.62007
0.62007
0.62007
0.62007
0.62007
0.62007
0.62007
0.62007
0.62007
0.62007
0.62007
0.62007
0.62007
0.62007
0.62007
0.62007
0.62007
0.62007
0.62007
0.62007
0.62007
0.62007
0.62007
0.62007
0.62007
0.62007
0.62007
0.62007
0.62007
0.62007
0.62007
0.62007
0.62007
0.62007
0.62007
0.62007
0.62007
0.62007
0.62007
0.62007
0.62007
0.62007
0.62007
0.62007
0.62007
0.62007
0.62007
0.62007
0.62007
0.62007
0.62007
0.62007
0.62007
0.62007
0.62007
0.62007
0.62007
0.62007
0.62007
0.62007
0.62007
0.62007
0.62007
0.62007
0.62007
0.62007
0.62007
0.62007
0.62007
0.62007
0.62007
0.62007
0.62007
0.62007
0.62007
0.62007
0.62007
0.62007
0.62007
0.62007
0.62007
0.62007
0.62007
0.62007
0.62007
0.62007
0.62007
0.62007
0.62007
0.62007
0.62007
0.62007
0.62007
0.62007
0.62007
0.62007
0.62007
0.62007
0.62007
0.62007
0.62007
0.62007
0.62007
0.62007
0.62007
0.62007
0.62007
0.62007
0.62007
0.62007
0.62007
0.62007
0.62007
0.62007
0.62007
0.62007
0.62007
0.62007
0.62007
0.62007
0.62007
0.62007
0.62007
0.62007
0.62007
0.62007
0.62007
0.62007
0.62007
0.62007
0.62007
0.62007
0.62007
0.62007
0.62007
0.62007
0.62007
0.62007
0.62007
0.62007
0.62007
0.62007
0.62007
0.62007
0.62007
0.62007
0.62007
0.62007
0.62007
0.62007
0.62007
0.62007
0.62007
0.62007
0.62007
0.62007
0.62007
0.62007
0.62007
0.62007
0.62007
0.62007
0.62007
0.62007
0.62007
0.62007
0.62007
0.62007
0.62007
0.62007
0.62007
0.62007
0.62007
0.62007
0.62007
0.62007
0.62007
0.62007
0.62007
0.62007
0.62007
0.62007
0.62007
0.62007
0.62007
0.62007
0.62007
0.62007
0.62007
0.62007
0.62007
0.62007
0.62007
0.62007
0.62007
0.62007
0.62007
0.62007
0.62007
0.62007
0.62007
0.62007
0.62007
0.62007
0.62007
0.62007
0.62007
0.62007
0.62007
0.62007
0.62007
0.62007
0.62007
0.62007
0.62007
0.62007
0.62007
0.62007
0.62007
0.62007
0.62007
0.62007
0.62007
0.62007
0.62007
0.62007
0.62007
0.62007
0.62007
0.62007
0.62007
0.62007
0.62007
0.62007
0.62007
0.62007
0.62007
0.62007
0.62007
0.62007
0.62007
0.62007
0.62007
0.62007
0.62007
0.62007
0.62007
0.62007
0.62007
0.62007
0.62007
0.62007
0.62007
0.62007
0.62007
0.62007
0.62007
0.62007
0.62007
0.62007
0.62007
0.62007
0.62007
0.62007
0.62007
0.62007
0.62007
0.62007
0.62007
0.62007
0.62007
0.62007
0.62007
0.62007
0.62007
0.62007
0.62007
0.62007
0.62007
0.62007
0.62007
0.62007
0.62007
0.62007
0.62007
0.62007
0.62007
0.62007
0.62007
0.62007
0.62007
0.62007
0.62007
0.62007
0.62007
0.62007
0.62007
0.62007
0.62007
0.62007
0.62007
0.62007
0.62007
0.62007
0.62007
0.62007
0.62007
0.62007
0.62007
0.62007
0.62007
0.62007
0.62007
0.62007
0.62007
0.62007
0.62007
0.62007
0.62007
0.62007
0.62007
0.62007
0.62007
0.62007
0.62007
0.62007
0.62007
0.62007
0.62007
0.62007
0.62007
0.62007
0.62007
0.62007
0.62007
0.62007
0.62007
0.62007
0.62007
0.62007
0.62007
0.62007
0.62007
0.62007
0.62007
0.62007
0.62007
0.62007
0.62007
0.62007
0.62007
0.62007
0.62007
0.62007
0.62007
0.62007
0.62007
0.62007
0.62007
0.62007
0.62007
0.62007
0.62007
0.62007
0.62007
0.62007
0.62007
0.62007
0.62007
0.62007
0.62007
0.62007
0.62007
0.62007
0.62007
0.62007
0.62007
0.62007
0.62007
0.62007
0.62007
0.62007
0.62007
0.62007
0.62007
0.62007
0.62007
0.62007
0.62007
0.62007
0.62007
0.62007
0.62007
0.62007
0.62007
0.62007
0.62007
0.62007
0.62007
0.62007
0.62007
0.62007
0.62007
0.62007
0.62007
0.62007
0.62007
0.62007
0.62007
0.62007
0.62007
0.62007
0.62007
0.62007
0.62007
0.62007
0.62007
0.62007
0.62007
0.62007
0.62007
0.62007
0.62007
0.62007
0.62007
0.62007
0.62007
0.62007
0.62007
0.62007
0.62007
0.62007
0.62007
0.62007
0.62007
0.62007
0.62007
0.62007
0.62007
0.62007
0.62007
0.62007
0.62007
0.62007
0.62007
0.62007
0.62007
0.62007
0.62007
0.62007
0.62007
0.62007
0.62007
0.62007
0.62007
0.62007
0.62007
0.62007
0.62007
0.62007
0.62007
0.62007
0.62007
0.62007
0.62007
0.62007
0.62007
0.62007
0.62007
0.62007
0.62007
0.62007
0.62007
0.62007
0.62007
0.62007
0.62007
0.62007
0.62007
0.62007
0.62007
0.62007
0.62007
0.62007
0.62007
0.62007
0.62007
0.62007
0.62007
0.62007
0.62007
0.62007
0.62007
0.62007
0.62007
0.62007
0.62007
0.62007
0.62007
0.62007
0.62007
0.62007
0.62007
0.62007
0.62007
0.62007
0.62007
0.62007
0.62007
0.62007
0.62007
0.62007
0.62007
0.62007
0.62007
0.62007
0.62007
0.62007
0.62007
0.62007
0.62007
0.62007
0.62007
0.62007
0.62007
0.62007
0.62007
0.62007
0.62007
0.62007
0.62007
0.62007
0.62007
0.62007
0.62007
0.62007
0.62007
0.62007
0.62007
0.62007
0.62007
0.62007
0.62007
0.62007
0.62007
0.62007
0.62007
0.62007
0.62007
0.62007
0.62007
0.62007
0.62007
0.62007
0.62007
0.62007
0.62007
0.62007
0.62007
0.62007
0.62007
0.62007
0.62007
0.62007
0.62007
0.62007
0.62007
0.62007
0.62007
0.62007
0.62007
0.62007
0.62007
0.62007
0.62007
0.62007
0.62007
0.62007
0.62007
0.62007
0.62007
0.62007
0.62007
0.62007
0.62007
0.62007
0.62007
0.62007
0.62007
0.62007
0.62007
0.62007
0.62007
0.62007
0.62007
0.62007
0.62007
0.62007
0.62007
0.62007
0.62007
0.62007
0.62007
0.62007
0.62007
0.62007
0.62007
0.62007
0.62007
0.62007
0.62007
0.62007
0.62007
0.62007
0.62007
0.62007
0.62007
0.62007
0.62007
0.62007
0.62007
0.62007
0.62007
0.62007
0.62007
0.62007
0.62007
0.62007
0.62007
0.62007
0.62007
0.62007
0.62007
0.62007
0.62007
0.62007
0.62007
0.62007
0.62007
0.62007
0.62007
0.62007
0.62007
0.62007
0.62007
0.62007
0.62007
0.62007
0.62007
0.62007
0.62007
0.62007
0.62007
0.62007
0.62007
0.62007
0.62007
0.62007
0.62007
0.62007
0.62007
0.62007
0.62007
0.62007
0.62007
0.62007
0.62007
0.62007
0.62007
0.62007
0.62007
0.62007
0.62007
0.62007
0.62007
0.62007
0.62007
0.62007
0.62007
0.62007
0.62007
0.62007
0.62007
0.62007
0.62007
0.62007
0.62007
0.62007
0.62007
0.62007
0.62007
0.62007
0.62007
0.62007
0.62007
0.62007
0.62007
0.62007
0.62007
0.62007
0.62007
0.62007
0.62007
0.62007
0.62007
0.62007
0.62007
0.62007
0.62007
0.62007
0.62007
0.62007
0.62007
0.62007
0.62007
0.62007
0.62007
0.62007
0.62007
0.62007
0.62007
0.62007
0.62007
0.62007
0.62007
0.62007
0.62007
0.62007
0.62007
0.62007
0.62007
0.62007
0.62007
0.62007
0.62007
0.62007
0.62007
0.62007
0.62007
0.62007
0.62007
0.62007
0.62007
0.62007
0.62007
0.62007
0.62007
0.62007
0.62007
0.62007
0.62007
0.62007
0.62007
0.62007
0.62007
0.62007
0.62007
0.62007
0.62007
0.62007
0.62007
0.62007
0.62007
0.62007
0.62007
0.62007
0.62007
0.62007
0.62007
0.62007
0.62007
0.62007
0.62007
0.62007
0.62007
0.62007
0.62007
0.62007
0.62007
0.62007
0.62007
0.62007
0.62007
0.62007
0.62007
0.62007
0.62007
0.62007
0.62007
0.62007
0.62007
0.62007
0.62007
0.62007
0.62007
0.62007
0.62007
0.62007
0.62007
0.62007
0.62007
0.62007
0.62007
0.62007
0.62007
0.62007
0.62007
0.62007
0.62007
0.62007
0.62007
0.62007
0.62007
0.62007
0.62007
0.62007
0.62007
0.62007
0.62007
0.62007
0.62007
0.62007
0.62007
0.62007
0.62007
0.62007
0.62007
0.62007
0.62007
0.62007
0.62007
0.62007
0.62007
0.62007
0.62007
0.62007
0.62007
0.62007
0.62007
0.62007
0.62007
0.62007
0.62007
0.62007
0.62007
0.62007
0.62007
0.62007
0.62007
0.62007
0.62007
0.62007
0.62007
0.62007
0.62007
0.62007
0.62007
0.62007
0.62007
0.62007
0.62007
0.62007
0.62007
0.62007
0.62007
0.62007
0.62007
0.62007
0.62007
0.62007
0.62007
0.62007
0.62007
0.62007
0.62007
0.62007
0.62007
0.62007
0.62007
0.62007
0.62007
0.62007
0.62007
0.62007
0.62007
0.62007
0.62007
0.62007
0.62007
0.62007
0.62007
0.62007
0.62007
0.62007
0.62007
0.62007
0.62007
0.62007
0.62007
0.62007
0.62007
0.62007
0.62007
0.62007
0.62007
0.62007
0.62007
0.62007
0.62007
0.62007
0.62007
0.62007
0.62007
0.62007
0.62007
0.62007
0.62007
0.62007
0.62007
0.62007
0.62007
0.62007
0.62007
0.62007
0.62007
0.62007
0.62007
0.62007
0.62007
0.62007
0.62007
0.62007
0.62007
0.62007
0.62007
0.62007
0.62007
0.62007
0.62007
0.62007
0.62007
0.62007
0.62007
0.62007
0.62007
0.62007
0.62007
0.62007
0.62007
0.62007
0.62007
0.62007
0.62007
0.62007
0.62007
0.62007
0.62007
0.62007
0.62007
0.62007
0.62007
0.62007
0.62007
0.62007
0.62007
0.62007
0.62007
0.62007
0.62007
0.62007
0.62007
0.62007
0.62007
0.62007
0.807577
0.542223
0.506125
0.539268
0.575433
0.580445
0.579713
0.578208
0.576741
0.577137
0.576281
0.574067
0.571665
0.570112
0.568421
0.567704
0.567039
0.565813
0.564358
0.56184
1.04439
0.779892
0.627047
0.584049
0.572817
0.576929
0.581141
0.581334
0.580446
0.579526
0.577947
0.575522
0.57307
0.571242
0.569563
0.568614
0.567728
0.566418
0.564929
0.562311
1.15569
0.878344
0.686191
0.614812
0.576219
0.577557
0.585307
0.586955
0.586341
0.584501
0.581971
0.579302
0.576601
0.574424
0.572636
0.571195
0.570027
0.568523
0.566844
0.563984
1.22536
0.973315
0.776468
0.665082
0.585846
0.586433
0.586442
0.590365
0.591853
0.589989
0.58676
0.584031
0.581427
0.579052
0.576787
0.575196
0.573687
0.571937
0.570102
0.566925
1.27139
1.05189
0.857577
0.715312
0.605981
0.599254
0.588648
0.590309
0.594476
0.593664
0.59032
0.587584
0.585038
0.582668
0.580564
0.578783
0.577054
0.575215
0.573291
0.569928
1.30282
1.11476
0.929936
0.777451
0.65699
0.617026
0.592306
0.589639
0.594244
0.594133
0.591973
0.589441
0.586856
0.584719
0.58282
0.581232
0.579472
0.577636
0.575768
0.572428
1.32527
1.16439
0.992494
0.840268
0.709244
0.637777
0.591469
0.592769
0.594782
0.593124
0.592255
0.59037
0.587644
0.585582
0.583919
0.58251
0.580766
0.579021
0.577257
0.573949
1.34248
1.20361
1.04733
0.896056
0.765811
0.67497
0.600853
0.600274
0.594719
0.591949
0.592449
0.590959
0.588163
0.586171
0.584491
0.583065
0.581219
0.579547
0.5779
0.574683
1.35562
1.23667
1.09307
0.947816
0.820323
0.714302
0.625497
0.607907
0.591889
0.591147
0.592476
0.591003
0.58831
0.586432
0.584721
0.583303
0.581393
0.579668
0.578123
0.575081
1.36585
1.26415
1.13195
0.995081
0.868039
0.757567
0.663479
0.620346
0.591581
0.591934
0.59274
0.590389
0.588434
0.586775
0.584884
0.583451
0.58154
0.579806
0.578322
0.575278
1.37383
1.28665
1.16632
1.03599
0.912664
0.801025
0.70268
0.63884
0.594922
0.595988
0.593465
0.589536
0.588713
0.587163
0.585145
0.583708
0.581832
0.580102
0.57852
0.575264
1.37967
1.30532
1.19611
1.07241
0.954106
0.841011
0.743104
0.66604
0.604968
0.602468
0.594196
0.589212
0.589097
0.587667
0.585615
0.584109
0.582261
0.580459
0.578671
0.575289
1.38374
1.3206
1.22178
1.10529
0.991343
0.879158
0.782022
0.696634
0.625509
0.60847
0.592275
0.589014
0.589878
0.588238
0.586212
0.584587
0.58268
0.580759
0.578847
0.575316
1.38637
1.33287
1.24408
1.13457
1.025
0.915422
0.81743
0.730011
0.652258
0.617351
0.593061
0.590727
0.590845
0.588587
0.586864
0.585167
0.583075
0.581031
0.579005
0.575413
1.3883
1.34259
1.26325
1.16056
1.05604
0.948474
0.851616
0.76303
0.681787
0.631572
0.595445
0.59527
0.591954
0.588519
0.587633
0.585863
0.583474
0.581221
0.579193
0.575534
1.3898
1.35077
1.27942
1.18404
1.08362
0.980256
0.883365
0.79476
0.71341
0.650301
0.602324
0.600012
0.593214
0.588509
0.588377
0.586623
0.584005
0.581526
0.579457
0.575599
1.39079
1.35765
1.29348
1.20478
1.10859
1.00938
0.913589
0.824624
0.744235
0.672871
0.617397
0.604752
0.592037
0.588594
0.589032
0.587208
0.584597
0.581611
0.579539
0.575475
1.39071
1.36345
1.30552
1.22347
1.13142
1.03592
0.94243
0.852736
0.773418
0.698189
0.63675
0.610145
0.592591
0.589841
0.589478
0.587065
0.584711
0.581635
0.579363
0.575106
1.38976
1.36689
1.31525
1.2396
1.15213
1.05992
0.969596
0.879501
0.801246
0.723986
0.658834
0.619221
0.593047
0.592547
0.589644
0.586854
0.584674
0.581453
0.578977
0.574566
1.38811
1.36887
1.32323
1.25358
1.17107
1.08167
0.994138
0.905421
0.826586
0.749886
0.682093
0.631434
0.595693
0.595777
0.589521
0.586703
0.584489
0.581122
0.578407
0.573921
1.38589
1.36962
1.32935
1.26526
1.18791
1.10173
1.01686
0.929644
0.850845
0.774797
0.705149
0.646708
0.603931
0.598561
0.589209
0.586832
0.584092
0.580681
0.577773
0.573261
1.38349
1.36948
1.3339
1.27517
1.20253
1.11974
1.03739
0.952691
0.873667
0.79779
0.728807
0.664073
0.616562
0.599546
0.589074
0.587293
0.583659
0.580242
0.577168
0.572658
1.38137
1.36913
1.33734
1.28351
1.21522
1.13648
1.05582
0.973866
0.895639
0.819355
0.750978
0.683495
0.631582
0.601443
0.589901
0.587578
0.582967
0.579883
0.576704
0.572146
1.37974
1.36898
1.34037
1.2908
1.22647
1.15138
1.07343
0.992941
0.91632
0.840286
0.771825
0.703596
0.648598
0.606071
0.593366
0.587728
0.582347
0.5797
0.576359
0.571832
1.37866
1.36919
1.34349
1.29751
1.23675
1.16528
1.08972
1.01127
0.9356
0.860331
0.791659
0.723901
0.665499
0.61572
0.597187
0.587581
0.582135
0.579624
0.575994
0.57161
1.37786
1.36956
1.34647
1.30391
1.24653
1.1783
1.10545
1.02855
0.954094
0.879809
0.810768
0.743509
0.683186
0.629485
0.600076
0.588042
0.582415
0.579541
0.575567
0.57148
1.3773
1.37003
1.34933
1.31002
1.25598
1.19073
1.12036
1.04547
0.971806
0.898545
0.829766
0.762397
0.701039
0.645067
0.606054
0.590254
0.583058
0.579547
0.575216
0.571466
1.37674
1.37046
1.35206
1.31589
1.26492
1.20267
1.1346
1.06176
0.989167
0.916826
0.848075
0.781261
0.718706
0.661602
0.615263
0.593983
0.584107
0.579533
0.575128
0.57169
1.37673
1.37097
1.35468
1.32147
1.27343
1.21396
1.14822
1.07744
1.00607
0.934613
0.866252
0.799361
0.736744
0.678138
0.627991
0.59773
0.585531
0.579694
0.575257
0.57205
1.37682
1.37158
1.35715
1.32675
1.28148
1.22466
1.16118
1.0924
1.02254
0.951903
0.883959
0.817249
0.754632
0.69466
0.642592
0.604284
0.588386
0.580213
0.575775
0.572616
1.37706
1.37221
1.35936
1.33166
1.28903
1.23479
1.17348
1.10676
1.03835
0.968808
0.9013
0.834586
0.77223
0.711748
0.657068
0.613881
0.591912
0.580602
0.576721
0.57335
1.3773
1.37281
1.36128
1.33604
1.2961
1.2443
1.18524
1.12047
1.05364
0.985117
0.918217
0.851695
0.789235
0.728549
0.672683
0.625111
0.597119
0.58164
0.57819
0.574198
1.3775
1.37336
1.36298
1.34001
1.3026
1.25336
1.19641
1.1337
1.0683
1.00097
0.934597
0.868423
0.805845
0.745154
0.688083
0.638011
0.604219
0.583593
0.579731
0.57497
1.37768
1.37388
1.36454
1.3436
1.30868
1.26187
1.20713
1.14636
1.08245
1.01624
0.950559
0.884676
0.82207
0.761313
0.703706
0.651647
0.61266
0.5873
0.581396
0.575621
1.37783
1.37436
1.36598
1.34693
1.31434
1.26997
1.21733
1.15849
1.09609
1.03095
0.965986
0.900566
0.837912
0.776917
0.719516
0.665543
0.622389
0.592633
0.583408
0.576273
1.37792
1.37473
1.36726
1.35001
1.31966
1.27759
1.22707
1.1701
1.10915
1.04523
0.980862
0.916008
0.853528
0.792219
0.734897
0.680153
0.633362
0.598809
0.58581
0.576954
1.3779
1.375
1.36836
1.35282
1.32465
1.28482
1.23629
1.18115
1.12172
1.05891
0.99541
0.931026
0.868753
0.807529
0.749963
0.694871
0.64535
0.606773
0.589705
0.578011
1.37766
1.3751
1.36925
1.35534
1.32931
1.29164
1.24506
1.19167
1.13368
1.07224
1.00942
0.945865
0.883677
0.822676
0.765014
0.709398
0.658286
0.616375
0.593966
0.57917
1.37725
1.37502
1.36991
1.35755
1.33365
1.29813
1.25338
1.20171
1.14519
1.08497
1.02327
0.96027
0.898512
0.837644
0.780008
0.723791
0.671601
0.627676
0.599806
0.580665
1.3768
1.37479
1.37034
1.35944
1.33763
1.30424
1.26136
1.21127
1.15624
1.09739
1.0366
0.974598
0.913091
0.852491
0.794891
0.738067
0.685323
0.639571
0.607221
0.582854
1.37647
1.37448
1.37056
1.361
1.34123
1.31001
1.26894
1.22054
1.16684
1.10938
1.04971
0.988419
0.92767
0.867156
0.809381
0.752465
0.699174
0.65213
0.615841
0.585657
1.37637
1.37426
1.37071
1.36231
1.34445
1.31536
1.27621
1.22937
1.1772
1.12091
1.06245
1.00203
0.941753
0.881817
0.823531
0.766527
0.713445
0.664911
0.625343
0.589491
1.37642
1.37417
1.37086
1.36343
1.34733
1.32029
1.28302
1.23793
1.18704
1.13221
1.0747
1.01525
0.955626
0.895883
0.837634
0.780405
0.727527
0.678105
0.635599
0.593975
1.37646
1.3742
1.37105
1.36441
1.34988
1.32481
1.2894
1.24598
1.19665
1.14293
1.08674
1.02797
0.969094
0.909625
0.851203
0.794427
0.741544
0.69095
0.646658
0.599615
1.37644
1.37418
1.37122
1.36528
1.35219
1.32896
1.29539
1.25365
1.20571
1.15342
1.09818
1.04045
0.982079
0.922921
0.864589
0.808262
0.755565
0.703787
0.657852
0.606094
1.37643
1.37411
1.37132
1.36602
1.35428
1.33285
1.30104
1.26097
1.21446
1.1634
1.10942
1.05244
0.994692
0.935873
0.877815
0.822082
0.76929
0.716511
0.669418
0.613419
1.37644
1.37399
1.37131
1.3666
1.35615
1.3365
1.30651
1.26799
1.22289
1.17309
1.12018
1.06422
1.00694
0.948496
0.891129
0.835844
0.7827
0.72904
0.681208
0.621481
1.37641
1.37383
1.37123
1.36705
1.35781
1.33993
1.31172
1.27485
1.23106
1.18252
1.13071
1.07556
1.01893
0.961102
0.904388
0.849566
0.795909
0.741283
0.693072
0.630301
1.37636
1.37371
1.37115
1.36741
1.3593
1.34312
1.31672
1.28141
1.23907
1.19168
1.14093
1.08671
1.03062
0.973756
0.917844
0.863021
0.808711
0.753548
0.705014
0.639621
1.37629
1.37365
1.37112
1.36775
1.36062
1.34602
1.32139
1.28772
1.24677
1.20067
1.15085
1.09752
1.04234
0.986399
0.931323
0.876215
0.821187
0.765575
0.717059
0.649521
1.37629
1.37368
1.37114
1.36798
1.36171
1.3486
1.32573
1.2937
1.25425
1.20932
1.16052
1.10815
1.05394
0.999293
0.944515
0.889001
0.833383
0.777503
0.72906
0.659826
1.3763
1.37369
1.37108
1.36801
1.36245
1.35077
1.32975
1.29946
1.26142
1.21776
1.16986
1.11869
1.06571
1.01201
0.957511
0.901202
0.845237
0.789393
0.741052
0.670426
1.37625
1.37368
1.37093
1.36785
1.36288
1.35261
1.33348
1.30497
1.26837
1.22585
1.17905
1.12921
1.07752
1.0246
0.969806
0.913017
0.856895
0.80114
0.753007
0.68127
1.37608
1.37351
1.37072
1.36762
1.36318
1.35422
1.33697
1.31025
1.275
1.23376
1.1881
1.13988
1.08934
1.03664
0.981566
0.924336
0.868436
0.812924
0.764871
0.692217
1.37572
1.37333
1.37068
1.36756
1.36349
1.35566
1.34015
1.31521
1.28135
1.24149
1.19731
1.15064
1.10094
1.04803
0.992586
0.93545
0.879929
0.824679
0.776701
0.703246
1.37533
1.37316
1.37073
1.36773
1.36382
1.35691
1.34298
1.31979
1.28746
1.24929
1.20669
1.16142
1.11198
1.0586
1.00311
0.946389
0.891456
0.836458
0.788438
0.714293
1.37493
1.37299
1.37075
1.36798
1.3641
1.35784
1.34535
1.32401
1.29354
1.25733
1.21636
1.17181
1.12224
1.06843
1.01323
0.957355
0.902999
0.848174
0.800095
0.725348
1.37476
1.37283
1.37061
1.36805
1.36431
1.3585
1.34738
1.32804
1.29984
1.26579
1.22596
1.18146
1.13146
1.07774
1.0233
0.968376
0.914527
0.859789
0.811636
0.736395
1.3749
1.37257
1.37024
1.36775
1.36436
1.35907
1.34931
1.33223
1.30658
1.2744
1.235
1.1899
1.13984
1.08681
1.03343
0.979512
0.925962
0.871213
0.823077
0.747454
1.37522
1.37224
1.36962
1.36709
1.36411
1.35969
1.35157
1.33702
1.31373
1.28247
1.24279
1.19726
1.14762
1.09592
1.04374
0.990635
0.937249
0.882456
0.834431
0.758532
1.37537
1.37217
1.36922
1.36643
1.36386
1.36047
1.35441
1.34235
1.32054
1.2892
1.24909
1.20379
1.1553
1.10525
1.05416
1.00166
0.948332
0.893552
0.845756
0.769649
1.37484
1.3721
1.36944
1.36644
1.36409
1.36209
1.3582
1.3475
1.32589
1.29413
1.25425
1.21011
1.16321
1.11479
1.06448
1.01239
0.95922
0.904566
0.857043
0.78078
1.37386
1.37077
1.36864
1.36661
1.36571
1.36553
1.36239
1.35117
1.3292
1.29772
1.25907
1.21671
1.17147
1.12434
1.07453
1.02279
0.969942
0.91558
0.868309
0.791897
1.37352
1.36912
1.36767
1.36779
1.36877
1.3692
1.36481
1.35241
1.33098
1.301
1.2643
1.22393
1.18006
1.13375
1.08425
1.03291
0.980578
0.926591
0.879475
0.80293
1.3755
1.37054
1.37051
1.3729
1.37357
1.37078
1.36426
1.35206
1.33194
1.30443
1.27009
1.23155
1.18866
1.14282
1.0937
1.04289
0.991165
0.937577
0.89052
0.813858
1.36595
1.37221
1.37652
1.37955
1.37712
1.37042
1.36074
1.34938
1.33256
1.30826
1.27627
1.23918
1.19702
1.15158
1.10303
1.05288
1.00172
0.948473
0.901419
0.824654
1.36222
1.37917
1.38123
1.37909
1.37293
1.36538
1.35786
1.34882
1.33461
1.31273
1.28248
1.24659
1.20514
1.16015
1.1123
1.06285
1.01217
0.959216
0.912197
0.835355
1.27508
1.39458
1.38839
1.37114
1.36115
1.35841
1.35618
1.35028
1.33795
1.31703
1.28812
1.25342
1.21278
1.16851
1.1215
1.07268
1.02239
0.969774
0.922897
0.84599
0.94477
1.3305
1.36163
1.35658
1.35666
1.35701
1.3558
1.3517
1.34061
1.32092
1.29354
1.26009
1.22023
1.17675
1.13052
1.08226
1.03239
0.980162
0.93352
0.856591
0.676326
1.06263
1.3241
1.36446
1.36479
1.35969
1.35485
1.34991
1.34067
1.32502
1.29915
1.26635
1.22724
1.18493
1.13951
1.09155
1.04205
0.990328
0.944059
0.867188
0.622595
0.747508
1.159
1.36055
1.36165
1.35417
1.35068
1.34659
1.34039
1.32729
1.30477
1.27239
1.2337
1.19271
1.14809
1.10069
1.0518
1.00053
0.954547
0.877786
0.620109
0.631834
0.858021
1.26648
1.34528
1.34678
1.34621
1.34518
1.34086
1.3294
1.30756
1.27704
1.24079
1.20111
1.15698
1.10958
1.06121
1.0106
0.964994
0.888389
0.62007
0.620453
0.66156
1.00891
1.31986
1.35129
1.3481
1.34583
1.34098
1.32985
1.30941
1.28111
1.24617
1.20828
1.1655
1.11847
1.07071
1.02065
0.975356
0.898922
0.62007
0.620075
0.6224
0.736096
1.16762
1.32733
1.34652
1.34548
1.34012
1.3297
1.31084
1.28459
1.25192
1.2155
1.17277
1.12642
1.07983
1.03068
0.985778
0.909455
0.62007
0.62007
0.620124
0.632658
0.879143
1.2644
1.35325
1.3483
1.34006
1.32894
1.31239
1.28867
1.25796
1.22171
1.17945
1.13444
1.08888
1.04022
0.995814
0.919852
0.62007
0.62007
0.620071
0.620602
0.674575
1.06343
1.33164
1.34437
1.33795
1.32818
1.3147
1.29366
1.26398
1.2273
1.18546
1.14187
1.09762
1.04967
1.00568
0.930203
0.62007
0.62007
0.62007
0.620081
0.624217
0.795008
1.22788
1.34071
1.33801
1.3296
1.31805
1.29894
1.26964
1.23233
1.19129
1.14938
1.10604
1.05826
1.01495
0.940417
0.62007
0.62007
0.62007
0.62007
0.62022
0.649294
0.994504
1.31809
1.33607
1.33125
1.3215
1.30366
1.2746
1.23725
1.19746
1.15681
1.11406
1.06657
1.02363
0.950234
0.62007
0.62007
0.62007
0.62007
0.620073
0.621961
0.750007
1.19578
1.32244
1.33281
1.32592
1.30845
1.27939
1.24284
1.2044
1.16438
1.12162
1.07449
1.03204
0.959741
0.62007
0.62007
0.62007
0.62007
0.62007
0.620134
0.639271
0.954258
1.28857
1.33884
1.33062
1.31244
1.28426
1.24929
1.21199
1.17186
1.12885
1.08231
1.04023
0.968753
0.62007
0.62007
0.62007
0.62007
0.62007
0.620071
0.621318
0.728783
1.16442
1.33342
1.33123
1.31447
1.28851
1.25598
1.21972
1.17942
1.1362
1.09031
1.0485
0.977528
0.62007
0.62007
0.62007
0.62007
0.62007
0.62007
0.620117
0.635268
0.9374
1.29819
1.32787
1.31583
1.29283
1.26227
1.22702
1.187
1.14378
1.09842
1.05688
0.986263
0.62007
0.62007
0.62007
0.62007
0.62007
0.62007
0.620071
0.621069
0.72697
1.16887
1.31985
1.31568
1.2976
1.26827
1.23432
1.19503
1.15185
1.10676
1.06566
0.995313
0.62007
0.62007
0.62007
0.62007
0.62007
0.62007
0.62007
0.62011
0.636244
0.951383
1.29488
1.31679
1.30191
1.274
1.24147
1.20282
1.15982
1.11515
1.07475
1.00458
0.62007
0.62007
0.62007
0.62007
0.62007
0.62007
0.62007
0.620071
0.621259
0.743359
1.18954
1.30583
1.30119
1.28059
1.24867
1.21004
1.16769
1.12384
1.08414
1.01395
0.62007
0.62007
0.62007
0.62007
0.62007
0.62007
0.62007
0.62007
0.620126
0.642129
0.991754
1.28222
1.30601
1.28792
1.25533
1.21685
1.17581
1.13292
1.09338
1.02305
0.62007
0.62007
0.62007
0.62007
0.62007
0.62007
0.62007
0.62007
0.620072
0.622027
0.780477
1.2035
1.30386
1.29173
1.26096
1.22368
1.18429
1.14187
1.10224
1.03216
0.62007
0.62007
0.62007
0.62007
0.62007
0.62007
0.62007
0.62007
0.62007
0.620187
0.656218
1.03674
1.29093
1.29083
1.26606
1.23091
1.19271
1.15
1.11072
1.04157
0.62007
0.62007
0.62007
0.62007
0.62007
0.62007
0.62007
0.62007
0.62007
0.620075
0.623978
0.833724
1.23487
1.28903
1.27197
1.23878
1.19992
1.15675
1.11921
1.05152
0.62007
0.62007
0.62007
0.62007
0.62007
0.62007
0.62007
0.62007
0.62007
0.62007
0.620345
0.684013
1.09467
1.27756
1.27488
1.2474
1.20661
1.16361
1.12821
1.06161
0.62007
0.62007
0.62007
0.62007
0.62007
0.62007
0.62007
0.62007
0.62007
0.62007
0.620084
0.629591
0.903844
1.25109
1.27851
1.25382
1.2137
1.17202
1.13701
1.07042
0.62007
0.62007
0.62007
0.62007
0.62007
0.62007
0.62007
0.62007
0.62007
0.62007
0.620071
0.620939
0.731093
1.1553
1.27058
1.25735
1.22228
1.18195
1.14512
1.07819
0.62007
0.62007
0.62007
0.62007
0.62007
0.62007
0.62007
0.62007
0.62007
0.62007
0.62007
0.620129
0.643281
0.990394
1.25755
1.25993
1.23193
1.1915
1.15223
1.08578
0.62007
0.62007
0.62007
0.62007
0.62007
0.62007
0.62007
0.62007
0.62007
0.62007
0.62007
0.620073
0.622795
0.807712
1.20306
1.25833
1.23909
1.19922
1.16009
1.09465
0.62007
0.62007
0.62007
0.62007
0.62007
0.62007
0.62007
0.62007
0.62007
0.62007
0.62007
0.62007
0.620309
0.677602
1.07835
1.25039
1.24182
1.20696
1.16974
1.1048
0.62007
0.62007
0.62007
0.62007
0.62007
0.62007
0.62007
0.62007
0.62007
0.62007
0.62007
0.62007
0.620086
0.629554
0.910807
1.22548
1.24168
1.21614
1.18088
1.11457
0.62007
0.62007
0.62007
0.62007
0.62007
0.62007
0.62007
0.62007
0.62007
0.62007
0.62007
0.62007
0.620071
0.621116
0.748584
1.14758
1.24062
1.22555
1.19096
1.12273
0.62007
0.62007
0.62007
0.62007
0.62007
0.62007
0.62007
0.62007
0.62007
0.62007
0.62007
0.62007
0.62007
0.620162
0.653415
1.01049
1.23479
1.23122
1.19877
1.1301
0.62007
0.62007
0.62007
0.62007
0.62007
0.62007
0.62007
0.62007
0.62007
0.62007
0.62007
0.62007
0.62007
0.620077
0.625171
0.846573
1.19848
1.23095
1.20499
1.13897
0.62007
0.62007
0.62007
0.62007
0.62007
0.62007
0.62007
0.62007
0.62007
0.62007
0.62007
0.62007
0.62007
0.620071
0.620653
0.708416
1.10231
1.22499
1.21235
1.15034
0.62007
0.62007
0.62007
0.62007
0.62007
0.62007
0.62007
0.62007
0.62007
0.62007
0.62007
0.62007
0.62007
0.62007
0.620125
0.640158
0.959065
1.21625
1.21636
1.16233
0.62007
0.62007
0.62007
0.62007
0.62007
0.62007
0.62007
0.62007
0.62007
0.62007
0.62007
0.62007
0.62007
0.62007
0.620074
0.622998
0.803007
1.17427
1.21223
1.17178
)
;

boundaryField
{
    inlet
    {
        type            calculated;
        value           nonuniform List<scalar> 0();
    }
    outlet
    {
        type            calculated;
        value           nonuniform List<scalar> 
102
(
0.56184
0.562311
0.563984
0.566925
0.569928
0.572428
0.573949
0.574683
0.575081
0.575278
0.575264
0.575289
0.575316
0.575413
0.575534
0.575599
0.575475
0.575106
0.574566
0.573921
0.573261
0.572658
0.572146
0.571832
0.57161
0.57148
0.571466
0.57169
0.57205
0.572616
0.57335
0.574198
0.57497
0.575621
0.576273
0.576954
0.578011
0.57917
0.580665
0.582854
0.585657
0.589491
0.593975
0.599615
0.606094
0.613419
0.621481
0.630301
0.639621
0.649521
0.659826
0.670426
0.68127
0.692217
0.703246
0.714293
0.725348
0.736395
0.747454
0.758532
0.769649
0.78078
0.791897
0.80293
0.813858
0.824654
0.835355
0.84599
0.856591
0.867188
0.877786
0.888389
0.898922
0.909455
0.919852
0.930203
0.940417
0.950234
0.959741
0.968753
0.977528
0.986263
0.995313
1.00458
1.01395
1.02305
1.03216
1.04157
1.05152
1.06161
1.07042
1.07819
1.08578
1.09465
1.1048
1.11457
1.12273
1.1301
1.13897
1.15034
1.16233
1.17178
)
;
    }
    bottom
    {
        type            symmetryPlane;
    }
    top
    {
        type            calculated;
        value           nonuniform List<scalar> 0();
    }
    obstacle
    {
        type            calculated;
        value           nonuniform List<scalar> 
88
(
1.4203
1.41923
1.4184
1.41799
1.418
1.41801
1.41795
1.41775
1.41744
1.41711
1.41683
1.41663
1.41646
1.41635
1.41632
1.4164
1.41677
1.41826
1.42165
1.42732
1.43643
1.44717
1.45481
1.45912
1.46137
1.46212
1.46207
1.46179
1.46132
1.46078
1.4602
1.45956
1.45879
1.45785
1.45673
1.45544
1.45403
1.45254
1.45103
1.44948
1.4479
1.44626
1.44454
1.44278
1.44098
1.43918
1.43739
1.4356
1.43382
1.43208
1.43039
1.42873
1.42705
1.42535
1.4236
1.4218
1.41999
1.41818
1.41638
1.41461
1.41286
1.41115
1.40959
1.40812
1.40669
1.40524
1.40358
1.40203
0.807577
0.542223
0.506125
0.539268
0.575433
0.580445
0.579713
0.578208
0.576741
0.577137
0.576281
0.574067
0.571665
0.570112
0.568421
0.567704
0.567039
0.565813
0.564358
0.56184
)
;
    }
    defaultFaces
    {
        type            empty;
    }
    procBoundary1to0
    {
        type            processor;
        value           nonuniform List<scalar> 
103
(
1.42105
1.41936
1.41258
1.40885
1.40761
1.41002
1.41396
1.41617
1.41724
1.41862
1.42263
1.32549
0.916808
0.638886
0.620148
0.62007
0.62007
0.62007
0.62007
0.62007
0.62007
0.62007
0.62007
0.62007
0.62007
0.62007
0.62007
0.62007
0.62007
0.62007
0.62007
0.62007
0.62007
0.62007
0.62007
0.62007
0.62007
0.62007
0.62007
0.62007
0.62007
0.62007
0.62007
0.62007
0.62007
0.62007
0.62007
0.62007
0.62007
0.62007
0.62007
0.62007
0.62007
0.62007
0.62007
0.62007
0.62007
0.62007
0.62007
0.62007
0.62007
0.62007
0.62007
0.62007
0.62007
0.62007
0.62007
0.62007
0.62007
0.62007
0.62007
0.62007
0.62007
0.62007
0.62007
0.62007
0.62007
0.62007
0.62007
0.62007
0.62007
0.62007
0.62007
0.62007
0.62007
0.62007
0.62007
0.62007
0.62007
0.62007
0.62007
0.62007
0.62007
0.62007
0.62007
0.62007
0.62007
0.62007
0.62007
0.62007
0.62007
0.62007
0.62007
)
;
    }
    procBoundary1to3
    {
        type            processor;
        value           nonuniform List<scalar> 
89
(
0.62007
0.62007
0.62007
0.62007
0.62007
0.62007
0.62007
0.62007
0.62007
0.62007
0.62007
0.62007
0.62007
0.62007
0.62007
0.62007
0.62007
0.62007
0.62007
0.62007
0.62007
0.62007
0.62007
0.62007
0.62007
0.62007
0.62007
0.62007
0.62007
0.62007
0.62007
0.62007
0.62007
0.62007
0.62007
0.62007
0.62007
0.62007
0.62007
0.62007
0.62007
0.62007
0.62007
0.62007
0.62007
0.62007
0.62007
0.62007
0.62007
0.62007
0.62007
0.62007
0.62007
0.62007
0.62007
0.62007
0.62007
0.62007
0.62007
0.62007
0.62007
0.62007
0.62007
0.62007
0.62007
0.62007
0.62007
0.62007
0.62007
0.62007
0.62007
0.62007
0.62007
0.62007
0.62007
0.62007
0.62007
0.62007
0.62007
0.62007
0.62007
0.62007
0.62007
0.62007
0.620405
0.685747
1.07335
1.20874
1.18124
)
;
    }
}


// ************************************************************************* //
