/*--------------------------------*- C++ -*----------------------------------*\
| =========                 |                                                 |
| \\      /  F ield         | OpenFOAM: The Open Source CFD Toolbox           |
|  \\    /   O peration     | Version:  2306                                  |
|   \\  /    A nd           | Website:  www.openfoam.com                      |
|    \\/     M anipulation  |                                                 |
\*---------------------------------------------------------------------------*/
FoamFile
{
    version     2.0;
    format      ascii;
    arch        "LSB;label=32;scalar=64";
    class       volScalarField;
    location    "5e-05";
    object      T;
}
// * * * * * * * * * * * * * * * * * * * * * * * * * * * * * * * * * * * * * //

dimensions      [0 0 0 1 0 0 0];

internalField   nonuniform List<scalar> 
9032
(
269.332
269.331
269.348
269.393
269.455
269.522
269.579
269.621
269.65
269.676
269.701
269.73
269.758
269.79
269.822
269.862
269.921
270.07
270.348
270.797
271.503
272.32
272.877
273.218
273.408
273.514
273.563
273.558
273.543
273.523
273.5
273.471
273.431
273.379
273.312
273.232
273.143
273.047
272.945
272.838
272.725
272.607
272.483
272.355
272.225
272.095
271.965
271.835
271.705
271.578
271.454
271.332
271.208
271.082
270.951
270.816
270.679
270.542
270.407
270.274
270.142
270.012
269.893
269.781
269.672
269.563
269.436
269.328
269.647
269.63
269.651
269.699
269.756
269.803
269.835
269.852
269.863
269.877
269.895
269.915
269.934
269.956
269.979
270.014
270.088
270.264
270.59
271.137
271.965
272.794
273.299
273.559
273.637
273.675
273.67
273.644
273.615
273.588
273.557
273.518
273.465
273.401
273.325
273.24
273.148
273.049
272.944
272.831
272.712
272.589
272.461
272.332
272.202
272.073
271.944
271.816
271.688
271.56
271.434
271.31
271.186
271.06
270.931
270.798
270.662
270.525
270.39
270.258
270.127
269.998
269.873
269.752
269.634
269.515
269.386
269.288
270.416
270.418
270.415
270.411
270.401
270.391
270.38
270.37
270.362
270.357
270.351
270.345
270.338
270.338
270.342
270.367
270.44
270.614
270.975
271.637
272.527
273.281
273.679
273.882
273.886
273.881
273.861
273.84
273.813
273.776
273.727
273.667
273.595
273.516
273.431
273.339
273.241
273.134
273.021
272.901
272.774
272.644
272.512
272.381
272.251
272.122
271.993
271.865
271.735
271.604
271.472
271.343
271.217
271.091
270.963
270.832
270.697
270.561
270.424
270.291
270.16
270.031
269.903
269.775
269.646
269.518
269.385
269.296
271.23
271.177
271.111
271.042
270.989
270.947
270.912
270.879
270.848
270.817
270.787
270.751
270.727
270.701
270.694
270.705
270.771
270.97
271.417
272.206
273.094
273.725
273.988
274.117
274.117
274.105
274.079
274.046
274.001
273.946
273.88
273.801
273.715
273.627
273.537
273.443
273.341
273.23
273.111
272.982
272.846
272.707
272.569
272.435
272.303
272.174
272.045
271.916
271.784
271.649
271.512
271.376
271.248
271.124
270.998
270.869
270.736
270.6
270.462
270.329
270.199
270.069
269.934
269.793
269.65
269.511
269.375
269.285
271.497
271.423
271.333
271.247
271.184
271.136
271.095
271.058
271.022
270.982
270.945
270.912
270.876
270.846
270.837
270.853
270.939
271.191
271.761
272.66
273.487
273.947
274.126
274.194
274.192
274.179
274.157
274.121
274.069
274.002
273.925
273.842
273.755
273.667
273.578
273.485
273.385
273.275
273.154
273.023
272.885
272.742
272.601
272.464
272.33
272.2
272.071
271.942
271.81
271.674
271.535
271.394
271.263
271.139
271.015
270.888
270.758
270.623
270.484
270.346
270.213
270.081
269.945
269.803
269.658
269.515
269.373
269.257
271.283
271.218
271.138
271.068
271.025
270.997
270.974
270.954
270.928
270.896
270.865
270.829
270.801
270.778
270.779
270.804
270.919
271.267
271.95
272.877
273.602
273.941
274.084
274.144
274.156
274.147
274.129
274.094
274.04
273.966
273.881
273.793
273.706
273.618
273.526
273.432
273.332
273.222
273.102
272.972
272.835
272.69
272.543
272.403
272.27
272.142
272.017
271.891
271.761
271.624
271.482
271.336
271.197
271.074
270.952
270.829
270.701
270.569
270.432
270.292
270.156
270.022
269.886
269.748
269.609
269.467
269.328
269.176
270.551
270.544
270.52
270.513
270.518
270.522
270.53
270.534
270.529
270.519
270.507
270.497
270.494
270.495
270.507
270.559
270.734
271.182
271.972
272.899
273.519
273.765
273.88
273.94
273.97
273.968
273.956
273.926
273.872
273.801
273.717
273.632
273.547
273.459
273.368
273.273
273.171
273.061
272.943
272.817
272.682
272.539
272.392
272.25
272.117
271.991
271.869
271.751
271.627
271.495
271.354
271.2
271.048
270.916
270.794
270.675
270.553
270.427
270.294
270.152
270.009
269.875
269.748
269.623
269.498
269.364
269.231
269.039
269.771
269.85
269.839
269.857
269.871
269.886
269.912
269.942
269.963
269.977
269.987
269.998
270.009
270.021
270.051
270.139
270.395
270.976
271.908
272.797
273.295
273.475
273.573
273.631
273.66
273.659
273.644
273.609
273.555
273.487
273.415
273.342
273.267
273.183
273.09
272.987
272.878
272.768
272.657
272.542
272.42
272.288
272.146
271.999
271.862
271.737
271.617
271.501
271.385
271.262
271.132
270.989
270.83
270.682
270.558
270.443
270.328
270.207
270.081
269.943
269.792
269.648
269.523
269.405
269.29
269.169
269.052
268.872
269.345
269.43
269.419
269.419
269.425
269.447
269.477
269.499
269.521
269.542
269.554
269.564
269.581
269.602
269.648
269.776
270.125
270.838
271.847
272.656
273.042
273.174
273.246
273.285
273.307
273.303
273.286
273.25
273.199
273.138
273.071
273.004
272.932
272.849
272.755
272.65
272.539
272.427
272.319
272.212
272.101
271.982
271.853
271.713
271.568
271.437
271.321
271.21
271.099
270.98
270.856
270.722
270.574
270.421
270.291
270.176
270.063
269.946
269.823
269.691
269.547
269.392
269.25
269.129
269.017
268.907
268.806
268.646
269.291
269.265
269.297
269.285
269.268
269.28
269.307
269.33
269.344
269.359
269.363
269.369
269.38
269.397
269.451
269.615
270.05
270.866
271.889
272.582
272.849
272.953
273.007
273.034
273.047
273.041
273.022
272.987
272.938
272.876
272.808
272.738
272.662
272.578
272.483
272.379
272.268
272.153
272.042
271.935
271.823
271.706
271.582
271.452
271.313
271.178
271.057
270.944
270.833
270.719
270.599
270.473
270.333
270.178
270.036
269.916
269.803
269.687
269.566
269.44
269.302
269.151
268.995
268.861
268.748
268.637
268.547
268.411
269.313
269.243
269.333
269.286
269.262
269.276
269.285
269.299
269.315
269.318
269.318
269.325
269.34
269.362
269.425
269.625
270.141
271.052
272.039
272.58
272.755
272.842
272.889
272.914
272.921
272.915
272.896
272.861
272.812
272.751
272.681
272.606
272.521
272.425
272.321
272.21
272.095
271.974
271.854
271.743
271.634
271.521
271.403
271.278
271.144
271.005
270.874
270.757
270.647
270.536
270.415
270.287
270.15
270.001
269.848
269.718
269.603
269.488
269.365
269.234
269.096
268.949
268.792
268.639
268.517
268.409
268.322
268.217
268.519
269.448
269.44
269.301
269.313
269.329
269.319
269.331
269.347
269.345
269.341
269.344
269.356
269.381
269.461
269.719
270.351
271.376
272.26
272.651
272.772
272.832
272.863
272.886
272.896
272.892
272.869
272.828
272.778
272.717
272.643
272.557
272.456
272.346
272.233
272.121
272.007
271.886
271.756
271.635
271.525
271.414
271.3
271.182
271.058
270.924
270.785
270.656
270.539
270.424
270.302
270.174
270.041
269.899
269.743
269.59
269.461
269.341
269.216
269.085
268.954
268.818
268.673
268.515
268.366
268.245
268.143
268.056
259.455
269.773
269.429
269.357
269.462
269.42
269.392
269.411
269.421
269.409
269.404
269.408
269.413
269.438
269.544
269.886
270.653
271.741
272.472
272.744
272.822
272.86
272.881
272.892
272.898
272.893
272.869
272.837
272.79
272.727
272.645
272.541
272.43
272.319
272.209
272.101
271.991
271.87
271.735
271.604
271.489
271.379
271.266
271.151
271.034
270.907
270.765
270.619
270.487
270.362
270.238
270.108
269.978
269.843
269.695
269.53
269.367
269.232
269.113
268.995
268.869
268.743
268.618
268.481
268.327
268.174
268.041
267.958
220.042
261.777
268.702
269.613
269.612
269.45
269.484
269.492
269.478
269.468
269.479
269.478
269.476
269.507
269.653
270.098
271.003
272.065
272.638
272.815
272.88
272.923
272.944
272.947
272.946
272.94
272.913
272.87
272.815
272.745
272.654
272.548
272.441
272.335
272.229
272.121
272.009
271.891
271.76
271.621
271.496
271.382
271.268
271.151
271.032
270.906
270.766
270.61
270.466
270.337
270.209
270.081
269.952
269.82
269.679
269.52
269.344
269.186
269.054
268.938
268.83
268.714
268.599
268.475
268.34
268.187
268.016
267.921
182.976
219.553
259.039
269.849
269.564
269.417
269.579
269.527
269.492
269.509
269.531
269.524
269.523
269.574
269.78
270.341
271.351
272.303
272.738
272.867
272.933
272.989
273.014
273.014
273.01
272.997
272.963
272.912
272.851
272.777
272.681
272.567
272.449
272.341
272.24
272.139
272.035
271.921
271.794
271.651
271.516
271.395
271.276
271.155
271.033
270.904
270.761
270.604
270.451
270.315
270.187
270.065
269.939
269.81
269.676
269.529
269.362
269.185
269.037
268.912
268.805
268.708
268.602
268.483
268.356
268.217
268.047
267.929
180.012
182.527
218.624
260.87
268.621
269.56
269.764
269.534
269.487
269.553
269.57
269.55
269.554
269.636
269.916
270.595
271.657
272.472
272.8
272.913
272.988
273.053
273.082
273.078
273.069
273.044
272.999
272.942
272.874
272.796
272.702
272.586
272.459
272.34
272.235
272.138
272.043
271.94
271.822
271.681
271.532
271.398
271.271
271.144
271.019
270.891
270.75
270.592
270.431
270.29
270.159
270.037
269.924
269.806
269.68
269.545
269.397
269.231
269.058
268.917
268.799
268.696
268.606
268.507
268.391
268.26
268.094
267.985
180
180.009
182.613
217.099
257.923
269.69
269.866
269.325
269.474
269.644
269.615
269.594
269.602
269.715
270.065
270.849
271.92
272.607
272.869
272.982
273.063
273.135
273.148
273.135
273.116
273.075
273.021
272.96
272.891
272.81
272.71
272.591
272.458
272.325
272.208
272.109
272.02
271.93
271.825
271.693
271.538
271.381
271.236
271.102
270.976
270.854
270.726
270.584
270.429
270.281
270.147
270.019
269.901
269.793
269.685
269.567
269.438
269.293
269.133
268.968
268.829
268.711
268.607
268.514
268.421
268.311
268.166
268.079
180
180
180.01
182.029
215.693
258.391
269.202
268.921
269.582
269.663
269.605
269.678
269.718
269.82
270.207
271.091
272.166
272.755
272.967
273.076
273.158
273.226
273.215
273.188
273.151
273.096
273.036
272.973
272.903
272.817
272.712
272.589
272.454
272.316
272.189
272.084
271.994
271.907
271.807
271.682
271.534
271.369
271.207
271.068
270.946
270.833
270.718
270.592
270.446
270.293
270.154
270.022
269.896
269.782
269.683
269.589
269.485
269.366
269.227
269.075
268.926
268.785
268.663
268.554
268.456
268.356
268.224
268.173
180
180
180
180.006
181.975
212.117
258.242
267.589
269.646
269.416
269.591
269.85
269.846
269.902
270.325
271.312
272.402
272.902
273.084
273.191
273.279
273.31
273.281
273.235
273.179
273.117
273.054
272.987
272.912
272.822
272.713
272.588
272.458
272.327
272.199
272.087
271.991
271.897
271.792
271.669
271.525
271.365
271.203
271.064
270.949
270.846
270.741
270.625
270.489
270.336
270.189
270.054
269.927
269.81
269.708
269.617
269.529
269.433
269.327
269.205
269.071
268.932
268.806
268.688
268.588
268.496
268.37
268.341
180
180
180
180
180.006
181.346
211.466
253.79
269.644
269.431
269.797
269.866
269.816
269.931
270.46
271.57
272.57
272.966
273.139
273.268
273.358
273.353
273.321
273.262
273.194
273.129
273.066
272.999
272.924
272.837
272.73
272.609
272.487
272.366
272.244
272.123
272.016
271.912
271.799
271.672
271.533
271.384
271.234
271.1
270.995
270.901
270.805
270.698
270.574
270.429
270.281
270.145
270.024
269.914
269.814
269.723
269.636
269.544
269.448
269.345
269.239
269.124
269.016
268.908
268.817
268.735
268.612
268.617
180
180
180
180
180
180.003
181.195
206.952
253.762
266.995
270.019
269.867
269.719
269.919
270.713
272.002
272.708
272.935
273.086
273.23
273.333
273.34
273.32
273.269
273.203
273.143
273.083
273.014
272.942
272.861
272.761
272.65
272.54
272.432
272.319
272.198
272.078
271.959
271.839
271.715
271.586
271.454
271.321
271.199
271.1
271.012
270.922
270.822
270.707
270.578
270.443
270.317
270.208
270.114
270.023
269.933
269.843
269.749
269.655
269.557
269.465
269.367
269.28
269.188
269.11
269.039
268.933
268.96
180
180
180
180
180
180
180.003
180.825
203.76
249.063
269.634
269.935
269.7
270.094
271.168
272.411
272.748
272.847
273.013
273.153
273.252
273.292
273.296
273.272
273.217
273.164
273.109
273.04
272.962
272.871
272.77
272.672
272.582
272.496
272.402
272.293
272.173
272.051
271.935
271.825
271.714
271.597
271.478
271.367
271.276
271.198
271.116
271.025
270.919
270.803
270.682
270.57
270.475
270.395
270.312
270.219
270.119
270.016
269.916
269.821
269.739
269.657
269.59
269.515
269.449
269.382
269.285
269.315
180
180
180
180
180
180
180
180.002
180.552
200.75
248.429
265.196
269.104
270.162
271.757
272.484
272.646
272.782
273.015
273.176
273.267
273.318
273.331
273.31
273.261
273.203
273.144
273.076
272.988
272.889
272.795
272.713
272.647
272.585
272.518
272.436
272.339
272.231
272.126
272.03
271.936
271.839
271.735
271.629
271.536
271.457
271.376
271.287
271.187
271.08
270.97
270.866
270.777
270.703
270.626
270.529
270.416
270.302
270.193
270.097
270.017
269.945
269.887
269.827
269.767
269.704
269.606
269.625
180
180
180
180
180
180
180
180
180.001
180.417
196.827
241.894
267.739
271.016
272.328
272.44
272.663
272.93
273.139
273.319
273.428
273.494
273.491
273.461
273.403
273.334
273.271
273.203
273.127
273.047
272.972
272.913
272.868
272.829
272.784
272.721
272.632
272.524
272.42
272.327
272.241
272.152
272.051
271.935
271.825
271.729
271.638
271.544
271.448
271.351
271.253
271.156
271.063
270.982
270.901
270.799
270.677
270.553
270.434
270.341
270.26
270.196
270.135
270.08
270.013
269.952
269.845
269.836
180
180
180
180
180
180
180
180
180
180.001
180.229
193.468
239.955
264.712
271.334
272.388
273.196
273.339
273.379
273.524
273.714
273.825
273.834
273.782
273.7
273.629
273.574
273.519
273.455
273.382
273.313
273.26
273.221
273.184
273.137
273.068
272.973
272.861
272.756
272.662
272.571
272.474
272.357
272.217
272.08
271.961
271.855
271.757
271.667
271.58
271.491
271.397
271.293
271.195
271.105
270.991
270.859
270.726
270.61
270.521
270.438
270.373
270.304
270.249
270.172
270.105
269.994
269.938
180
180
180
180
180
180
180
180
180
180
180
180.159
190.192
234.596
268.54
273.48
274.377
273.723
273.637
273.684
273.945
274.156
274.218
274.172
274.101
274.062
274.034
273.994
273.921
273.812
273.709
273.639
273.593
273.549
273.492
273.409
273.296
273.171
273.057
272.952
272.848
272.731
272.588
272.423
272.266
272.127
272.006
271.903
271.814
271.731
271.646
271.552
271.441
271.323
271.216
271.084
270.947
270.81
270.707
270.621
270.54
270.469
270.391
270.324
270.24
270.159
270.044
269.968
180
180
180
180
180
180
180
180
180
180
180
180
180.087
188.097
235.049
266.592
273.62
273.992
274.007
274.099
274.348
274.57
274.602
274.532
274.434
274.421
274.423
274.406
274.331
274.188
274.041
273.953
273.901
273.847
273.768
273.654
273.508
273.356
273.227
273.118
273.007
272.873
272.71
272.536
272.37
272.217
272.085
271.979
271.891
271.811
271.73
271.639
271.528
271.398
271.265
271.115
270.971
270.845
270.755
270.674
270.589
270.505
270.415
270.337
270.252
270.173
270.072
269.972
180
180
180
180
180
180
180
180
180
180
180
180
180
180.058
186.957
233.062
270.872
275.604
275.278
274.748
274.845
274.991
274.948
274.836
274.69
274.626
274.618
274.617
274.558
274.422
274.251
274.152
274.075
273.995
273.893
273.755
273.603
273.448
273.316
273.204
273.085
272.937
272.771
272.598
272.42
272.249
272.103
271.987
271.897
271.823
271.752
271.673
271.569
271.427
271.272
271.118
270.97
270.855
270.763
270.686
270.604
270.514
270.413
270.317
270.227
270.14
270.035
269.905
180
180
180
180
180
180
180
180
180
180
180
180
180
180
180.044
186.739
234.878
269.202
274.8
274.738
274.938
275.212
275.132
275.036
274.855
274.763
274.729
274.724
274.667
274.551
274.374
274.246
274.14
274.033
273.926
273.781
273.636
273.498
273.369
273.246
273.113
272.961
272.793
272.616
272.43
272.243
272.084
271.959
271.866
271.794
271.726
271.648
271.55
271.422
271.269
271.109
270.956
270.846
270.757
270.673
270.582
270.479
270.355
270.236
270.13
270.034
269.926
269.798
180
180
180
180
180
180
180
180
180
180
180
180
180
180
180
180.041
186.553
233.835
271.976
275.809
275.638
275.526
275.409
275.213
274.957
274.816
274.791
274.781
274.729
274.624
274.439
274.282
274.15
274.026
273.917
273.772
273.637
273.519
273.395
273.255
273.098
272.946
272.781
272.605
272.406
272.214
272.048
271.914
271.811
271.731
271.657
271.577
271.482
271.362
271.216
271.062
270.912
270.801
270.708
270.616
270.514
270.399
270.266
270.134
270.009
269.895
269.78
269.639
180
180
180
180
180
180
180
180
180
180
180
180
180
180
180
180
180.04
186.588
235.625
268.934
274.682
275.62
275.556
275.243
274.958
274.814
274.82
274.817
274.776
274.663
274.441
274.258
274.132
274.02
273.912
273.766
273.629
273.501
273.377
273.242
273.098
272.952
272.784
272.601
272.394
272.194
272.014
271.861
271.744
271.652
271.567
271.474
271.368
271.247
271.11
270.967
270.829
270.716
270.615
270.513
270.399
270.271
270.128
269.992
269.858
269.736
269.611
269.456
180
180
180
180
180
180
180
180
180
180
180
180
180
180
180
180
180
180.04
186.452
232.127
270.793
276.431
275.927
274.953
274.724
274.554
274.663
274.767
274.728
274.611
274.36
274.168
274.056
273.957
273.85
273.702
273.563
273.428
273.287
273.159
273.047
272.91
272.746
272.558
272.351
272.154
271.975
271.815
271.686
271.576
271.473
271.366
271.245
271.111
270.975
270.846
270.722
270.609
270.499
270.385
270.256
270.111
269.966
269.823
269.683
269.554
269.42
269.254
180
180
180
180
180
180
180
180
180
180
180
180
180
180
180
180
180
180
180.035
185.809
232.333
271.681
274.106
274.523
274.407
274.34
274.484
274.539
274.517
274.408
274.163
273.985
273.887
273.813
273.722
273.58
273.441
273.292
273.143
273.039
272.936
272.81
272.657
272.467
272.266
272.07
271.895
271.751
271.632
271.52
271.402
271.274
271.131
270.974
270.829
270.712
270.606
270.495
270.382
270.261
270.115
269.95
269.796
269.645
269.5
269.371
269.231
269.06
180
180
180
180
180
180
180
180
180
180
180
180
180
180
180
180
180
180
180
180.031
185.636
232.239
268.235
275.668
275.132
274.617
274.611
274.491
274.344
274.187
273.969
273.822
273.733
273.667
273.604
273.473
273.331
273.154
272.993
272.889
272.781
272.668
272.524
272.332
272.13
271.933
271.779
271.658
271.555
271.45
271.329
271.187
271.018
270.843
270.687
270.56
270.468
270.378
270.267
270.148
270
269.816
269.644
269.485
269.332
269.202
269.066
268.894
180
180
180
180
180
180
180
180
180
180
180
180
180
180
180
180
180
180
180
180
180.032
185.153
228.026
268.275
274.838
274.681
274.666
274.519
274.385
274.108
273.898
273.714
273.605
273.549
273.507
273.374
273.229
273.026
272.848
272.751
272.65
272.548
272.402
272.208
271.991
271.785
271.643
271.535
271.452
271.361
271.237
271.088
270.903
270.711
270.547
270.409
270.312
270.242
270.142
270.028
269.889
269.704
269.516
269.352
269.193
269.059
268.931
268.761
180
180
180
180
180
180
180
180
180
180
180
180
180
180
180
180
180
180
180
180
180
180.025
184.182
224.316
267.483
274.74
274.79
274.404
274.18
274.027
273.766
273.525
273.414
273.371
273.338
273.202
273.053
272.853
272.699
272.617
272.537
272.453
272.304
272.106
271.862
271.636
271.498
271.395
271.324
271.248
271.124
270.972
270.784
270.579
270.41
270.264
270.155
270.085
269.998
269.886
269.755
269.581
269.393
269.229
269.072
268.936
268.817
268.653
180
180
180
180
180
180
180
180
180
180
180
180
180
180
180
180
180
180
180
180
180
180
180.018
183.214
223.826
264.568
273.58
274.413
274.098
273.779
273.5
273.277
273.177
273.198
273.171
273.01
272.84
272.641
272.511
272.433
272.379
272.31
272.166
271.965
271.71
271.49
271.363
271.264
271.194
271.117
270.993
270.843
270.66
270.456
270.284
270.135
270.011
269.927
269.846
269.738
269.61
269.447
269.267
269.107
268.956
268.821
268.709
268.555
180
180
180
180
180
180
180
180
180
180
180
180
180
180
180
180
180
180
180
180
180
180
180
180.013
182.944
218.229
261.396
274.511
274.462
273.868
273.395
273.33
273.306
273.276
273.12
272.92
272.689
272.498
272.376
272.291
272.239
272.144
271.986
271.768
271.509
271.323
271.212
271.131
271.067
270.974
270.846
270.699
270.522
270.336
270.172
270.027
269.895
269.788
269.699
269.593
269.465
269.313
269.141
268.982
268.838
268.704
268.593
268.45
180
180
180
180
180
180
180
180
180
180
180
180
180
180
180
180
180
180
180
180
180
180
180
180
180.011
181.818
211.279
260.528
273.32
273.893
273.73
273.633
273.534
273.452
273.219
272.915
272.616
272.42
272.296
272.237
272.153
272.006
271.816
271.566
271.315
271.159
271.052
270.985
270.928
270.82
270.688
270.53
270.359
270.202
270.059
269.918
269.782
269.659
269.553
269.448
269.326
269.186
269.03
268.867
268.721
268.587
268.471
268.328
180
180
180
180
180
180
180
180
180
180
180
180
180
180
180
180
180
180
180
180
180
180
180
180
180
180.004
181.102
208.197
257.206
271.465
273.537
273.879
273.681
273.479
273.166
272.725
272.422
272.26
272.19
272.162
272.077
271.908
271.689
271.417
271.172
271.023
270.914
270.849
270.785
270.665
270.517
270.35
270.195
270.064
269.933
269.795
269.649
269.51
269.386
269.278
269.171
269.047
268.912
268.77
268.618
268.472
268.351
268.192
180
180
180
180
180
180
180
180
180
180
180
180
180
180
180
180
180
180
180
180
180
180
180
180
180
180
180.002
180.795
203.986
249.278
272.068
273.394
273.406
273.287
272.891
272.473
272.23
272.107
272.052
272.034
271.966
271.792
271.573
271.33
271.1
270.938
270.81
270.718
270.637
270.512
270.36
270.205
270.071
269.945
269.813
269.67
269.51
269.344
269.197
269.072
268.968
268.868
268.757
268.64
268.509
268.357
268.221
268.049
180
180
180
180
180
180
180
180
180
180
180
180
180
180
180
180
180
180
180
180
180
180
180
180
180
180
180
180.002
180.459
196.28
243.685
270.077
273.522
273.423
272.884
272.533
272.26
272.098
271.985
271.906
271.823
271.648
271.471
271.288
271.09
270.906
270.747
270.614
270.492
270.359
270.22
270.085
269.961
269.84
269.705
269.553
269.379
269.191
269.021
268.879
268.761
268.667
268.573
268.467
268.352
268.214
268.072
267.894
180
180
180
180
180
180
180
180
180
180
180
180
180
180
180
180
180
180
180
180
180
180
180
180
180
180
180
180
180.001
180.209
191.193
238.465
265.84
272.806
272.775
272.614
272.322
272.108
271.96
271.831
271.669
271.519
271.372
271.219
271.057
270.883
270.699
270.523
270.357
270.201
270.053
269.918
269.798
269.683
269.556
269.414
269.253
269.075
268.895
268.734
268.598
268.482
268.382
268.277
268.164
268.034
267.896
267.719
180
180
180
180
180
180
180
180
180
180
180
180
180
180
180
180
180
180
180
180
180
180
180
180
180
180
180
180
180
180
180.101
188.215
226.013
265.054
271.313
272.13
272.045
271.967
271.806
271.666
271.508
271.347
271.213
271.08
270.961
270.814
270.642
270.452
270.249
270.055
269.886
269.734
269.606
269.487
269.365
269.239
269.107
268.962
268.8
268.638
268.483
268.342
268.215
268.089
267.963
267.835
267.703
267.531
180
180
180
180
180
180
180
180
180
180
180
180
180
180
180
180
180
180
180
180
180
180
180
180
180
180
180
180
180
180
180
180.056
183.754
218.926
258.329
271.963
272.658
272.224
271.764
271.568
271.328
271.119
270.984
270.87
270.771
270.664
270.52
270.349
270.168
269.976
269.785
269.613
269.458
269.314
269.183
269.06
268.94
268.822
268.687
268.538
268.386
268.229
268.075
267.931
267.789
267.651
267.521
267.354
180
180
180
180
180
180
180
180
180
180
180
180
180
180
180
180
180
180
180
180
180
180
180
180
180
180
180
180
180
180
180
180
180.016
181.946
209.081
253.361
269.163
271.168
271.32
271.383
271.219
271.027
270.835
270.708
270.59
270.495
270.373
270.202
270.025
269.861
269.7
269.534
269.367
269.204
269.051
268.911
268.78
268.66
268.542
268.403
268.256
268.1
267.941
267.79
267.641
267.496
267.366
267.202
180
180
180
180
180
180
180
180
180
180
180
180
180
180
180
180
180
180
180
180
180
180
180
180
180
180
180
180
180
180
180
180
180
180.005
180.858
198.823
243.709
266.133
271.962
271.78
271.417
271.056
270.743
270.6
270.468
270.342
270.17
269.978
269.803
269.663
269.541
269.415
269.272
269.122
268.969
268.812
268.662
268.521
268.388
268.25
268.104
267.953
267.8
267.652
267.503
267.359
267.229
267.064
180
180
180
180
180
180
180
180
180
180
180
180
180
180
180
180
180
180
180
180
180
180
180
180
180
180
180
180
180
180
180
180
180
180
180.001
180.271
191.707
230.335
265.092
270.232
270.823
270.825
270.701
270.433
270.329
270.176
269.977
269.761
269.585
269.462
269.346
269.24
269.117
268.978
268.839
268.691
268.539
268.392
268.246
268.101
267.958
267.812
267.667
267.524
267.374
267.227
267.096
266.931
180
180
180
180
180
180
180
180
180
180
180
180
180
180
180
180
180
180
180
180
180
180
180
180
180
180
180
180
180
180
180
180
180
180
180
180
180.107
185.301
220.223
256.85
269.934
271.3
270.978
270.315
270.201
270.081
269.936
269.704
269.476
269.313
269.166
269.045
268.939
268.811
268.674
268.526
268.38
268.237
268.095
267.956
267.821
267.687
267.545
267.4
267.244
267.089
266.952
266.791
180
180
180
180
180
180
180
180
180
180
180
180
180
180
180
180
180
180
180
180
180
180
180
180
180
180
180
180
180
180
180
180
180
180
180
180
180
180.027
182.168
207.566
249
267.258
269.498
269.624
269.89
270.008
269.87
269.648
269.44
269.253
269.089
268.935
268.807
268.675
268.517
268.352
268.2
268.05
267.919
267.802
267.685
267.564
267.424
267.271
267.111
266.948
266.805
266.651
180
180
180
180
180
180
180
180
180
180
180
180
180
180
180
180
180
180
180
180
180
180
180
180
180
180
180
180
180
180
180
180
180
180
180
180
180
180
180.006
180.743
195.268
236.286
261.961
270.01
270.446
270.205
269.645
269.358
269.162
269.041
268.919
268.803
268.697
268.576
268.413
268.221
268.04
267.876
267.743
267.638
267.533
267.417
267.274
267.118
266.958
266.797
266.656
266.513
180
180
180
180
180
180
180
180
180
180
180
180
180
180
180
180
180
180
180
180
180
180
180
180
180
180
180
180
180
180
180
180
180
180
180
180
180
180
180
180.001
180.174
187.525
219.67
258.658
268.014
269.194
269.071
268.923
268.842
268.832
268.732
268.63
268.536
268.439
268.297
268.11
267.907
267.732
267.595
267.487
267.384
267.264
267.116
266.959
266.801
266.647
266.513
266.378
180
180
180
180
180
180
180
180
180
180
180
180
180
180
180
180
180
180
180
180
180
180
180
180
180
180
180
180
180
180
180
180
180
180
180
180
180
180
180
180
180
180.051
182.339
207.538
246.534
265.749
269.973
269.661
269.238
268.851
268.633
268.477
268.343
268.222
268.101
267.938
267.756
267.588
267.456
267.347
267.238
267.111
266.955
266.794
266.642
266.497
266.372
266.239
180
180
180
180
180
180
180
180
180
180
180
180
180
180
180
180
180
180
180
180
180
180
180
180
180
180
180
180
180
180
180
180
180
180
180
180
180
180
180
180
180
180
180.007
180.696
195.009
230.442
262.09
267.373
268.42
268.536
268.498
268.383
268.219
268.042
267.898
267.769
267.615
267.46
267.311
267.19
267.071
266.938
266.786
266.63
266.486
266.353
266.233
266.093
180
180
180
180
180
180
180
180
180
180
180
180
180
180
180
180
180
180
180
180
180
180
180
180
180
180
180
180
180
180
180
180
180
180
180
180
180
180
180
180
180
180
180
180.001
180.175
185.123
215.747
250.611
266.286
269.058
268.839
268.47
268.143
267.905
267.713
267.581
267.47
267.344
267.191
267.049
266.917
266.774
266.622
266.473
266.332
266.202
266.083
265.934
180
180
180
180
180
180
180
180
180
180
180
180
180
180
180
180
180
180
180
180
180
180
180
180
180
180
180
180
180
180
180
180
180
180
180
180
180
180
180
180
180
180
180
180
180
180.026
181.477
199.673
236.092
262.138
266.914
267.819
268.002
267.814
267.565
267.421
267.326
267.226
267.102
266.935
266.773
266.605
266.443
266.299
266.163
266.035
265.919
265.772
180
180
180
180
180
180
180
180
180
180
180
180
180
180
180
180
180
180
180
180
180
180
180
180
180
180
180
180
180
180
180
180
180
180
180
180
180
180
180
180
180
180
180
180
180
180
180.003
180.314
187.405
219.901
251.274
266.487
268.185
267.763
267.403
267.286
267.141
267.029
266.947
266.805
266.62
266.439
266.267
266.121
265.988
265.868
265.755
265.612
180
180
180
180
180
180
180
180
180
180
180
180
180
180
180
180
180
180
180
180
180
180
180
180
180
180
180
180
180
180
180
180
180
180
180
180
180
180
180
180
180
180
180
180
180
180
180
180
180.049
182.194
201.331
238.53
260.952
266.266
267.669
267.474
267.066
266.839
266.772
266.669
266.498
266.303
266.103
265.939
265.826
265.725
265.63
265.488
180
180
180
180
180
180
180
180
180
180
180
180
180
180
180
180
180
180
180
180
180
180
180
180
180
180
180
180
180
180
180
180
180
180
180
180
180
180
180
180
180
180
180
180
180
180
180
180
180
180.006
180.399
188.571
220.102
250.205
265.994
266.938
266.474
266.502
266.641
266.601
266.455
266.226
265.963
265.787
265.689
265.636
265.555
265.415
180
180
180
180
180
180
180
180
180
180
180
180
180
180
180
180
180
180
180
180
180
180
180
180
180
180
180
180
180
180
180
180
180
180
180
180
180
180
180
180
180
180
180
180
180
180
180
180
180
180
180
180.062
182.326
200.038
236.808
258.25
265.63
267.119
267.027
266.711
266.433
266.07
265.746
265.584
265.513
265.509
265.469
265.319
180
180
180
180
180
180
180
180
180
180
180
180
180
180
180
180
180
180
180
180
180
180
180
180
180
180
180
180
180
180
180
180
180
180
180
180
180
180
180
180
180
180
180
180
180
180
180
180
180
180
180
180
180.007
180.348
187.634
215.663
248.004
263.076
265.396
265.82
265.95
265.788
265.564
265.425
265.36
265.37
265.365
265.201
180
180
180
180
180
180
180
180
180
180
180
180
180
180
180
180
180
180
180
180
180
180
180
180
180
180
180
180
180
180
180
180
180
180
180
180
180
180
180
180
180
180
180
180
180
180
180
180
180
180
180
180
180
180
180.05
181.653
196.487
230.673
254.158
264.963
266.514
266.326
265.794
265.536
265.361
265.266
265.211
265.042
180
180
180
180
180
180
180
180
180
180
180
180
180
180
180
180
180
180
180
180
180
180
180
180
180
180
180
180
180
180
180
180
180
180
180
180
180
180
180
180
180
180
180
180
180
180
180
180
180
180
180
180
180
180
180
180.004
180.219
185.248
208.287
241.715
259.636
264.355
265.409
265.323
265.142
265.004
265
264.864
180
180
180
180
180
180
180
180
180
180
180
180
180
180
180
180
180
180
180
180
180
180
180
180
180
180
180
180
180
180
180
180
180
180
180
180
180
180
180
180
180
180
180
180
180
180
180
180
180
180
180
180
180
180
180
180
180
180.026
180.848
190.997
220.569
248.728
263.634
264.379
264.442
264.588
264.817
264.799
180
180
180
180
180
180
180
180
180
180
180
180
180
180
180
180
180
180
180
180
180
180
180
180
180
180
180
180
180
180
180
180
180
180
180
180
180
180
180
180
180
180
180
180
180
180
180
180
180
180
180
180
180
180
180
180
180
180
180.001
180.096
182.576
198.905
231.474
253.61
262.567
265.286
265.277
265.002
180
180
180
180
180
180
180
180
180
180
180
180
180
180
180
180
180
180
180
180
180
180
180
180
180
180
180
180
180
180
180
180
180
180
180
180
180
180
180
180
180
180
180
180
180
180
180
180
180
180
180
180
180
180
180
180
180
180
180
180
180.008
180.309
185.392
207.968
238.027
258.868
262.345
263.411
180
180
180
180
180
180
180
180
180
180
180
180
180
180
180
180
180
180
180
180
180
180
180
180
180
180
180
180
180
180
180
180
180
180
180
180
180
180
180
180
180
180
180
180
180
180
180
180
180
180
180
180
180
180
180
180
180
180
180
180
180
180
180.027
180.825
189.443
216.666
243.102
260.345
180
180
180
180
180
180
180
180
180
180
180
180
180
180
180
180
180
180
180
180
180
180
180
180
180
180
180
180
180
180
180
180
180
180
180
180
180
180
180
180
180
180
180
180
180
180
180
180
180
180
180
180
180
180
180
180
180
180
180
180
180
180
180
180.001
180.078
181.708
194.541
221.051
180
180
180
180
180
180
180
180
180
180
180
180
180
180
180
180
180
180
180
180
180
180
180
180
180
180
180
180
180
180
180
180
180
180
180
180
180
180
180
180
180
180
180
180
180
180
180
180
180
180
180
180
180
180
180
180
180
180
180
180
180
180
180
180
180
180.004
180.357
180.169
180
180
180
180
180
180
180
180
180
180
180
180
180
180
180
180
180
180
180
180
180
180
180
180
180
180
180
180
180
180
180
180
180
180
180
180
180
180
180
180
180
180
180
180
180
180
180
180
180
180
180
180
180
180
180
180
180
180
180
180
180
180
180
180
180
180
180.001
179.967
180
180
180
180
180
180
180
180
180
180
180
180
180
180
180
180
180
180
180
180
180
180
180
180
180
180
180
180
180
180
180
180
180
180
180
180
180
180
180
180
180
180
180
180
180
180
180
180
180
180
180
180
180
180
180
180
180
180
180
180
180
180
180
180
180
180
180
179.997
180
180
180
180
180
180
180
180
180
180
180
180
180
180
180
180
180
180
180
180
180
180
180
180
180
180
180
180
180
180
180
180
180
180
180
180
180
180
180
180
180
180
180
180
180
180
180
180
180
180
180
180
180
180
180
180
180
180
180
180
180
180
180
180
180
180
180
180
180
180
180
180
180
180
180
180
180
180
180
180
180
180
180
180
180
180
180
180
180
180
180
180
180
180
180
180
180
180
180
180
180
180
180
180
180
180
180
180
180
180
180
180
180
180
180
180
180
180
180
180
180
180
180
180
180
180
180
180
180
180
180
180
180
180
180
180
180
180
180
180
180
180
180
180
180
180
180
180
180
180
180
180
180
180
180
180
180
180
180
180
180
180
180
180
180
180
180
180
180
180
180
180
180
180
180
180
180
180
180
180
180
180
180
180
180
180
180
180
180
180
180
180
180
180
180
180
180
180
180
180
180
180
180
180
180
180
180
180
180
180
180
180
180
180
180
180
180
180
180
180
180
180
180
180
180
180
180
180
180
180
180
180
180
180
180
180
180
180
180
180
180
180
180
180
180
180
180
180
180
180
180
180
180
180
180
180
180
180
180
180
180
180
180
180
180
180
180
180
180
180
180
180
180
180
180
180
180
180
180
180
180
180
180
180
180
180
180
180
180
180
180
180
180
180
180
180
180
180
180
180
180
180
180
180
180
180
180
180
180
180
180
180
180
180
180
180
180
180
180
180
180
180
180
180
180
180
180
180
180
180
180
180
180
180
180
180
180
180
180
180
180
180
180
180
180
180
180
180
180
180
180
180
180
180
180
180
180
180
180
180
180
180
180
180
180
180
180
180
180
180
180
180
180
180
180
180
180
180
180
180
180
180
180
180
180
180
180
180
180
180
180
180
180
180
180
180
180
180
180
180
180
180
180
180
180
180
180
180
180
180
180
180
180
180
180
180
180
180
180
180
180
180
180
180
180
180
180
180
180
180
180
180
180
180
180
180
180
180
180
180
180
180
180
180
180
180
180
180
180
180
180
180
180
180
180
180
180
180
180
180
180
180
180
180
180
180
180
180
180
180
180
180
180
180
180
180
180
180
180
180
180
180
180
180
180
180
180
180
180
180
180
180
180
180
180
180
180
180
180
180
180
180
180
180
180
180
180
180
180
180
180
180
180
180
180
180
180
180
180
180
180
180
180
180
180
180
180
180
180
180
180
180
180
180
180
180
180
180
180
180
180
180
180
180
180
180
180
180
180
180
180
180
180
180
180
180
180
180
180
180
180
180
180
180
180
180
180
180
180
180
180
180
180
180
180
180
180
180
180
180
180
180
180
180
180
180
180
180
180
180
180
180
180
180
180
180
180
180
180
180
180
180
180
180
180
180
180
180
180
180
180
180
180
180
180
180
180
180
180
180
180
180
180
180
180
180
180
180
180
180
180
180
180
180
180
180
180
180
180
180
180
180
180
180
180
180
180
180
180
180
180
180
180
180
180
180
180
180
180
180
180
180
180
180
180
180
180
180
180
180
180
180
180
180
180
180
180
180
180
180
180
180
180
180
180
180
180
180
180
180
180
180
180
180
180
180
180
180
180
180
180
180
180
180
180
180
180
180
180
180
180
180
180
180
180
180
180
180
180
180
180
180
180
180
180
180
180
180
180
180
180
180
180
180
180
180
180
180
180
180
180
180
180
180
180
180
180
180
180
180
180
180
180
180
180
180
180
180
180
180
180
180
180
180
180
180
180
180
180
180
180
180
180
180
180
180
180
180
180
180
180
180
180
180
180
180
180
180
180
180
180
180
180
180
180
180
180
180
180
180
180
180
180
180
180
180
180
180
180
180
180
180
180
180
180
180
180
180
180
180
180
180
180
180
180
180
180
180
180
180
180
180
180
180
180
180
180
180
180
180
180
180
180
180
180
180
180
180
180
180
180
180
180
180
180
180
180
180
180
180
180
180
180
180
180
180
180
180
180
180
180
180
180
180
180
180
180
180
180
180
180
180
180
180
180
180
180
180
180
180
180
180
180
180
180
180
180
180
180
180
180
180
180
180
180
180
180
180
180
180
180
180
180
180
180
180
180
180
180
180
180
180
180
180
180
180
180
180
180
180
180
180
180
180
180
180
180
180
180
180
180
180
180
180
180
180
180
180
180
180
180
180
180
180
180
180
180
180
180
180
180
180
180
180
180
180
180
180
180
180
180
180
180
180
180
180
180
180
180
180
180
180
180
180
180
180
180
180
180
180
180
180
180
180
180
180
180
180
180
180
180
180
180
180
180
180
180
180
180
180
180
180
180
180
180
180
180
180
180
180
180
180
180
180
180
180
180
180
180
180
180
180
180
180
180
180
180
180
180
180
180
180
180
180
180
180
180
180
180
180
180
180
180
180
180
180
180
180
180
180
180
180
180
180
180
180
180
180
180
180
180
180
180
180
180
180
180
180
180
180
180
180
180
180
180
180
180
180
180
180
180
180
180
180
180
180
180
180
180
180
180
180
180
180
180
180
180
180
180
180
180
180
180
180
180
180
180
180
180
180
180
180
180
180
180
180
180
180
180
180
180
180
180
180
180
180
180
180
180
180
180
180
180
180
180
180
180
180
180
180
180
180
180
180
180
180
180
180
180
180
180
180
180
180
180
180
180
180
180
180
180
180
180
180
180
180
180
180
180
180
180
180
180
180
180
180
180
180
180
180
180
180
180
180
180
180
180
180
180
180
180
180
180
180
180
180
180
180
180
180
180
180
180
180
180
180
180
180
180
180
180
180
180
180
180
180
180
180
180
180
180
180
180
180
180
180
180
180
180
180
180
180
180
180
180
180
180
180
180
180
180
180
180
180
180
180
180
180
180
180
180
180
180
180
180
180
180
180
180
180
180
180
180
180
180
180
180
180
180
180
180
180
180
180
180
180
180
180
180
180
180
180
180
180
180
180
180
180
180
180
180
180
180
180
180
180
180
180
180
180
180
180
180
180
180
180
180
180
180
180
180
180
180
180
180
180
180
180
180
180
180
180
180
180
180
180
180
180
180
180
180
180
180
180
180
180
180
180
180
180
180
180
180
180
180
180
180
180
180
180
180
180
180
180
180
180
180
180
180
180
180
180
180
180
180
180
180
180
180
180
180
180
180
180
180
180
180
180
180
180
180
180
180
180
180
180
180
180
180
180
180
180
180
180
180
180
180
180
180
180
180
180
180
180
180
180
180
180
180
180
180
180
180
180
180
180
180
180
180
180
180
180
180
180
180
180
180
180
180
180
180
180
180
180
180
180
180
180
180
180
180
180
180
180
180
180
180
180
180
180
180
180
180
180
180
180
180
180
180
180
180
180
180
180
180
180
180
180
180
180
180
180
180
180
180
180
180
180
180
180
180
180
180
180
180
180
180
180
180
180
180
180
180
180
180
180
180
180
180
180
180
180
180
180
180
180
180
180
180
180
180
180
180
180
180
180
180
180
180
180
180
180
180
180
180
180
180
180
180
180
180
180
180
180
180
180
180
180
180
180
180
180
180
180
180
180
180
180
180
180
180
180
180
180
180
180
180
180
180
180
180
180
180
180
180
180
180
180
180
180
180
180
180
180
180
180
180
180
180
180
180
180
180
180
180
180
180
180
180
180
180
180
180
180
180
180
180
180
180
180
180
180
180
180
180
180
180
180
180
180
180
180
180
180
180
180
180
180
180
180
180
180
180
180
180
180
180
180
180
180
180
180
180
180
180
180
180
180
180
180
180
180
180
180
180
180
180
180
180
180
180
180
180
180
180
180
180
180
180
180
180
180
180
180
180
180
180
180
180
180
180
180
180
180
180
180
180
180
180
180
180
180
180
180
180
180
180
180
180
180
180
180
180
180
180
180
180
180
180
180
180
180
180
180
180
180
180
180
180
180
180
180
180
180
180
180
180
180
180
180
180
180
180
180
180
180
180
180
180
180
180
180
180
180
180
180
180
180
180
180
180
180
180
180
180
180
180
180
180
180
180
180
180
180
180
180
180
180
180
180
180
180
180
180
180
180
180
180
180
180
180
180
180
180
180
180
180
180
180
180
180
180
180
180
180
180
180
180
180
180
180
180
180
180
180
180
180
180
180
180
180
180
180
180
180
180
180
180
180
180
180
180
180
180
180
180
180
180
180
180
180
180
180
180
180
180
180
180
180
180
180
180
180
180
180
180
180
180
180
180
180
180
180
180
180
180
180
180
180
180
180
180
180
180
180
180
180
180
180
180
180
180
180
180
180
180
180
180
180
180
180
180
180
180
180
180
180
180
180
180
180
180
180
180
180
180
180
180
180
180
180
180
180
180
180
180
180
180
180
180
180
180
180
180
180
180
180
180
180
180
180
180
180
180
180
180
180
180
180
180
180
180
180
180
180
180
180
180
180
180
180
180
180
180
180
180
180
180
180
180
180
180
180
180
180
180
180
180
180
180
180
180
180
180
180
180
180
180
180
180
180
180
180
180
180
180
180
180
180
180
180
180
180
180
180
180
180
180
180
180
180
180
180
180
180
180
180
180
180
180
180
180
180
180
180
180
180
180
180
180
180
180
180
180
180
180
180
180
180
180
180
180
180
180
180
180
180
180
180
180
180
180
180
180
180
180
180
180
180
180
180
180
180
180
180
180
180
180
180
180
180
180
180
180
180
180
180
180
180
180
180
180
180
180
180
180
180
180
180
180
180
180
180
180
180
180
180
180
180
180
180
180
180
180
180
180
180
180
180
180
180
180
180
180
180
180
180
180
180
180
180
180
180
180
180
180
180
180
180
180
180
180
180
180
180
180
180
180
180
180
180
180
180
180
180
180
180
180
180
180
180
180
180
180
180
180
180
180
180
180
180
180
180
180
180
180
180
180
180
180
180
180
180
180
180
180
180
180
180
180
180
180
180
180
219.355
193.96
190.327
195.062
199.85
199.65
199.175
198.518
197.822
197.5
197.142
196.705
196.282
195.925
195.48
195.121
194.825
194.488
194.142
193.588
240.976
217.985
202.218
197.592
196.591
196.985
197.582
197.546
197.241
196.917
196.58
196.197
195.837
195.519
195.147
194.822
194.543
194.235
193.915
193.389
249.731
225.302
205.901
197.273
193.235
193.647
195.004
195.536
195.562
195.388
195.12
194.858
194.609
194.403
194.177
193.937
193.738
193.503
193.236
192.789
255.32
233.365
213.94
201.108
192.221
192.703
192.778
193.442
193.833
193.693
193.434
193.241
193.083
192.959
192.806
192.686
192.558
192.394
192.198
191.842
259.106
240.338
221.688
206.406
193.699
193.083
191.776
192.017
192.661
192.656
192.342
192.089
191.885
191.739
191.622
191.515
191.397
191.264
191.104
190.8
261.664
245.911
228.709
213.151
199.479
194.6
191.58
191.424
192.079
192.096
191.846
191.549
191.262
191.06
190.903
190.779
190.625
190.472
190.312
190.007
263.392
250.191
234.682
219.764
205.495
197.073
191.407
191.665
192.017
191.741
191.623
191.382
191.041
190.787
190.594
190.438
190.24
190.058
189.879
189.534
264.597
253.423
239.731
225.415
211.744
201.506
192.652
192.569
191.893
191.491
191.547
191.361
190.998
190.727
190.496
190.304
190.063
189.861
189.671
189.305
265.393
255.998
243.745
230.422
217.503
205.984
195.67
193.496
191.41
191.335
191.496
191.309
190.95
190.689
190.443
190.237
189.974
189.755
189.566
189.215
265.917
258.007
246.981
234.774
222.335
210.74
200.051
194.898
191.299
191.365
191.463
191.15
190.879
190.653
190.387
190.179
189.915
189.695
189.512
189.174
266.291
259.572
249.717
238.362
226.651
215.318
204.422
196.965
191.637
191.779
191.436
190.898
190.783
190.587
190.319
190.12
189.868
189.654
189.465
189.13
266.564
260.849
252.013
241.434
230.496
219.351
208.812
200.037
192.739
192.438
191.39
190.678
190.686
190.513
190.249
190.056
189.819
189.606
189.405
189.096
266.782
261.914
253.972
244.143
233.836
223.056
212.9
203.438
195.069
192.987
190.94
190.538
190.658
190.435
190.178
189.987
189.758
189.544
189.345
189.072
266.966
262.808
255.692
246.539
236.794
226.485
216.508
207.082
198.09
193.892
190.81
190.64
190.633
190.329
190.124
189.939
189.699
189.492
189.3
189.071
267.146
263.563
257.208
248.679
239.505
229.554
219.915
210.605
201.396
195.46
190.998
191.03
190.596
190.175
190.11
189.925
189.664
189.457
189.284
189.095
267.327
264.247
258.53
250.643
241.918
232.487
223.03
213.923
204.905
197.588
191.76
191.494
190.619
190.093
190.128
189.948
189.683
189.48
189.305
189.151
267.52
264.879
259.73
252.416
244.122
235.171
225.974
216.999
208.28
200.177
193.537
191.998
190.385
190.072
190.173
190.003
189.761
189.513
189.342
189.23
267.717
265.495
260.819
254.059
246.17
237.633
228.782
219.878
211.447
203.078
195.829
192.615
190.394
190.191
190.216
190.01
189.826
189.584
189.405
189.339
267.936
266.013
261.802
255.555
248.085
239.899
231.445
222.621
214.454
206.025
198.464
193.722
190.498
190.546
190.272
190.047
189.925
189.701
189.524
189.487
268.236
266.545
262.76
256.973
249.927
242.024
233.902
225.31
217.214
208.988
201.256
195.268
190.957
191.072
190.376
190.174
190.078
189.866
189.694
189.661
268.6
267.112
263.707
258.331
251.702
244.093
236.265
227.89
219.905
211.873
204.065
197.266
192.093
191.609
190.542
190.421
190.272
190.061
189.898
189.849
268.986
267.684
264.634
259.663
253.41
246.095
238.524
230.439
222.517
214.601
206.988
199.571
193.853
191.967
190.708
190.724
190.496
190.284
190.115
190.036
269.343
268.218
265.493
260.925
255.037
248.077
240.683
232.896
225.12
217.24
209.794
202.161
195.994
192.487
191.045
191.019
190.684
190.52
190.338
190.207
269.612
268.663
266.248
262.071
256.548
249.932
242.817
235.211
227.651
219.861
212.489
204.851
198.408
193.383
191.826
191.329
190.859
190.76
190.551
190.361
269.769
268.99
266.879
263.062
257.898
251.652
244.811
237.455
230.055
222.401
215.077
207.562
200.796
194.896
192.661
191.589
191.072
190.987
190.727
190.479
269.829
269.192
267.353
263.882
259.073
253.178
246.66
239.532
232.328
224.843
217.549
210.155
203.237
196.879
193.314
191.907
191.344
191.185
190.85
190.557
269.837
269.301
267.693
264.541
260.072
254.509
248.301
241.453
234.42
227.116
219.927
212.595
205.625
199.03
194.295
192.415
191.637
191.361
190.93
190.614
269.79
269.339
267.931
265.065
260.903
255.661
249.74
243.175
236.343
229.221
222.12
214.931
207.903
201.228
195.617
193.046
191.928
191.488
190.996
190.664
269.692
269.309
268.09
265.485
261.6
256.648
251
244.704
238.082
231.141
224.177
217.071
210.124
203.346
197.326
193.626
192.218
191.597
191.054
190.691
269.549
269.228
268.171
265.811
262.186
257.499
252.103
246.055
239.658
232.89
226.068
219.082
212.233
205.387
199.206
194.531
192.659
191.703
191.114
190.717
269.378
269.1
268.173
266.053
262.674
258.241
253.074
247.264
241.071
234.499
227.823
220.942
214.226
207.427
201.021
195.789
193.151
191.747
191.178
190.741
269.185
268.943
268.142
266.233
263.093
258.89
253.947
248.35
242.363
235.974
229.461
222.707
216.089
209.376
202.93
197.215
193.836
191.843
191.276
190.761
268.992
268.777
268.081
266.372
263.458
259.486
254.742
249.353
243.55
237.355
230.993
224.382
217.861
211.257
204.771
198.814
194.731
192.019
191.364
190.763
268.815
268.618
268.006
266.48
263.791
260.039
255.492
250.292
244.669
238.652
232.453
225.974
219.556
213.05
206.599
200.465
195.756
192.389
191.459
190.75
268.66
268.471
267.931
266.569
264.095
260.565
256.207
251.191
245.741
239.889
233.846
227.509
221.184
214.747
208.406
202.11
196.896
192.953
191.6
190.735
268.53
268.336
267.852
266.639
264.371
261.057
256.896
252.059
246.773
241.09
235.179
228.983
222.763
216.377
210.118
203.797
198.148
193.621
191.792
190.719
268.421
268.216
267.773
266.687
264.613
261.513
257.549
252.896
247.777
242.245
236.478
230.398
224.274
217.969
211.747
205.447
199.487
194.504
192.182
190.744
268.315
268.107
267.693
266.716
264.818
261.924
258.16
253.695
248.739
243.371
237.717
231.776
225.721
219.5
213.326
207.024
200.911
195.576
192.624
190.781
268.203
268
267.615
266.732
264.993
262.292
258.721
254.447
249.66
244.438
238.927
233.085
227.123
220.969
214.851
208.541
202.354
196.845
193.266
190.869
268.078
267.886
267.534
266.737
265.143
262.62
259.238
255.143
250.527
245.461
240.066
234.357
228.463
222.383
216.322
210.008
203.824
198.181
194.105
191.058
267.935
267.759
267.446
266.735
265.277
262.92
259.707
255.794
251.332
246.421
241.16
235.55
229.769
223.743
217.717
211.461
205.293
199.593
195.093
191.336
267.777
267.621
267.352
266.727
265.398
263.194
260.144
256.389
252.091
247.314
242.191
236.696
230.999
225.078
219.054
212.857
206.801
201.028
196.186
191.749
267.607
267.473
267.247
266.706
265.503
263.444
260.541
256.947
252.784
248.162
243.154
237.784
232.189
226.335
220.372
214.223
208.277
202.506
197.365
192.246
267.429
267.319
267.132
266.667
265.585
263.667
260.907
257.457
253.444
248.942
244.08
238.809
233.33
227.552
221.629
215.599
209.74
203.932
198.628
192.886
267.249
267.155
267
266.606
265.64
263.86
261.243
257.934
254.051
249.692
244.941
239.804
234.418
228.723
222.866
216.951
211.195
205.341
199.888
193.626
267.082
266.989
266.858
266.522
265.662
264.023
261.549
258.385
254.631
250.393
245.779
240.748
235.468
229.857
224.083
218.295
212.604
206.718
201.173
194.462
266.931
266.829
266.708
266.417
265.656
264.159
261.837
258.811
255.187
251.069
246.57
241.667
236.477
230.955
225.304
219.625
213.964
208.05
202.461
195.379
266.792
266.676
266.556
266.298
265.629
264.272
262.102
259.224
255.721
251.722
247.339
242.542
237.455
232.041
226.51
220.937
215.284
209.326
203.736
196.377
266.657
266.531
266.406
266.171
265.582
264.361
262.346
259.608
256.238
252.35
248.078
243.391
238.394
233.118
227.719
222.206
216.541
210.582
205
197.424
266.523
266.392
266.261
266.043
265.524
264.428
262.561
259.968
256.724
252.96
248.787
244.203
239.322
234.177
228.914
223.43
217.744
211.791
206.259
198.527
266.396
266.26
266.119
265.909
265.453
264.475
262.751
260.294
257.184
253.534
249.469
244.993
240.227
235.245
230.063
224.595
218.901
212.971
207.496
199.665
266.267
266.123
265.966
265.762
265.362
264.499
262.92
260.599
257.609
254.082
250.115
245.766
241.137
236.281
231.176
225.685
220.005
214.13
208.719
200.823
266.133
265.984
265.809
265.601
265.252
264.501
263.067
260.882
258.011
254.597
250.744
246.531
242.043
237.297
232.21
226.722
221.076
215.261
209.925
201.994
265.988
265.831
265.65
265.442
265.136
264.487
263.195
261.146
258.389
255.094
251.356
247.304
242.944
238.253
233.182
227.699
222.122
216.384
211.108
203.16
265.83
265.674
265.501
265.298
265.024
264.46
263.299
261.389
258.75
255.579
251.98
248.079
243.819
239.142
234.075
228.644
223.152
217.492
212.274
204.319
265.666
265.514
265.359
265.174
264.914
264.418
263.375
261.603
259.097
256.074
252.617
248.852
244.64
239.951
234.914
229.563
224.174
218.59
213.418
205.464
265.496
265.347
265.209
265.053
264.802
264.351
263.412
261.79
259.443
256.591
253.277
249.588
245.386
240.686
235.707
230.475
225.188
219.67
214.539
206.594
265.338
265.177
265.041
264.913
264.681
264.261
263.423
261.962
259.807
257.138
253.928
250.257
246.038
241.369
236.488
231.383
226.188
220.728
215.636
207.71
265.203
265.002
264.855
264.743
264.546
264.164
263.431
262.15
260.202
257.69
254.527
250.821
246.613
242.026
237.267
232.292
227.17
221.755
216.711
208.814
265.085
264.828
264.659
264.545
264.382
264.067
263.463
262.383
260.627
258.195
255.02
251.292
247.133
242.682
238.059
233.193
228.127
222.753
217.765
209.908
264.963
264.686
264.491
264.354
264.205
263.974
263.538
262.657
261.022
258.591
255.391
251.693
247.646
243.355
238.854
234.078
229.056
223.727
218.807
210.995
264.796
264.558
264.38
264.208
264.058
263.954
263.694
262.919
261.3
258.839
255.668
252.078
248.177
244.045
239.637
234.929
229.958
224.684
219.835
212.073
264.582
264.338
264.203
264.066
264.079
264.081
263.865
263.043
261.392
258.961
255.906
252.48
248.736
244.734
240.394
235.745
230.838
225.632
220.851
213.138
264.423
264.113
264.013
264.064
264.169
264.226
263.893
262.983
261.367
259.059
256.17
252.923
249.315
245.406
241.117
236.532
231.705
226.572
221.846
214.182
264.467
264.136
264.143
264.325
264.391
264.195
263.752
262.86
261.32
259.188
256.484
253.394
249.885
246.04
241.811
237.301
232.561
227.502
222.82
215.204
263.612
264.165
264.477
264.689
264.51
264.049
263.343
262.501
261.232
259.361
256.842
253.869
250.431
246.641
242.486
238.064
233.406
228.415
223.77
216.202
263.165
264.657
264.743
264.574
264.088
263.522
262.977
262.286
261.254
259.582
257.207
254.335
250.962
247.224
243.15
238.816
234.233
229.304
224.699
217.181
256.194
266.078
265.427
264.025
263.173
262.933
262.752
262.313
261.363
259.767
257.515
254.753
251.457
247.791
243.806
239.55
235.031
230.167
225.611
218.143
224.386
263.15
263.578
263.16
263.15
263.058
262.823
262.396
261.473
259.945
257.811
255.154
251.932
248.346
244.444
240.259
235.803
231.007
226.508
219.092
188.097
238.013
262.763
264.306
264.171
263.585
262.984
262.42
261.572
260.247
258.163
255.53
252.367
248.889
245.073
240.936
236.539
231.82
227.39
220.032
180.326
197.924
247.622
265.162
264.914
263.752
263.037
262.459
261.761
260.546
258.616
255.944
252.78
249.402
245.661
241.592
237.275
232.63
228.26
220.963
180.004
181.543
212.413
256.52
263.75
263.519
263.112
262.725
262.134
260.967
258.993
256.365
253.318
250.001
246.283
242.218
237.97
233.416
229.116
221.886
180
180.045
185.537
230.091
261.144
263.723
263.367
263.048
262.493
261.346
259.408
256.874
253.85
250.592
246.921
242.861
238.67
234.189
229.951
222.789
180
180.001
180.283
195.601
246.235
261.561
263.121
263
262.483
261.5
259.766
257.406
254.516
251.297
247.548
243.479
239.355
234.955
230.778
223.679
180
180
180.006
181.591
213.908
254.89
263.362
263.056
262.435
261.457
260.007
257.939
255.241
252.014
248.234
244.193
240.092
235.701
231.571
224.543
180
180
180
180.062
187.102
235.216
261.098
262.638
262.156
261.336
260.209
258.446
255.92
252.709
248.951
244.963
240.891
236.495
232.378
225.404
180
180
180
180.001
180.503
202.943
250.923
261.896
261.818
261.302
260.417
258.869
256.465
253.303
249.673
245.817
241.761
237.302
233.193
226.273
180
180
180
180
180.017
183.699
227.47
259.1
261.428
261.156
260.453
259.083
256.797
253.76
250.356
246.676
242.67
238.183
234.044
227.157
180
180
180
180
180
180.224
196.918
247.58
259.808
260.942
260.462
259.179
256.972
254.115
250.967
247.476
243.548
239.097
234.957
228.083
180
180
180
180
180
180.007
182.377
222.533
256.052
261.082
260.499
259.173
257.08
254.418
251.476
248.129
244.321
240.003
235.901
229.036
180
180
180
180
180
180
180.146
193.946
244.369
260.451
260.365
259.132
257.171
254.688
251.88
248.639
244.968
240.845
236.838
230.015
180
180
180
180
180
180
180.005
181.852
220.319
256.845
259.933
259.035
257.291
254.937
252.207
249.048
245.498
241.57
237.703
230.99
180
180
180
180
180
180
180
180.116
193.54
245.087
259.175
258.864
257.48
255.205
252.555
249.462
245.978
242.187
238.487
231.942
180
180
180
180
180
180
180
180.005
181.951
222.214
256.666
258.875
257.688
255.499
252.938
249.874
246.414
242.72
239.184
232.825
180
180
180
180
180
180
180
180
180.138
195.594
246.94
257.932
257.558
255.92
253.378
250.287
246.858
243.245
239.829
233.619
180
180
180
180
180
180
180
180
180.006
182.653
226.941
255.654
257.845
256.403
253.804
250.706
247.355
243.805
240.421
234.303
180
180
180
180
180
180
180
180
180
180.226
200.275
247.862
257.542
256.579
254.146
251.146
247.912
244.372
240.971
234.931
180
180
180
180
180
180
180
180
180
180.013
184.352
231.752
256.222
256.446
254.471
251.623
248.472
244.888
241.497
235.558
180
180
180
180
180
180
180
180
180
180.001
180.453
207.074
250.425
256.119
254.8
252.134
248.932
245.298
242.042
236.229
180
180
180
180
180
180
180
180
180
180
180.032
187.741
237.421
254.992
254.796
252.652
249.332
245.725
242.649
236.928
180
180
180
180
180
180
180
180
180
180
180.002
181.107
215.876
251.956
254.857
252.953
249.74
246.282
243.261
237.548
180
180
180
180
180
180
180
180
180
180
180
180.1
193.585
242.842
254.106
253.063
250.274
246.977
243.84
238.119
180
180
180
180
180
180
180
180
180
180
180
180.007
182.717
226.308
252.672
253.131
250.938
247.673
244.364
238.705
180
180
180
180
180
180
180
180
180
180
180
180
180.313
203.443
246.897
252.87
251.383
248.206
244.947
239.409
180
180
180
180
180
180
180
180
180
180
180
180
180.027
186.831
235.333
252.05
251.378
248.659
245.625
240.201
180
180
180
180
180
180
180
180
180
180
180
180
180.002
181.093
216.511
249.14
251.236
249.211
246.364
240.915
180
180
180
180
180
180
180
180
180
180
180
180
180
180.12
195.578
241.228
250.845
249.695
246.974
241.465
180
180
180
180
180
180
180
180
180
180
180
180
180
180.011
183.867
227.865
249.847
249.838
247.43
241.947
180
180
180
180
180
180
180
180
180
180
180
180
180
180.001
180.584
208.146
245.391
249.735
247.728
242.535
180
180
180
180
180
180
180
180
180
180
180
180
180
180
180.067
190.497
236.216
249
248.115
243.343
180
180
180
180
180
180
180
180
180
180
180
180
180
180
180.006
182.312
221.71
247.665
248.37
244.191
180
180
180
180
180
180
180
180
180
180
180
180
180
180
180
180.336
202.357
242.885
247.889
244.795
)
;

boundaryField
{
    inlet
    {
        type            fixedValue;
        value           nonuniform List<scalar> 0();
    }
    outlet
    {
        type            zeroGradient;
    }
    bottom
    {
        type            symmetryPlane;
    }
    top
    {
        type            zeroGradient;
    }
    obstacle
    {
        type            zeroGradient;
    }
    defaultFaces
    {
        type            empty;
    }
    procBoundary1to0
    {
        type            processor;
        value           nonuniform List<scalar> 
103
(
269.308
269.685
270.404
271.251
271.535
271.312
270.592
269.693
269.18
269.076
269.46
261.764
220.045
182.675
180.01
180
180
180
180
180
180
180
180
180
180
180
180
180
180
180
180
180
180
180
180
180
180
180
180
180
180
180
180
180
180
180
180
180
180
180
180
180
180
180
180
180
180
180
180
180
180
180
180
180
180
180
180
180
180
180
180
180
180
180
180
180
180
180
180
180
180
180
180
180
180
180
180
180
180
180
180
180
180
180
180
180
180
180
180
180
180
180
180
)
;
    }
    procBoundary1to3
    {
        type            processor;
        value           nonuniform List<scalar> 
89
(
180
180
180
180
180
180
180
180
180
180
180
180
180
180
180
180
180
180
180
180
180
180
180
180
180
180
180
180
180
180
180
180
180
180
180
180
180
180
180
180
180
180
180
180
180
180
180
180
180
180
180
180
180
180
180
180
180
180
180
180
180
180
180
180
180
180
180
180
180
180
180
180
180
180
180
180
180
180
180
180
180
180
180
180
180.039
187.646
233.61
247.337
245.267
)
;
    }
}


// ************************************************************************* //
