/*--------------------------------*- C++ -*----------------------------------*\
| =========                 |                                                 |
| \\      /  F ield         | OpenFOAM: The Open Source CFD Toolbox           |
|  \\    /   O peration     | Version:  2306                                  |
|   \\  /    A nd           | Website:  www.openfoam.com                      |
|    \\/     M anipulation  |                                                 |
\*---------------------------------------------------------------------------*/
FoamFile
{
    version     2.0;
    format      ascii;
    arch        "LSB;label=32;scalar=64";
    class       volScalarField;
    location    "2e-05";
    object      rho;
}
// * * * * * * * * * * * * * * * * * * * * * * * * * * * * * * * * * * * * * //

dimensions      [1 -3 0 0 0 0 0];

internalField   nonuniform List<scalar> 
9032
(
1.47917
1.46695
1.45485
1.44361
1.43386
1.42554
1.41778
1.40958
1.4009
1.39165
1.38235
1.37388
1.36614
1.35878
1.35565
1.35565
1.3576
1.36151
1.36668
1.37184
1.3754
1.37684
1.37692
1.3754
1.37165
1.36607
1.36001
1.35475
1.35083
1.34835
1.34699
1.346
1.34437
1.34158
1.33789
1.33393
1.33025
1.32718
1.32495
1.32354
1.32243
1.32079
1.31826
1.31501
1.31137
1.30769
1.30441
1.30181
1.30014
1.29943
1.29925
1.29894
1.29793
1.29601
1.2936
1.29114
1.28872
1.2866
1.28491
1.2834
1.2819
1.28035
1.27849
1.27663
1.27471
1.27332
1.27194
1.27168
1.47611
1.46436
1.45288
1.44203
1.43261
1.42469
1.4172
1.40909
1.40038
1.39122
1.38189
1.37322
1.36551
1.35811
1.35472
1.35451
1.35633
1.3601
1.36487
1.36962
1.37323
1.37469
1.37437
1.37255
1.36889
1.36375
1.35822
1.35333
1.34952
1.34679
1.34489
1.34332
1.34134
1.33857
1.33521
1.33173
1.32857
1.32593
1.32388
1.32216
1.32038
1.3182
1.31547
1.31234
1.30905
1.30584
1.30303
1.30077
1.2992
1.29824
1.29761
1.29692
1.29581
1.29401
1.29184
1.28951
1.28718
1.2851
1.2833
1.2816
1.28007
1.27848
1.2767
1.27482
1.27294
1.27149
1.26994
1.27015
1.47475
1.46332
1.45245
1.44276
1.4345
1.42749
1.42071
1.41301
1.40416
1.39476
1.38522
1.37617
1.36839
1.36095
1.35627
1.3555
1.35672
1.35994
1.36483
1.37036
1.37514
1.37803
1.37883
1.37815
1.37583
1.37155
1.36596
1.36063
1.35626
1.35288
1.35033
1.34826
1.34611
1.34344
1.34027
1.33705
1.33422
1.33192
1.32996
1.32795
1.32548
1.32254
1.3193
1.31608
1.31305
1.31033
1.30805
1.30612
1.30456
1.30326
1.30212
1.30108
1.29997
1.29843
1.29659
1.29451
1.29227
1.29015
1.28823
1.2864
1.28489
1.28346
1.28195
1.2803
1.27834
1.2767
1.27455
1.27501
1.47468
1.46462
1.45491
1.4462
1.43879
1.43255
1.42645
1.41952
1.41129
1.40218
1.39291
1.384
1.37607
1.36879
1.36253
1.36048
1.36055
1.36242
1.36618
1.37108
1.37601
1.37983
1.38168
1.38172
1.38062
1.37765
1.37243
1.36695
1.36225
1.35838
1.35532
1.35292
1.35079
1.34837
1.34541
1.3423
1.33955
1.33722
1.3351
1.3328
1.33005
1.32689
1.3235
1.32021
1.31725
1.31476
1.31279
1.31108
1.30957
1.30812
1.30672
1.30542
1.30421
1.30274
1.3011
1.29917
1.29704
1.2949
1.2929
1.29101
1.28953
1.28825
1.28701
1.28558
1.28368
1.28192
1.27944
1.27988
1.47552
1.46663
1.45823
1.45065
1.44391
1.43786
1.43186
1.42514
1.41742
1.40905
1.40047
1.39225
1.38457
1.37751
1.37091
1.36698
1.36562
1.36628
1.36877
1.37284
1.3777
1.38222
1.38534
1.38629
1.38603
1.38457
1.38012
1.37454
1.36949
1.36518
1.36175
1.35924
1.35741
1.35562
1.35314
1.35008
1.34702
1.34411
1.34135
1.33864
1.33589
1.3331
1.33019
1.32721
1.32432
1.32171
1.31956
1.31774
1.31624
1.31493
1.3137
1.31246
1.31113
1.30945
1.30763
1.30558
1.30347
1.30141
1.29952
1.29777
1.29641
1.2952
1.2941
1.29284
1.29115
1.28953
1.28716
1.28766
1.47677
1.46858
1.46077
1.45366
1.44718
1.44104
1.43486
1.42804
1.42084
1.41346
1.40593
1.3987
1.39162
1.38475
1.37828
1.37288
1.37001
1.36937
1.37055
1.37364
1.37809
1.3828
1.38637
1.38803
1.3882
1.38784
1.38471
1.37939
1.37422
1.36969
1.36602
1.36342
1.36181
1.36067
1.35888
1.35602
1.35272
1.34931
1.34602
1.34295
1.34021
1.33777
1.33539
1.33283
1.33006
1.32733
1.32499
1.32296
1.32143
1.32027
1.31923
1.31802
1.31652
1.31461
1.31268
1.31063
1.30865
1.30664
1.30475
1.30298
1.30152
1.30032
1.29936
1.29842
1.2971
1.29575
1.29356
1.2937
1.4779
1.47001
1.46248
1.4555
1.44899
1.44251
1.43602
1.42925
1.42225
1.41526
1.40869
1.40239
1.39596
1.38947
1.38311
1.37721
1.37321
1.37141
1.37181
1.37415
1.37795
1.38243
1.38653
1.38882
1.38932
1.38931
1.3875
1.38286
1.37782
1.37324
1.36948
1.36683
1.36523
1.3643
1.36298
1.36026
1.35661
1.35265
1.34893
1.34571
1.34312
1.34107
1.33923
1.33716
1.33462
1.33181
1.32921
1.32694
1.32539
1.32451
1.32384
1.32285
1.32132
1.31925
1.31709
1.31476
1.31261
1.31051
1.30873
1.3072
1.30598
1.30501
1.30403
1.30301
1.30166
1.30027
1.29836
1.29797
1.47764
1.46973
1.4622
1.45539
1.44903
1.44245
1.43573
1.42888
1.42193
1.41535
1.40938
1.40364
1.3977
1.39161
1.38543
1.37948
1.37482
1.37222
1.37201
1.37395
1.37745
1.382
1.38654
1.38946
1.39025
1.39015
1.38902
1.38532
1.38067
1.37618
1.37223
1.36909
1.36683
1.36531
1.36387
1.36149
1.35809
1.3542
1.35068
1.34773
1.34528
1.34316
1.34121
1.33922
1.33684
1.33411
1.33158
1.32946
1.32819
1.32761
1.32717
1.3262
1.3244
1.32193
1.31939
1.31687
1.31473
1.31294
1.31164
1.31043
1.30916
1.30785
1.30635
1.30496
1.30344
1.30221
1.30096
1.30048
1.47614
1.46822
1.46096
1.45452
1.44825
1.44172
1.43506
1.42824
1.42124
1.41476
1.40914
1.40375
1.39825
1.39224
1.38606
1.37995
1.37495
1.37209
1.37175
1.3737
1.37721
1.38191
1.3867
1.39
1.39093
1.3907
1.38969
1.38675
1.38252
1.37799
1.37366
1.36985
1.3669
1.36488
1.3634
1.36184
1.35957
1.35642
1.35318
1.35005
1.34702
1.3442
1.34174
1.33962
1.33755
1.33537
1.33342
1.33181
1.3308
1.33012
1.32926
1.32775
1.32554
1.3228
1.32034
1.31809
1.31634
1.31484
1.31359
1.31218
1.31049
1.30879
1.307
1.30573
1.30447
1.30361
1.30286
1.30223
1.47492
1.46685
1.45971
1.45347
1.44738
1.44104
1.43452
1.42778
1.42086
1.41465
1.40906
1.40366
1.39813
1.39205
1.38582
1.37953
1.37431
1.37141
1.37118
1.37327
1.37681
1.38149
1.38646
1.39005
1.39108
1.39078
1.38955
1.38686
1.38285
1.37835
1.37391
1.37007
1.36711
1.36505
1.36365
1.36239
1.36069
1.3579
1.35452
1.3509
1.34731
1.3441
1.34145
1.33948
1.33793
1.33649
1.33518
1.33383
1.33261
1.33138
1.32982
1.32788
1.32574
1.32334
1.32125
1.31917
1.31736
1.31559
1.31399
1.31236
1.31065
1.3092
1.30779
1.30695
1.30591
1.305
1.30399
1.30326
1.4744
1.46555
1.4585
1.45258
1.44698
1.44066
1.43404
1.4272
1.42039
1.41457
1.40921
1.40389
1.39811
1.39195
1.38546
1.37882
1.37351
1.37072
1.37051
1.37255
1.37584
1.38042
1.38554
1.3893
1.39063
1.39045
1.38913
1.38638
1.38255
1.37839
1.37435
1.37095
1.36831
1.36625
1.36455
1.36278
1.3607
1.35776
1.35434
1.35078
1.34733
1.34431
1.34185
1.34005
1.33873
1.33757
1.33642
1.33492
1.3333
1.33164
1.32994
1.32821
1.32631
1.32417
1.32199
1.31968
1.3175
1.3154
1.31371
1.31233
1.31122
1.31031
1.30908
1.30808
1.30683
1.30555
1.30388
1.30289
1.47417
1.46478
1.45784
1.45223
1.44714
1.44076
1.43401
1.42697
1.42009
1.41456
1.40942
1.40413
1.39841
1.39226
1.38546
1.37848
1.3732
1.37038
1.36999
1.37168
1.37453
1.37902
1.38423
1.38819
1.38998
1.39021
1.38918
1.38636
1.38257
1.37861
1.37493
1.37193
1.3696
1.36751
1.36535
1.36295
1.36029
1.35712
1.35387
1.35064
1.34763
1.34509
1.34292
1.34115
1.33961
1.33822
1.33686
1.33525
1.33378
1.33238
1.33096
1.32933
1.3272
1.32479
1.32219
1.31957
1.31714
1.31494
1.31369
1.31304
1.31244
1.31149
1.30986
1.30813
1.30625
1.30454
1.3027
1.30261
1.47244
1.46386
1.45723
1.45201
1.4474
1.4412
1.43474
1.42761
1.42004
1.41417
1.40898
1.40386
1.39853
1.3924
1.38563
1.37861
1.37354
1.37049
1.36983
1.37115
1.37374
1.37824
1.38348
1.3875
1.38949
1.3901
1.3897
1.38696
1.383
1.37896
1.37535
1.37247
1.37022
1.3681
1.36565
1.36282
1.35973
1.35643
1.35347
1.35078
1.34833
1.34615
1.34402
1.34201
1.34011
1.3385
1.33713
1.33578
1.33481
1.33369
1.33227
1.33026
1.32769
1.32489
1.32192
1.31913
1.31683
1.31518
1.31456
1.3143
1.31346
1.31184
1.30961
1.30724
1.30492
1.30316
1.30164
1.30191
1.46951
1.46261
1.4568
1.45188
1.44705
1.44117
1.43517
1.42817
1.42013
1.41362
1.40819
1.4032
1.39834
1.39247
1.38606
1.37937
1.37445
1.37114
1.37016
1.37107
1.37355
1.3782
1.38356
1.3876
1.38942
1.3901
1.39045
1.38795
1.38364
1.37933
1.37549
1.37237
1.36997
1.36785
1.36549
1.3628
1.35984
1.35673
1.35403
1.35154
1.34917
1.34689
1.34457
1.34235
1.34027
1.3387
1.33759
1.33665
1.33589
1.33463
1.33283
1.3303
1.32743
1.32452
1.32171
1.3193
1.31741
1.31624
1.31567
1.31511
1.31372
1.31157
1.30893
1.30639
1.30404
1.30246
1.30125
1.30128
1.46996
1.46342
1.45745
1.45179
1.44568
1.44008
1.43447
1.42786
1.42028
1.41349
1.40789
1.40295
1.39854
1.39309
1.38705
1.38064
1.37555
1.37205
1.37075
1.37145
1.37407
1.37899
1.38457
1.38845
1.38971
1.38995
1.39059
1.38842
1.38386
1.37931
1.37525
1.37194
1.36946
1.36747
1.36548
1.36322
1.36049
1.35751
1.35477
1.35208
1.3495
1.34702
1.34463
1.34249
1.34064
1.33942
1.3384
1.33742
1.33624
1.3344
1.33216
1.32951
1.3268
1.32418
1.32181
1.31986
1.31828
1.31718
1.31624
1.31515
1.31328
1.31104
1.30854
1.30628
1.30409
1.30259
1.30133
1.3005
1.47213
1.46533
1.45855
1.45114
1.44412
1.43814
1.43269
1.42676
1.42042
1.41418
1.40879
1.4041
1.39981
1.39444
1.38852
1.38223
1.37685
1.37325
1.37173
1.37207
1.3746
1.37986
1.38578
1.38956
1.39037
1.39004
1.39022
1.38832
1.38386
1.37932
1.37528
1.37202
1.36953
1.36754
1.36568
1.36359
1.36092
1.35795
1.35503
1.35212
1.34935
1.34688
1.34483
1.34316
1.34175
1.34063
1.33918
1.33761
1.3357
1.33331
1.33087
1.32842
1.32604
1.32386
1.32197
1.32038
1.31885
1.31755
1.31604
1.31445
1.31236
1.31046
1.30834
1.30647
1.30455
1.30301
1.30148
1.29962
1.47507
1.46584
1.45872
1.44963
1.44297
1.43692
1.4313
1.42649
1.42079
1.41547
1.41076
1.40629
1.40124
1.39552
1.3896
1.38346
1.37799
1.37443
1.37278
1.37272
1.37514
1.38055
1.38658
1.3903
1.39098
1.39024
1.38959
1.38777
1.38379
1.37951
1.37571
1.37267
1.37018
1.36802
1.36593
1.36367
1.36085
1.35777
1.35466
1.35163
1.34901
1.34702
1.34564
1.34441
1.34313
1.34162
1.33958
1.33746
1.33493
1.33229
1.32981
1.32748
1.32531
1.32349
1.32192
1.32052
1.31889
1.31733
1.31524
1.31332
1.31122
1.30963
1.30783
1.30638
1.30477
1.30311
1.30138
1.29876
1.44705
1.4657
1.45756
1.44984
1.44314
1.43677
1.43124
1.42579
1.42134
1.41747
1.41323
1.40796
1.40178
1.39552
1.38969
1.38388
1.37889
1.37573
1.37422
1.3738
1.37579
1.38104
1.38709
1.391
1.39183
1.39083
1.3894
1.38739
1.38392
1.37996
1.37641
1.3735
1.37087
1.36837
1.36582
1.36316
1.36007
1.35686
1.35378
1.35102
1.34883
1.34741
1.34655
1.34547
1.34404
1.34204
1.33955
1.33712
1.33439
1.33171
1.32921
1.32686
1.32472
1.32305
1.32159
1.32027
1.31856
1.31675
1.31428
1.31212
1.30994
1.30838
1.30671
1.30553
1.30417
1.30249
1.30074
1.29807
1.15962
1.43623
1.4554
1.4469
1.44078
1.43536
1.43019
1.42532
1.42237
1.41918
1.41451
1.40834
1.40083
1.39402
1.38878
1.38346
1.37935
1.37707
1.37606
1.37524
1.37674
1.3817
1.38762
1.39163
1.39258
1.39138
1.38939
1.38715
1.38401
1.38032
1.37693
1.374
1.37113
1.36821
1.3652
1.36216
1.35895
1.35581
1.353
1.35055
1.34879
1.34778
1.34707
1.34582
1.34401
1.34154
1.33884
1.33637
1.33376
1.33128
1.32889
1.32652
1.32431
1.32257
1.32103
1.31977
1.31805
1.31619
1.31352
1.3111
1.30875
1.30685
1.30505
1.30388
1.3027
1.30108
1.29952
1.29717
0.726509
1.24141
1.44029
1.44469
1.44175
1.43569
1.42934
1.42585
1.42273
1.41938
1.41429
1.40745
1.39914
1.39191
1.38702
1.38244
1.37902
1.3777
1.37712
1.37621
1.3776
1.38226
1.388
1.39203
1.39296
1.39157
1.38928
1.38683
1.38372
1.38016
1.37686
1.37384
1.37075
1.36752
1.36428
1.36115
1.358
1.35508
1.35264
1.35055
1.34907
1.34808
1.34702
1.34533
1.3431
1.34027
1.33756
1.33517
1.33269
1.33048
1.32829
1.32601
1.32379
1.32197
1.32032
1.31902
1.31734
1.31553
1.31294
1.31044
1.30799
1.3056
1.30347
1.30206
1.30087
1.29935
1.29798
1.29578
0.62174
0.789859
1.26522
1.4515
1.4488
1.43729
1.43071
1.42602
1.42188
1.41826
1.41277
1.40648
1.39894
1.39092
1.38553
1.38095
1.37773
1.37675
1.37681
1.37638
1.37821
1.38285
1.38844
1.39236
1.39331
1.39176
1.38916
1.38642
1.38328
1.37982
1.37652
1.37335
1.37
1.36662
1.36336
1.36038
1.35752
1.35506
1.35309
1.35126
1.34969
1.34832
1.34668
1.34457
1.34202
1.33899
1.33625
1.33368
1.33105
1.32893
1.32689
1.32488
1.32294
1.32121
1.31943
1.31793
1.31624
1.31447
1.31219
1.3098
1.30745
1.30482
1.30248
1.30074
1.29934
1.29774
1.29635
1.29414
0.620073
0.624548
0.813596
1.31645
1.43242
1.43497
1.4333
1.42697
1.41972
1.41543
1.41138
1.40648
1.40035
1.39249
1.38552
1.38021
1.37635
1.37519
1.37576
1.37671
1.37968
1.38439
1.38941
1.39296
1.39407
1.39223
1.38901
1.38572
1.38249
1.37918
1.37595
1.37265
1.36913
1.36569
1.36266
1.36007
1.35779
1.35585
1.35416
1.35232
1.35046
1.34854
1.34629
1.34397
1.34125
1.33807
1.33523
1.33219
1.32923
1.32696
1.32508
1.32355
1.32205
1.3203
1.31823
1.31637
1.31457
1.31273
1.31077
1.30868
1.30667
1.30421
1.30197
1.30009
1.2984
1.29656
1.29492
1.29266
0.62007
0.62008
0.626491
0.871511
1.31052
1.43747
1.43365
1.42386
1.41668
1.41345
1.41049
1.40666
1.4019
1.39559
1.38759
1.381
1.37637
1.3744
1.3749
1.378
1.38238
1.38694
1.39122
1.39469
1.39566
1.39292
1.38893
1.38505
1.38161
1.3784
1.37522
1.37186
1.36833
1.36502
1.36221
1.35997
1.35822
1.35677
1.35512
1.35311
1.35078
1.34823
1.34558
1.3432
1.34048
1.33736
1.33446
1.33113
1.32804
1.32565
1.32389
1.32258
1.3213
1.31928
1.31683
1.31457
1.31261
1.31059
1.30878
1.30696
1.30527
1.30306
1.30106
1.2993
1.29751
1.29556
1.29371
1.29155
0.62007
0.62007
0.620089
0.632404
0.890283
1.32657
1.4252
1.41918
1.41488
1.41133
1.40818
1.40603
1.40187
1.39617
1.38892
1.38159
1.3768
1.37413
1.3752
1.38037
1.38581
1.39053
1.39441
1.39773
1.39709
1.3931
1.38858
1.38434
1.38063
1.37742
1.37446
1.37137
1.36805
1.36492
1.36227
1.36014
1.35853
1.35719
1.35531
1.35295
1.35008
1.34698
1.34408
1.34164
1.33895
1.33613
1.33334
1.33022
1.32738
1.32518
1.32351
1.32205
1.32066
1.31829
1.31562
1.31306
1.31082
1.30835
1.30635
1.30468
1.30318
1.30119
1.29943
1.29782
1.29595
1.29404
1.29223
1.29034
0.62007
0.62007
0.62007
0.620118
0.635889
0.88897
1.31804
1.40937
1.41577
1.40979
1.406
1.40407
1.40029
1.39476
1.38832
1.38161
1.37705
1.37462
1.37648
1.38224
1.38868
1.39364
1.39738
1.39981
1.39737
1.39279
1.38775
1.38348
1.37972
1.3766
1.37404
1.37143
1.36841
1.36546
1.36281
1.36039
1.35841
1.3568
1.35468
1.35207
1.34859
1.34503
1.34185
1.33914
1.33641
1.33394
1.33151
1.32898
1.32672
1.32491
1.32321
1.32141
1.31968
1.31722
1.31462
1.31211
1.3097
1.30688
1.30457
1.30282
1.30109
1.29906
1.29734
1.29568
1.29368
1.29181
1.29017
1.28831
0.62007
0.62007
0.62007
0.62007
0.620134
0.634044
0.886243
1.28692
1.41671
1.41043
1.40558
1.40162
1.3974
1.39252
1.38655
1.3809
1.37732
1.37556
1.37812
1.38441
1.39165
1.39631
1.39905
1.4001
1.39691
1.39195
1.38686
1.38269
1.37909
1.37611
1.37389
1.37185
1.36925
1.36629
1.36336
1.36054
1.3581
1.356
1.35362
1.35081
1.34704
1.34326
1.33978
1.33657
1.33367
1.33133
1.32933
1.32731
1.32544
1.32385
1.322
1.31999
1.31801
1.31573
1.31333
1.31107
1.30866
1.30589
1.30361
1.30178
1.29958
1.29736
1.29557
1.29361
1.29131
1.28929
1.28766
1.28547
0.62007
0.62007
0.62007
0.62007
0.62007
0.620124
0.634489
0.848818
1.28047
1.39276
1.40276
1.39941
1.39475
1.39099
1.38529
1.38114
1.3796
1.38052
1.38355
1.38914
1.39564
1.39856
1.39933
1.3992
1.3961
1.3915
1.38676
1.38256
1.37908
1.37609
1.37393
1.37217
1.36982
1.36677
1.36359
1.36048
1.35766
1.35497
1.35227
1.34931
1.34568
1.34195
1.33832
1.33485
1.33182
1.32946
1.32761
1.32562
1.32367
1.32187
1.31974
1.31762
1.3156
1.31353
1.31138
1.30943
1.30717
1.30465
1.30267
1.30097
1.29859
1.29632
1.29452
1.2922
1.28962
1.28733
1.28536
1.28251
0.62007
0.62007
0.62007
0.62007
0.62007
0.62007
0.620123
0.629949
0.828371
1.22946
1.38611
1.40572
1.40007
1.39213
1.38767
1.38568
1.38719
1.38855
1.38922
1.39409
1.40085
1.40225
1.40067
1.39858
1.39613
1.39215
1.38791
1.38362
1.37981
1.37646
1.37376
1.37161
1.36924
1.36592
1.3625
1.35922
1.35613
1.35287
1.34967
1.34674
1.3438
1.34085
1.33773
1.33461
1.33169
1.32914
1.32694
1.3245
1.32214
1.31977
1.31717
1.31485
1.31282
1.31089
1.30895
1.3072
1.30503
1.3027
1.30098
1.29934
1.29697
1.29497
1.29347
1.29111
1.28867
1.28627
1.28382
1.28051
0.62007
0.62007
0.62007
0.62007
0.62007
0.62007
0.62007
0.620102
0.627419
0.781953
1.15301
1.38182
1.4003
1.39347
1.38863
1.38857
1.38863
1.38897
1.39107
1.39857
1.40675
1.40705
1.40365
1.39993
1.39662
1.39297
1.38897
1.38459
1.38017
1.37633
1.37278
1.36985
1.36713
1.36367
1.36006
1.3566
1.35314
1.34967
1.34646
1.34356
1.34094
1.3386
1.33612
1.33356
1.33104
1.32873
1.32654
1.32392
1.32136
1.31856
1.3156
1.313
1.31076
1.3086
1.3066
1.30476
1.30255
1.30025
1.2986
1.29675
1.29429
1.29267
1.29132
1.289
1.28693
1.28482
1.28232
1.27912
0.62007
0.62007
0.62007
0.62007
0.62007
0.62007
0.62007
0.620071
0.62009
0.624026
0.724428
1.09927
1.33321
1.37902
1.38949
1.39148
1.39157
1.39203
1.39459
1.40252
1.41056
1.41028
1.40557
1.3999
1.39554
1.3918
1.38813
1.38405
1.37961
1.37535
1.37135
1.36777
1.36449
1.36099
1.3573
1.35365
1.34989
1.34633
1.34305
1.3401
1.33773
1.33578
1.33377
1.33153
1.32914
1.32697
1.32479
1.32233
1.32001
1.31749
1.31482
1.31235
1.31003
1.3074
1.30511
1.30296
1.30057
1.29812
1.29622
1.29374
1.29109
1.28961
1.28798
1.28574
1.28398
1.28209
1.27979
1.27695
0.62007
0.62007
0.62007
0.62007
0.62007
0.62007
0.620071
0.620071
0.620074
0.620087
0.62159
0.690688
0.979787
1.31476
1.37594
1.39218
1.39938
1.40261
1.40429
1.40865
1.41259
1.41095
1.40529
1.3987
1.39369
1.38997
1.38665
1.38318
1.37914
1.3749
1.37055
1.36625
1.36233
1.35864
1.35524
1.35187
1.34839
1.34505
1.34174
1.33854
1.33588
1.33363
1.33146
1.32895
1.32625
1.32396
1.32162
1.3193
1.31726
1.31515
1.31298
1.311
1.30898
1.30642
1.3042
1.30186
1.29948
1.29704
1.29471
1.29164
1.28875
1.28684
1.28451
1.28222
1.28037
1.2782
1.2761
1.2735
0.62007
0.62007
0.62007
0.62007
0.62007
0.62007
0.620071
0.620071
0.620074
0.620084
0.62012
0.620919
0.653255
0.887955
1.21786
1.35779
1.41262
1.41696
1.41588
1.41463
1.41494
1.41134
1.40576
1.39995
1.39426
1.38925
1.38511
1.38156
1.37827
1.3743
1.36972
1.36489
1.36046
1.35649
1.35305
1.35
1.34716
1.34443
1.34167
1.33876
1.33605
1.33341
1.33071
1.32739
1.32401
1.3211
1.31816
1.31561
1.31361
1.3118
1.30996
1.30838
1.30636
1.30399
1.30201
1.29978
1.29772
1.29579
1.29334
1.29042
1.28787
1.2855
1.28258
1.27991
1.27752
1.27474
1.27251
1.2699
0.62007
0.62007
0.62007
0.62007
0.62007
0.62007
0.620071
0.620071
0.620074
0.620084
0.620123
0.620277
0.620921
0.63473
0.78655
1.08007
1.3222
1.39918
1.41976
1.41574
1.41435
1.40954
1.40445
1.39858
1.39237
1.3868
1.38205
1.37814
1.37499
1.37115
1.36629
1.36126
1.35683
1.35303
1.34971
1.34681
1.34429
1.34199
1.33963
1.33711
1.33474
1.33254
1.33019
1.32711
1.32379
1.32036
1.31668
1.31332
1.31067
1.30847
1.30663
1.30506
1.30275
1.30058
1.29857
1.2964
1.29461
1.29295
1.29056
1.28833
1.28658
1.28423
1.2817
1.27907
1.27626
1.27319
1.2707
1.26798
0.62007
0.62007
0.62007
0.62007
0.62007
0.62007
0.620071
0.620071
0.620074
0.620085
0.620122
0.620281
0.620837
0.622948
0.633207
0.706195
0.932456
1.19148
1.34357
1.39606
1.39953
1.3994
1.39785
1.39419
1.38802
1.3819
1.37602
1.37198
1.36868
1.36537
1.36102
1.35653
1.35255
1.34894
1.34553
1.34255
1.34008
1.33795
1.33574
1.3334
1.33126
1.32928
1.32711
1.3247
1.32226
1.3196
1.31645
1.31338
1.31038
1.30737
1.30493
1.30273
1.29997
1.29777
1.29537
1.29284
1.2908
1.28891
1.2866
1.28486
1.28351
1.28104
1.27906
1.27712
1.27471
1.27228
1.27006
1.26744
0.62007
0.62007
0.62007
0.62007
0.62007
0.62007
0.620071
0.620071
0.620074
0.620085
0.620123
0.620278
0.620842
0.622987
0.630374
0.653895
0.701964
0.816661
0.987934
1.19517
1.31179
1.38258
1.39006
1.38645
1.38336
1.37971
1.37309
1.3673
1.36293
1.35997
1.3574
1.35384
1.35019
1.3465
1.343
1.3397
1.3367
1.3341
1.33144
1.32892
1.32662
1.3244
1.32222
1.32028
1.31853
1.31652
1.31393
1.31142
1.309
1.30665
1.30461
1.30216
1.29925
1.29704
1.29421
1.29097
1.28835
1.28576
1.28293
1.28106
1.27917
1.27656
1.27488
1.27334
1.27137
1.26944
1.26771
1.26519
0.62007
0.62007
0.62007
0.62007
0.62007
0.62007
0.620071
0.620071
0.620074
0.620084
0.620124
0.620275
0.620848
0.622973
0.630494
0.652924
0.697882
0.73522
0.763102
0.833857
0.976944
1.16304
1.29362
1.35078
1.38229
1.38076
1.37593
1.37205
1.3673
1.36127
1.35714
1.35412
1.35079
1.34748
1.34442
1.34133
1.33823
1.3347
1.3309
1.32739
1.32401
1.32066
1.31771
1.31547
1.31381
1.31199
1.30972
1.30766
1.30553
1.30352
1.30179
1.29982
1.29762
1.2959
1.29365
1.29058
1.28804
1.28502
1.28159
1.27923
1.27616
1.27299
1.27076
1.26899
1.26702
1.265
1.2634
1.26032
0.62007
0.62007
0.62007
0.62007
0.62007
0.62007
0.620071
0.620071
0.620074
0.620084
0.620124
0.620275
0.620848
0.622971
0.630512
0.652947
0.69737
0.737311
0.750671
0.754134
0.76629
0.820616
0.959273
1.12845
1.27354
1.32984
1.35575
1.3645
1.36138
1.35828
1.35438
1.35076
1.34777
1.34452
1.34128
1.33859
1.33626
1.33353
1.33089
1.32875
1.32591
1.32209
1.3178
1.31407
1.3111
1.30822
1.30547
1.30321
1.30094
1.29886
1.29723
1.29551
1.29385
1.29245
1.29048
1.28786
1.28587
1.28359
1.28074
1.27858
1.27547
1.27221
1.26933
1.26678
1.26421
1.26114
1.25893
1.25535
0.62007
0.62007
0.62007
0.62007
0.62007
0.62007
0.620071
0.620071
0.620074
0.620084
0.620124
0.620275
0.620847
0.622975
0.630506
0.652996
0.697065
0.737827
0.751559
0.752816
0.753027
0.754167
0.764174
0.811864
0.928863
1.09586
1.2331
1.31698
1.32852
1.33903
1.3407
1.34129
1.34007
1.33767
1.33415
1.33219
1.33091
1.32855
1.32633
1.32487
1.323
1.32009
1.3174
1.3153
1.31288
1.30925
1.30507
1.30146
1.29826
1.29527
1.2929
1.29073
1.28888
1.28745
1.28537
1.28306
1.28147
1.27968
1.27737
1.27547
1.27307
1.27079
1.26893
1.26637
1.26372
1.26006
1.25666
1.2533
0.62007
0.62007
0.62007
0.62007
0.62007
0.62007
0.620071
0.620071
0.620074
0.620084
0.620124
0.620275
0.620847
0.622976
0.6305
0.653008
0.697049
0.737803
0.751665
0.752836
0.752971
0.753146
0.753528
0.754721
0.762141
0.799671
0.894617
1.04311
1.18079
1.27865
1.33234
1.32721
1.32988
1.33112
1.32773
1.32493
1.32341
1.32009
1.31817
1.31776
1.31708
1.31448
1.31264
1.31154
1.31019
1.30778
1.30512
1.30264
1.29986
1.29636
1.29255
1.28918
1.2865
1.28407
1.28099
1.27828
1.27639
1.2744
1.27225
1.27046
1.26848
1.26699
1.26573
1.26352
1.26125
1.2587
1.25558
1.25295
0.62007
0.62007
0.62007
0.62007
0.62007
0.62007
0.620071
0.620071
0.620074
0.620084
0.620124
0.620275
0.620847
0.622976
0.6305
0.653012
0.697047
0.737797
0.751661
0.752841
0.752973
0.75315
0.753485
0.754027
0.754674
0.755674
0.760551
0.784386
0.854843
0.974985
1.11497
1.21813
1.2849
1.32583
1.32856
1.32327
1.32414
1.32003
1.31465
1.31277
1.30995
1.30574
1.3045
1.30436
1.304
1.30218
1.30037
1.29885
1.29689
1.29432
1.29171
1.28945
1.28738
1.28446
1.28054
1.27699
1.27428
1.27147
1.26851
1.26597
1.26355
1.26198
1.26045
1.258
1.25595
1.25437
1.25204
1.24956
0.62007
0.62007
0.62007
0.62007
0.62007
0.62007
0.620071
0.620071
0.620074
0.620084
0.620124
0.620275
0.620847
0.622976
0.630499
0.653013
0.697047
0.737797
0.75166
0.752841
0.752973
0.753151
0.753487
0.754019
0.754681
0.75532
0.755759
0.756256
0.758511
0.770564
0.812615
0.903486
1.02436
1.14836
1.22712
1.27796
1.31322
1.31874
1.31582
1.31645
1.31427
1.30592
1.30108
1.29943
1.29629
1.29281
1.29193
1.29182
1.29075
1.28841
1.28659
1.28541
1.28411
1.28217
1.27968
1.27748
1.27539
1.27277
1.26904
1.26499
1.26171
1.25944
1.25659
1.25281
1.2503
1.24828
1.24653
1.24335
0.62007
0.62007
0.62007
0.62007
0.62007
0.62007
0.620071
0.620071
0.620074
0.620084
0.620124
0.620275
0.620847
0.622976
0.6305
0.653013
0.697047
0.737797
0.75166
0.752841
0.752973
0.753151
0.753487
0.754016
0.75469
0.75532
0.755792
0.756058
0.756113
0.756185
0.756891
0.761714
0.781879
0.83525
0.929831
1.042
1.15179
1.21751
1.26276
1.29685
1.30648
1.30671
1.3045
1.30577
1.29935
1.29113
1.28781
1.28652
1.28356
1.27971
1.2786
1.27856
1.27797
1.27639
1.27485
1.27373
1.27239
1.27062
1.26815
1.26537
1.26283
1.26025
1.25655
1.25139
1.24824
1.24536
1.24252
1.23865
0.62007
0.62007
0.62007
0.62007
0.62007
0.62007
0.620071
0.620071
0.620074
0.620084
0.620124
0.620275
0.620847
0.622976
0.6305
0.653013
0.697047
0.737797
0.75166
0.752841
0.752973
0.753151
0.753488
0.754016
0.754691
0.75532
0.755797
0.75606
0.756105
0.756103
0.756067
0.755947
0.756074
0.757328
0.764261
0.787859
0.843517
0.931609
1.03446
1.13162
1.19776
1.24272
1.2755
1.2937
1.29562
1.29272
1.29216
1.29316
1.28648
1.27812
1.27492
1.27404
1.27166
1.26812
1.2665
1.26639
1.26581
1.26455
1.26303
1.26124
1.25946
1.25782
1.25563
1.25242
1.24933
1.24668
1.24211
1.23752
0.62007
0.62007
0.62007
0.62007
0.62007
0.62007
0.620071
0.620071
0.620074
0.620084
0.620124
0.620275
0.620847
0.622976
0.6305
0.653013
0.697047
0.737797
0.75166
0.752841
0.752973
0.753151
0.753488
0.754016
0.754691
0.75532
0.755798
0.75606
0.756105
0.756102
0.75606
0.755968
0.75585
0.755708
0.75557
0.755752
0.757307
0.764372
0.786049
0.834472
0.911404
1.00501
1.09657
1.16749
1.21324
1.2473
1.27266
1.28234
1.28299
1.27955
1.27947
1.28118
1.27595
1.26796
1.26312
1.26189
1.25966
1.25633
1.25374
1.25294
1.25211
1.25108
1.25013
1.24852
1.24624
1.24469
1.24187
1.23852
0.62007
0.62007
0.62007
0.62007
0.62007
0.62007
0.620071
0.620071
0.620074
0.620084
0.620124
0.620275
0.620847
0.622976
0.6305
0.653013
0.697047
0.737797
0.75166
0.752841
0.752973
0.753151
0.753488
0.754016
0.754691
0.75532
0.755798
0.75606
0.756105
0.756102
0.75606
0.755972
0.755851
0.755706
0.755563
0.755428
0.755283
0.755179
0.755293
0.756475
0.761893
0.778321
0.815145
0.876776
0.957549
1.04254
1.11823
1.1728
1.21032
1.23899
1.26099
1.26978
1.27078
1.26894
1.26692
1.26855
1.26509
1.25682
1.25041
1.2479
1.24593
1.24298
1.24035
1.23938
1.23834
1.23718
1.23681
1.23391
0.62007
0.62007
0.62007
0.62007
0.62007
0.62007
0.620071
0.620071
0.620074
0.620084
0.620124
0.620275
0.620847
0.622976
0.6305
0.653013
0.697047
0.737797
0.75166
0.752841
0.752973
0.753151
0.753488
0.754016
0.754691
0.75532
0.755798
0.75606
0.756105
0.756102
0.75606
0.755972
0.755851
0.755707
0.755564
0.755426
0.755289
0.755149
0.754983
0.75481
0.754699
0.75482
0.755655
0.75891
0.768794
0.791984
0.834796
0.897067
0.972354
1.04753
1.11347
1.1609
1.19562
1.22312
1.24433
1.2567
1.25765
1.25704
1.25333
1.25356
1.25231
1.2447
1.23703
1.23313
1.23092
1.22766
1.22671
1.22343
0.62007
0.62007
0.62007
0.62007
0.62007
0.62007
0.620071
0.620071
0.620074
0.620084
0.620124
0.620275
0.620847
0.622976
0.6305
0.653013
0.697047
0.737797
0.75166
0.752841
0.752973
0.753151
0.753488
0.754016
0.754691
0.75532
0.755798
0.75606
0.756105
0.756102
0.75606
0.755972
0.755851
0.755707
0.755564
0.755427
0.755288
0.755149
0.754983
0.754808
0.754675
0.754644
0.754674
0.754713
0.754766
0.755094
0.756441
0.760759
0.772168
0.796065
0.836942
0.893869
0.961155
1.0295
1.09071
1.13828
1.17306
1.20069
1.22282
1.23911
1.24284
1.24278
1.2389
1.23645
1.23607
1.22939
1.2225
1.2171
0.62007
0.62007
0.62007
0.62007
0.62007
0.62007
0.620071
0.620071
0.620074
0.620084
0.620124
0.620275
0.620847
0.622976
0.6305
0.653013
0.697047
0.737797
0.75166
0.752841
0.752973
0.753151
0.753488
0.754016
0.754691
0.75532
0.755798
0.75606
0.756105
0.756102
0.75606
0.755972
0.755851
0.755707
0.755564
0.755427
0.755288
0.755149
0.754983
0.754808
0.754675
0.754644
0.754675
0.754703
0.754692
0.754674
0.754632
0.754535
0.754549
0.754914
0.756379
0.760604
0.770781
0.791107
0.825404
0.873973
0.93289
0.995109
1.05467
1.10472
1.14215
1.17349
1.19657
1.21897
1.22534
1.22649
1.22431
1.22044
0.62007
0.62007
0.62007
0.62007
0.62007
0.62007
0.620071
0.620071
0.620074
0.620084
0.620124
0.620275
0.620847
0.622976
0.6305
0.653013
0.697047
0.737797
0.75166
0.752841
0.752973
0.753151
0.753488
0.754016
0.754691
0.75532
0.755798
0.75606
0.756105
0.756102
0.75606
0.755972
0.755851
0.755707
0.755564
0.755427
0.755288
0.755149
0.754983
0.754808
0.754675
0.754644
0.754675
0.754703
0.754692
0.754674
0.754629
0.754532
0.754414
0.754381
0.754416
0.754491
0.754665
0.755127
0.756411
0.75966
0.766948
0.781588
0.80696
0.84615
0.895412
0.953144
1.01006
1.06789
1.10858
1.1427
1.17026
1.19177
0.62007
0.62007
0.62007
0.62007
0.62007
0.62007
0.620071
0.620071
0.620074
0.620084
0.620124
0.620275
0.620847
0.622976
0.6305
0.653013
0.697047
0.737797
0.75166
0.752841
0.752973
0.753151
0.753488
0.754016
0.754691
0.75532
0.755798
0.75606
0.756105
0.756102
0.75606
0.755972
0.755851
0.755707
0.755564
0.755427
0.755288
0.755149
0.754983
0.754808
0.754675
0.754644
0.754675
0.754703
0.754692
0.754674
0.754629
0.754532
0.754414
0.75438
0.754412
0.754472
0.754568
0.754716
0.754937
0.755202
0.755356
0.75557
0.756185
0.757942
0.762228
0.771677
0.789567
0.819555
0.863403
0.912336
0.98095
1.01237
0.62007
0.62007
0.62007
0.62007
0.62007
0.62007
0.620071
0.620071
0.620074
0.620084
0.620124
0.620275
0.620847
0.622976
0.6305
0.653013
0.697047
0.737797
0.75166
0.752841
0.752973
0.753151
0.753488
0.754016
0.754691
0.75532
0.755798
0.75606
0.756105
0.756102
0.75606
0.755972
0.755851
0.755707
0.755564
0.755427
0.755288
0.755149
0.754983
0.754808
0.754675
0.754644
0.754675
0.754703
0.754692
0.754674
0.754629
0.754532
0.754414
0.75438
0.754412
0.754472
0.754568
0.754715
0.754935
0.7552
0.755293
0.755311
0.755315
0.755298
0.755242
0.755259
0.755488
0.756376
0.759074
0.764772
0.785611
0.783869
0.62007
0.62007
0.62007
0.62007
0.62007
0.62007
0.620071
0.620071
0.620074
0.620084
0.620124
0.620275
0.620847
0.622976
0.6305
0.653013
0.697047
0.737797
0.75166
0.752841
0.752973
0.753151
0.753488
0.754016
0.754691
0.75532
0.755798
0.75606
0.756105
0.756102
0.75606
0.755972
0.755851
0.755707
0.755564
0.755427
0.755288
0.755149
0.754983
0.754808
0.754675
0.754644
0.754675
0.754703
0.754692
0.754674
0.754629
0.754532
0.754414
0.75438
0.754412
0.754472
0.754568
0.754715
0.754935
0.7552
0.755293
0.755311
0.755313
0.755291
0.75523
0.755137
0.755044
0.754966
0.754906
0.754869
0.755264
0.753803
0.62007
0.62007
0.62007
0.62007
0.62007
0.62007
0.620071
0.620071
0.620074
0.620084
0.620124
0.620275
0.620847
0.622976
0.6305
0.653013
0.697047
0.737797
0.75166
0.752841
0.752973
0.753151
0.753488
0.754016
0.754691
0.75532
0.755798
0.75606
0.756105
0.756102
0.75606
0.755972
0.755851
0.755707
0.755564
0.755427
0.755288
0.755149
0.754983
0.754808
0.754675
0.754644
0.754675
0.754703
0.754692
0.754674
0.754629
0.754532
0.754414
0.75438
0.754412
0.754472
0.754568
0.754715
0.754935
0.7552
0.755293
0.755311
0.755313
0.755291
0.755229
0.755137
0.755042
0.754967
0.754888
0.754818
0.754777
0.754636
0.62007
0.62007
0.62007
0.62007
0.62007
0.62007
0.620071
0.620071
0.620074
0.620084
0.620124
0.620275
0.620847
0.622976
0.6305
0.653013
0.697047
0.737797
0.75166
0.752841
0.752973
0.753151
0.753488
0.754016
0.754691
0.75532
0.755798
0.75606
0.756105
0.756102
0.75606
0.755972
0.755851
0.755707
0.755564
0.755427
0.755288
0.755149
0.754983
0.754808
0.754675
0.754644
0.754675
0.754703
0.754692
0.754674
0.754629
0.754532
0.754414
0.75438
0.754412
0.754472
0.754568
0.754715
0.754935
0.7552
0.755293
0.755311
0.755313
0.755291
0.755229
0.755137
0.755042
0.754967
0.754888
0.754819
0.754769
0.754741
0.62007
0.62007
0.62007
0.62007
0.62007
0.62007
0.620071
0.620071
0.620074
0.620084
0.620124
0.620275
0.620847
0.622976
0.6305
0.653013
0.697047
0.737797
0.75166
0.752841
0.752973
0.753151
0.753488
0.754016
0.754691
0.75532
0.755798
0.75606
0.756105
0.756102
0.75606
0.755972
0.755851
0.755707
0.755564
0.755427
0.755288
0.755149
0.754983
0.754808
0.754675
0.754644
0.754675
0.754703
0.754692
0.754674
0.754629
0.754532
0.754414
0.75438
0.754412
0.754472
0.754568
0.754715
0.754935
0.7552
0.755293
0.755311
0.755313
0.755291
0.755229
0.755137
0.755042
0.754967
0.754888
0.75482
0.754769
0.754745
0.62007
0.62007
0.62007
0.62007
0.62007
0.62007
0.620071
0.620071
0.620074
0.620084
0.620124
0.620275
0.620847
0.622976
0.6305
0.653013
0.697047
0.737797
0.75166
0.752841
0.752973
0.753151
0.753488
0.754016
0.754691
0.75532
0.755798
0.75606
0.756105
0.756102
0.75606
0.755972
0.755851
0.755707
0.755564
0.755427
0.755288
0.755149
0.754983
0.754808
0.754675
0.754644
0.754675
0.754703
0.754692
0.754674
0.754629
0.754532
0.754414
0.75438
0.754412
0.754472
0.754568
0.754715
0.754935
0.7552
0.755293
0.755311
0.755313
0.755291
0.755229
0.755137
0.755042
0.754967
0.754888
0.75482
0.754769
0.754743
0.62007
0.62007
0.62007
0.62007
0.62007
0.62007
0.620071
0.620071
0.620074
0.620084
0.620124
0.620275
0.620847
0.622976
0.6305
0.653013
0.697047
0.737797
0.75166
0.752841
0.752973
0.753151
0.753488
0.754016
0.754691
0.75532
0.755798
0.75606
0.756105
0.756102
0.75606
0.755972
0.755851
0.755707
0.755564
0.755427
0.755288
0.755149
0.754983
0.754808
0.754675
0.754644
0.754675
0.754703
0.754692
0.754674
0.754629
0.754532
0.754414
0.75438
0.754412
0.754472
0.754568
0.754715
0.754935
0.7552
0.755293
0.755311
0.755313
0.755291
0.755229
0.755137
0.755042
0.754967
0.754888
0.75482
0.754769
0.754742
0.62007
0.62007
0.62007
0.62007
0.62007
0.62007
0.620071
0.620071
0.620074
0.620084
0.620124
0.620275
0.620847
0.622976
0.6305
0.653013
0.697047
0.737797
0.75166
0.752841
0.752973
0.753151
0.753488
0.754016
0.754691
0.75532
0.755798
0.75606
0.756105
0.756102
0.75606
0.755972
0.755851
0.755707
0.755564
0.755427
0.755288
0.755149
0.754983
0.754808
0.754675
0.754644
0.754675
0.754703
0.754692
0.754674
0.754629
0.754532
0.754414
0.75438
0.754412
0.754472
0.754568
0.754715
0.754935
0.7552
0.755293
0.755311
0.755313
0.755291
0.755229
0.755137
0.755042
0.754967
0.754888
0.754819
0.754769
0.754741
0.62007
0.62007
0.62007
0.62007
0.62007
0.62007
0.620071
0.620071
0.620074
0.620084
0.620124
0.620275
0.620847
0.622976
0.6305
0.653013
0.697047
0.737797
0.75166
0.752841
0.752973
0.753151
0.753488
0.754016
0.754691
0.75532
0.755798
0.75606
0.756105
0.756102
0.75606
0.755972
0.755851
0.755707
0.755564
0.755427
0.755288
0.755149
0.754983
0.754808
0.754675
0.754644
0.754675
0.754703
0.754692
0.754674
0.754629
0.754532
0.754414
0.75438
0.754412
0.754472
0.754568
0.754715
0.754935
0.7552
0.755293
0.755311
0.755313
0.755291
0.755229
0.755137
0.755042
0.754967
0.754888
0.75482
0.754769
0.754742
0.62007
0.62007
0.62007
0.62007
0.62007
0.62007
0.620071
0.620071
0.620074
0.620084
0.620124
0.620275
0.620847
0.622976
0.6305
0.653013
0.697047
0.737797
0.75166
0.752841
0.752973
0.753151
0.753488
0.754016
0.754691
0.75532
0.755798
0.75606
0.756105
0.756102
0.75606
0.755972
0.755851
0.755707
0.755564
0.755427
0.755288
0.755149
0.754983
0.754808
0.754675
0.754644
0.754675
0.754703
0.754692
0.754674
0.754629
0.754532
0.754414
0.75438
0.754412
0.754472
0.754568
0.754715
0.754935
0.7552
0.755293
0.755311
0.755313
0.755291
0.755229
0.755137
0.755042
0.754967
0.754888
0.75482
0.754769
0.754742
0.62007
0.62007
0.62007
0.62007
0.62007
0.62007
0.620071
0.620071
0.620074
0.620084
0.620124
0.620275
0.620847
0.622976
0.6305
0.653013
0.697047
0.737797
0.75166
0.752841
0.752973
0.753151
0.753488
0.754016
0.754691
0.75532
0.755798
0.75606
0.756105
0.756102
0.75606
0.755972
0.755851
0.755707
0.755564
0.755427
0.755288
0.755149
0.754983
0.754808
0.754675
0.754644
0.754675
0.754703
0.754692
0.754674
0.754629
0.754532
0.754414
0.75438
0.754412
0.754472
0.754568
0.754715
0.754935
0.7552
0.755293
0.755311
0.755313
0.755291
0.755229
0.755137
0.755042
0.754967
0.754888
0.75482
0.754769
0.754742
0.62007
0.62007
0.62007
0.62007
0.62007
0.62007
0.620071
0.620071
0.620074
0.620084
0.620124
0.620275
0.620847
0.622976
0.6305
0.653013
0.697047
0.737797
0.75166
0.752841
0.752973
0.753151
0.753488
0.754016
0.754691
0.75532
0.755798
0.75606
0.756105
0.756102
0.75606
0.755972
0.755851
0.755707
0.755564
0.755427
0.755288
0.755149
0.754983
0.754808
0.754675
0.754644
0.754675
0.754703
0.754692
0.754674
0.754629
0.754532
0.754414
0.75438
0.754412
0.754472
0.754568
0.754715
0.754935
0.7552
0.755293
0.755311
0.755313
0.755291
0.755229
0.755137
0.755042
0.754967
0.754888
0.75482
0.754769
0.754742
0.62007
0.62007
0.62007
0.62007
0.62007
0.62007
0.620071
0.620071
0.620074
0.620084
0.620124
0.620275
0.620847
0.622976
0.6305
0.653013
0.697047
0.737797
0.75166
0.752841
0.752973
0.753151
0.753488
0.754016
0.754691
0.75532
0.755798
0.75606
0.756105
0.756102
0.75606
0.755972
0.755851
0.755707
0.755564
0.755427
0.755288
0.755149
0.754983
0.754808
0.754675
0.754644
0.754675
0.754703
0.754692
0.754674
0.754629
0.754532
0.754414
0.75438
0.754412
0.754472
0.754568
0.754715
0.754935
0.7552
0.755293
0.755311
0.755313
0.755291
0.755229
0.755137
0.755042
0.754967
0.754888
0.75482
0.754769
0.754742
0.62007
0.62007
0.62007
0.62007
0.62007
0.62007
0.620071
0.620071
0.620074
0.620084
0.620124
0.620275
0.620847
0.622976
0.6305
0.653013
0.697047
0.737797
0.75166
0.752841
0.752973
0.753151
0.753488
0.754016
0.754691
0.75532
0.755798
0.75606
0.756105
0.756102
0.75606
0.755972
0.755851
0.755707
0.755564
0.755427
0.755288
0.755149
0.754983
0.754808
0.754675
0.754644
0.754675
0.754703
0.754692
0.754674
0.754629
0.754532
0.754414
0.75438
0.754412
0.754472
0.754568
0.754715
0.754935
0.7552
0.755293
0.755311
0.755313
0.755291
0.755229
0.755137
0.755042
0.754967
0.754888
0.75482
0.754769
0.754742
0.62007
0.62007
0.62007
0.62007
0.62007
0.62007
0.620071
0.620071
0.620074
0.620084
0.620124
0.620275
0.620847
0.622976
0.6305
0.653013
0.697047
0.737797
0.75166
0.752841
0.752973
0.753151
0.753488
0.754016
0.754691
0.75532
0.755798
0.75606
0.756105
0.756102
0.75606
0.755972
0.755851
0.755707
0.755564
0.755427
0.755288
0.755149
0.754983
0.754808
0.754675
0.754644
0.754675
0.754703
0.754692
0.754674
0.754629
0.754532
0.754414
0.75438
0.754412
0.754472
0.754568
0.754715
0.754935
0.7552
0.755293
0.755311
0.755313
0.755291
0.755229
0.755137
0.755042
0.754967
0.754888
0.75482
0.754769
0.754742
0.62007
0.62007
0.62007
0.62007
0.62007
0.62007
0.620071
0.620071
0.620074
0.620084
0.620124
0.620275
0.620847
0.622976
0.6305
0.653013
0.697047
0.737797
0.75166
0.752841
0.752973
0.753151
0.753488
0.754016
0.754691
0.75532
0.755798
0.75606
0.756105
0.756102
0.75606
0.755972
0.755851
0.755707
0.755564
0.755427
0.755288
0.755149
0.754983
0.754808
0.754675
0.754644
0.754675
0.754703
0.754692
0.754674
0.754629
0.754532
0.754414
0.75438
0.754412
0.754472
0.754568
0.754715
0.754935
0.7552
0.755293
0.755311
0.755313
0.755291
0.755229
0.755137
0.755042
0.754967
0.754888
0.75482
0.754769
0.754742
0.62007
0.62007
0.62007
0.62007
0.62007
0.62007
0.620071
0.620071
0.620074
0.620084
0.620124
0.620275
0.620847
0.622976
0.6305
0.653013
0.697047
0.737797
0.75166
0.752841
0.752973
0.753151
0.753488
0.754016
0.754691
0.75532
0.755798
0.75606
0.756105
0.756102
0.75606
0.755972
0.755851
0.755707
0.755564
0.755427
0.755288
0.755149
0.754983
0.754808
0.754675
0.754644
0.754675
0.754703
0.754692
0.754674
0.754629
0.754532
0.754414
0.75438
0.754412
0.754472
0.754568
0.754715
0.754935
0.7552
0.755293
0.755311
0.755313
0.755291
0.755229
0.755137
0.755042
0.754967
0.754888
0.75482
0.754769
0.754742
0.62007
0.62007
0.62007
0.62007
0.62007
0.62007
0.620071
0.620071
0.620074
0.620084
0.620124
0.620275
0.620847
0.622976
0.6305
0.653013
0.697047
0.737797
0.75166
0.752841
0.752973
0.753151
0.753488
0.754016
0.754691
0.75532
0.755798
0.75606
0.756105
0.756102
0.75606
0.755972
0.755851
0.755707
0.755564
0.755427
0.755288
0.755149
0.754983
0.754808
0.754675
0.754644
0.754675
0.754703
0.754692
0.754674
0.754629
0.754532
0.754414
0.75438
0.754412
0.754472
0.754568
0.754715
0.754935
0.7552
0.755293
0.755311
0.755313
0.755291
0.755229
0.755137
0.755042
0.754967
0.754888
0.75482
0.754769
0.754742
0.62007
0.62007
0.62007
0.62007
0.62007
0.62007
0.620071
0.620071
0.620074
0.620084
0.620124
0.620275
0.620847
0.622976
0.6305
0.653013
0.697047
0.737797
0.75166
0.752841
0.752973
0.753151
0.753488
0.754016
0.754691
0.75532
0.755798
0.75606
0.756105
0.756102
0.75606
0.755972
0.755851
0.755707
0.755564
0.755427
0.755288
0.755149
0.754983
0.754808
0.754675
0.754644
0.754675
0.754703
0.754692
0.754674
0.754629
0.754532
0.754414
0.75438
0.754412
0.754472
0.754568
0.754715
0.754935
0.7552
0.755293
0.755311
0.755313
0.755291
0.755229
0.755137
0.755042
0.754967
0.754888
0.75482
0.754769
0.754742
0.62007
0.62007
0.62007
0.62007
0.62007
0.62007
0.620071
0.620071
0.620074
0.620084
0.620124
0.620275
0.620847
0.622976
0.6305
0.653013
0.697047
0.737797
0.75166
0.752841
0.752973
0.753151
0.753488
0.754016
0.754691
0.75532
0.755798
0.75606
0.756105
0.756102
0.75606
0.755972
0.755851
0.755707
0.755564
0.755427
0.755288
0.755149
0.754983
0.754808
0.754675
0.754644
0.754675
0.754703
0.754692
0.754674
0.754629
0.754532
0.754414
0.75438
0.754412
0.754472
0.754568
0.754715
0.754935
0.7552
0.755293
0.755311
0.755313
0.755291
0.755229
0.755137
0.755042
0.754967
0.754888
0.75482
0.754769
0.754742
0.62007
0.62007
0.62007
0.62007
0.62007
0.62007
0.620071
0.620071
0.620074
0.620084
0.620124
0.620275
0.620847
0.622976
0.6305
0.653013
0.697047
0.737797
0.75166
0.752841
0.752973
0.753151
0.753488
0.754016
0.754691
0.75532
0.755798
0.75606
0.756105
0.756102
0.75606
0.755972
0.755851
0.755707
0.755564
0.755427
0.755288
0.755149
0.754983
0.754808
0.754675
0.754644
0.754675
0.754703
0.754692
0.754674
0.754629
0.754532
0.754414
0.75438
0.754412
0.754472
0.754568
0.754715
0.754935
0.7552
0.755293
0.755311
0.755313
0.755291
0.755229
0.755137
0.755042
0.754967
0.754888
0.75482
0.754769
0.754742
0.62007
0.62007
0.62007
0.62007
0.62007
0.62007
0.620071
0.620071
0.620074
0.620084
0.620124
0.620275
0.620847
0.622976
0.6305
0.653013
0.697047
0.737797
0.75166
0.752841
0.752973
0.753151
0.753488
0.754016
0.754691
0.75532
0.755798
0.75606
0.756105
0.756102
0.75606
0.755972
0.755851
0.755707
0.755564
0.755427
0.755288
0.755149
0.754983
0.754808
0.754675
0.754644
0.754675
0.754703
0.754692
0.754674
0.754629
0.754532
0.754414
0.75438
0.754412
0.754472
0.754568
0.754715
0.754935
0.7552
0.755293
0.755311
0.755313
0.755291
0.755229
0.755137
0.755042
0.754967
0.754888
0.75482
0.754769
0.754742
0.62007
0.62007
0.62007
0.62007
0.62007
0.62007
0.620071
0.620071
0.620074
0.620084
0.620124
0.620275
0.620847
0.622976
0.6305
0.653013
0.697047
0.737797
0.75166
0.752841
0.752973
0.753151
0.753488
0.754016
0.754691
0.75532
0.755798
0.75606
0.756105
0.756102
0.75606
0.755972
0.755851
0.755707
0.755564
0.755427
0.755288
0.755149
0.754983
0.754808
0.754675
0.754644
0.754675
0.754703
0.754692
0.754674
0.754629
0.754532
0.754414
0.75438
0.754412
0.754472
0.754568
0.754715
0.754935
0.7552
0.755293
0.755311
0.755313
0.755291
0.755229
0.755137
0.755042
0.754967
0.754888
0.75482
0.754769
0.754742
0.62007
0.62007
0.62007
0.62007
0.62007
0.62007
0.620071
0.620071
0.620074
0.620084
0.620124
0.620275
0.620847
0.622976
0.6305
0.653013
0.697047
0.737797
0.75166
0.752841
0.752973
0.753151
0.753488
0.754016
0.754691
0.75532
0.755798
0.75606
0.756105
0.756102
0.75606
0.755972
0.755851
0.755707
0.755564
0.755427
0.755288
0.755149
0.754983
0.754808
0.754675
0.754644
0.754675
0.754703
0.754692
0.754674
0.754629
0.754532
0.754414
0.75438
0.754412
0.754472
0.754568
0.754715
0.754935
0.7552
0.755293
0.755311
0.755313
0.755291
0.755229
0.755137
0.755042
0.754967
0.754888
0.75482
0.754769
0.754742
0.62007
0.62007
0.62007
0.62007
0.62007
0.62007
0.620071
0.620071
0.620074
0.620084
0.620124
0.620275
0.620847
0.622976
0.6305
0.653013
0.697047
0.737797
0.75166
0.752841
0.752973
0.753151
0.753488
0.754016
0.754691
0.75532
0.755798
0.75606
0.756105
0.756102
0.75606
0.755972
0.755851
0.755707
0.755564
0.755427
0.755288
0.755149
0.754983
0.754808
0.754675
0.754644
0.754675
0.754703
0.754692
0.754674
0.754629
0.754532
0.754414
0.75438
0.754412
0.754472
0.754568
0.754715
0.754935
0.7552
0.755293
0.755311
0.755313
0.755291
0.755229
0.755137
0.755042
0.754967
0.754888
0.75482
0.754769
0.754742
0.62007
0.62007
0.62007
0.62007
0.62007
0.62007
0.620071
0.620071
0.620074
0.620084
0.620124
0.620275
0.620847
0.622976
0.6305
0.653013
0.697047
0.737797
0.75166
0.752841
0.752973
0.753151
0.753488
0.754016
0.754691
0.75532
0.755798
0.75606
0.756105
0.756102
0.75606
0.755972
0.755851
0.755707
0.755564
0.755427
0.755288
0.755149
0.754983
0.754808
0.754675
0.754644
0.754675
0.754703
0.754692
0.754674
0.754629
0.754532
0.754414
0.75438
0.754412
0.754472
0.754568
0.754715
0.754935
0.7552
0.755293
0.755311
0.755313
0.755291
0.755229
0.755137
0.755042
0.754967
0.754888
0.75482
0.754769
0.754742
0.62007
0.62007
0.62007
0.62007
0.62007
0.62007
0.620071
0.620071
0.620074
0.620084
0.620124
0.620275
0.620847
0.622976
0.6305
0.653013
0.697047
0.737797
0.75166
0.752841
0.752973
0.753151
0.753488
0.754016
0.754691
0.75532
0.755798
0.75606
0.756105
0.756102
0.75606
0.755972
0.755851
0.755707
0.755564
0.755427
0.755288
0.755149
0.754983
0.754808
0.754675
0.754644
0.754675
0.754703
0.754692
0.754674
0.754629
0.754532
0.754414
0.75438
0.754412
0.754472
0.754568
0.754715
0.754935
0.7552
0.755293
0.755311
0.755313
0.755291
0.755229
0.755137
0.755042
0.754967
0.754888
0.75482
0.754769
0.754742
0.62007
0.62007
0.62007
0.62007
0.62007
0.62007
0.620071
0.620071
0.620074
0.620084
0.620124
0.620275
0.620847
0.622976
0.6305
0.653013
0.697047
0.737797
0.75166
0.752841
0.752973
0.753151
0.753488
0.754016
0.754691
0.75532
0.755798
0.75606
0.756105
0.756102
0.75606
0.755972
0.755851
0.755707
0.755564
0.755427
0.755288
0.755149
0.754983
0.754808
0.754675
0.754644
0.754675
0.754703
0.754692
0.754674
0.754629
0.754532
0.754414
0.75438
0.754412
0.754472
0.754568
0.754715
0.754935
0.7552
0.755293
0.755311
0.755313
0.755291
0.755229
0.755137
0.755042
0.754967
0.754888
0.75482
0.754769
0.754742
0.62007
0.62007
0.62007
0.62007
0.62007
0.62007
0.620071
0.620071
0.620074
0.620084
0.620124
0.620275
0.620847
0.622976
0.6305
0.653013
0.697047
0.737797
0.75166
0.752841
0.752973
0.753151
0.753488
0.754016
0.754691
0.75532
0.755798
0.75606
0.756105
0.756102
0.75606
0.755972
0.755851
0.755707
0.755564
0.755427
0.755288
0.755149
0.754983
0.754808
0.754675
0.754644
0.754675
0.754703
0.754692
0.754674
0.754629
0.754532
0.754414
0.75438
0.754412
0.754472
0.754568
0.754715
0.754935
0.7552
0.755293
0.755311
0.755313
0.755291
0.755229
0.755137
0.755042
0.754967
0.754888
0.75482
0.754769
0.754742
0.62007
0.62007
0.62007
0.62007
0.62007
0.62007
0.620071
0.620071
0.620074
0.620084
0.620124
0.620275
0.620847
0.622976
0.6305
0.653013
0.697047
0.737797
0.75166
0.752841
0.752973
0.753151
0.753488
0.754016
0.754691
0.75532
0.755798
0.75606
0.756105
0.756102
0.75606
0.755972
0.755851
0.755707
0.755564
0.755427
0.755288
0.755149
0.754983
0.754808
0.754675
0.754644
0.754675
0.754703
0.754692
0.754674
0.754629
0.754532
0.754414
0.75438
0.754412
0.754472
0.754568
0.754715
0.754935
0.7552
0.755293
0.755311
0.755313
0.755291
0.755229
0.755137
0.755042
0.754967
0.754888
0.75482
0.754769
0.754742
0.62007
0.62007
0.62007
0.62007
0.62007
0.62007
0.620071
0.620071
0.620074
0.620084
0.620124
0.620275
0.620847
0.622976
0.6305
0.653013
0.697047
0.737797
0.75166
0.752841
0.752973
0.753151
0.753488
0.754016
0.754691
0.75532
0.755798
0.75606
0.756105
0.756102
0.75606
0.755972
0.755851
0.755707
0.755564
0.755427
0.755288
0.755149
0.754983
0.754808
0.754675
0.754644
0.754675
0.754703
0.754692
0.754674
0.754629
0.754532
0.754414
0.75438
0.754412
0.754472
0.754568
0.754715
0.754935
0.7552
0.755293
0.755311
0.755313
0.755291
0.755229
0.755137
0.755042
0.754967
0.754888
0.75482
0.754769
0.754742
0.62007
0.62007
0.62007
0.62007
0.62007
0.62007
0.620071
0.620071
0.620074
0.620084
0.620124
0.620275
0.620847
0.622976
0.6305
0.653013
0.697047
0.737797
0.75166
0.752841
0.752973
0.753151
0.753488
0.754016
0.754691
0.75532
0.755798
0.75606
0.756105
0.756102
0.75606
0.755972
0.755851
0.755707
0.755564
0.755427
0.755288
0.755149
0.754983
0.754808
0.754675
0.754644
0.754675
0.754703
0.754692
0.754674
0.754629
0.754532
0.754414
0.75438
0.754412
0.754472
0.754568
0.754715
0.754935
0.7552
0.755293
0.755311
0.755313
0.755291
0.755229
0.755137
0.755042
0.754967
0.754888
0.75482
0.754769
0.754742
0.62007
0.62007
0.62007
0.62007
0.62007
0.62007
0.620071
0.620071
0.620074
0.620084
0.620124
0.620275
0.620847
0.622976
0.6305
0.653013
0.697047
0.737797
0.75166
0.752841
0.752973
0.753151
0.753488
0.754016
0.754691
0.75532
0.755798
0.75606
0.756105
0.756102
0.75606
0.755972
0.755851
0.755707
0.755564
0.755427
0.755288
0.755149
0.754983
0.754808
0.754675
0.754644
0.754675
0.754703
0.754692
0.754674
0.754629
0.754532
0.754414
0.75438
0.754412
0.754472
0.754568
0.754715
0.754935
0.7552
0.755293
0.755311
0.755313
0.755291
0.755229
0.755137
0.755042
0.754967
0.754888
0.75482
0.754769
0.754742
0.62007
0.62007
0.62007
0.62007
0.62007
0.62007
0.620071
0.620071
0.620074
0.620084
0.620124
0.620275
0.620847
0.622976
0.6305
0.653013
0.697047
0.737797
0.75166
0.752841
0.752973
0.753151
0.753488
0.754016
0.754691
0.75532
0.755798
0.75606
0.756105
0.756102
0.75606
0.755972
0.755851
0.755707
0.755564
0.755427
0.755288
0.755149
0.754983
0.754808
0.754675
0.754644
0.754675
0.754703
0.754692
0.754674
0.754629
0.754532
0.754414
0.75438
0.754412
0.754472
0.754568
0.754715
0.754935
0.7552
0.755293
0.755311
0.755313
0.755291
0.755229
0.755137
0.755042
0.754967
0.754888
0.75482
0.754769
0.754742
0.62007
0.62007
0.62007
0.62007
0.62007
0.62007
0.620071
0.620071
0.620074
0.620084
0.620124
0.620275
0.620847
0.622976
0.6305
0.653013
0.697047
0.737797
0.75166
0.752841
0.752973
0.753151
0.753488
0.754016
0.754691
0.75532
0.755798
0.75606
0.756105
0.756102
0.75606
0.755972
0.755851
0.755707
0.755564
0.755427
0.755288
0.755149
0.754983
0.754808
0.754675
0.754644
0.754675
0.754703
0.754692
0.754674
0.754629
0.754532
0.754414
0.75438
0.754412
0.754472
0.754568
0.754715
0.754935
0.7552
0.755293
0.755311
0.755313
0.755291
0.755229
0.755137
0.755042
0.754967
0.754888
0.75482
0.754769
0.754742
0.62007
0.62007
0.62007
0.62007
0.62007
0.62007
0.620071
0.620071
0.620074
0.620084
0.620124
0.620275
0.620847
0.622976
0.6305
0.653013
0.697047
0.737797
0.75166
0.752841
0.752973
0.753151
0.753488
0.754016
0.754691
0.75532
0.755798
0.75606
0.756105
0.756102
0.75606
0.755972
0.755851
0.755707
0.755564
0.755427
0.755288
0.755149
0.754983
0.754808
0.754675
0.754644
0.754675
0.754703
0.754692
0.754674
0.754629
0.754532
0.754414
0.75438
0.754412
0.754472
0.754568
0.754715
0.754935
0.7552
0.755293
0.755311
0.755313
0.755291
0.755229
0.755137
0.755042
0.754967
0.754888
0.75482
0.754769
0.754742
0.62007
0.62007
0.62007
0.62007
0.62007
0.62007
0.620071
0.620071
0.620074
0.620084
0.620124
0.620275
0.620847
0.622976
0.6305
0.653013
0.697047
0.737797
0.75166
0.752841
0.752973
0.753151
0.753488
0.754016
0.754691
0.75532
0.755798
0.75606
0.756105
0.756102
0.75606
0.755972
0.755851
0.755707
0.755564
0.755427
0.755288
0.755149
0.754983
0.754808
0.754675
0.754644
0.754675
0.754703
0.754692
0.754674
0.754629
0.754532
0.754414
0.75438
0.754412
0.754472
0.754568
0.754715
0.754935
0.7552
0.755293
0.755311
0.755313
0.755291
0.755229
0.755137
0.755042
0.754967
0.754888
0.75482
0.754769
0.754742
0.62007
0.62007
0.62007
0.62007
0.62007
0.62007
0.620071
0.620071
0.620074
0.620084
0.620124
0.620275
0.620847
0.622976
0.6305
0.653013
0.697047
0.737797
0.75166
0.752841
0.752973
0.753151
0.753488
0.754016
0.754691
0.75532
0.755798
0.75606
0.756105
0.756102
0.75606
0.755972
0.755851
0.755707
0.755564
0.755427
0.755288
0.755149
0.754983
0.754808
0.754675
0.754644
0.754675
0.754703
0.754692
0.754674
0.754629
0.754532
0.754414
0.75438
0.754412
0.754472
0.754568
0.754715
0.754935
0.7552
0.755293
0.755311
0.755313
0.755291
0.755229
0.755137
0.755042
0.754967
0.754888
0.75482
0.754769
0.754742
0.62007
0.62007
0.62007
0.62007
0.62007
0.62007
0.620071
0.620071
0.620074
0.620084
0.620124
0.620275
0.620847
0.622976
0.6305
0.653013
0.697047
0.737797
0.75166
0.752841
0.752973
0.753151
0.753488
0.754016
0.754691
0.75532
0.755798
0.75606
0.756105
0.756102
0.75606
0.755972
0.755851
0.755707
0.755564
0.755427
0.755288
0.755149
0.754983
0.754808
0.754675
0.754644
0.754675
0.754703
0.754692
0.754674
0.754629
0.754532
0.754414
0.75438
0.754412
0.754472
0.754568
0.754715
0.754935
0.7552
0.755293
0.755311
0.755313
0.755291
0.755229
0.755137
0.755042
0.754967
0.754888
0.75482
0.754769
0.754742
0.62007
0.62007
0.62007
0.62007
0.62007
0.62007
0.620071
0.620071
0.620074
0.620084
0.620124
0.620275
0.620847
0.622976
0.6305
0.653013
0.697047
0.737797
0.75166
0.752841
0.752973
0.753151
0.753488
0.754016
0.754691
0.75532
0.755798
0.75606
0.756105
0.756102
0.75606
0.755972
0.755851
0.755707
0.755564
0.755427
0.755288
0.755149
0.754983
0.754808
0.754675
0.754644
0.754675
0.754703
0.754692
0.754674
0.754629
0.754532
0.754414
0.75438
0.754412
0.754472
0.754568
0.754715
0.754935
0.7552
0.755293
0.755311
0.755313
0.755291
0.755229
0.755137
0.755042
0.754967
0.754888
0.75482
0.754769
0.754742
0.62007
0.62007
0.62007
0.62007
0.62007
0.62007
0.620071
0.620071
0.620074
0.620084
0.620124
0.620275
0.620847
0.622976
0.6305
0.653013
0.697047
0.737797
0.75166
0.752841
0.752973
0.753151
0.753488
0.754016
0.754691
0.75532
0.755798
0.75606
0.756105
0.756102
0.75606
0.755972
0.755851
0.755707
0.755564
0.755427
0.755288
0.755149
0.754983
0.754808
0.754675
0.754644
0.754675
0.754703
0.754692
0.754674
0.754629
0.754532
0.754414
0.75438
0.754412
0.754472
0.754568
0.754715
0.754935
0.7552
0.755293
0.755311
0.755313
0.755291
0.755229
0.755137
0.755042
0.754967
0.754888
0.75482
0.754769
0.754742
0.62007
0.62007
0.62007
0.62007
0.62007
0.62007
0.620071
0.620071
0.620074
0.620084
0.620124
0.620275
0.620847
0.622976
0.6305
0.653013
0.697047
0.737797
0.75166
0.752841
0.752973
0.753151
0.753488
0.754016
0.754691
0.75532
0.755798
0.75606
0.756105
0.756102
0.75606
0.755972
0.755851
0.755707
0.755564
0.755427
0.755288
0.755149
0.754983
0.754808
0.754675
0.754644
0.754675
0.754703
0.754692
0.754674
0.754629
0.754532
0.754414
0.75438
0.754412
0.754472
0.754568
0.754715
0.754935
0.7552
0.755293
0.755311
0.755313
0.755291
0.755229
0.755137
0.755042
0.754967
0.754888
0.75482
0.754769
0.754742
0.62007
0.62007
0.62007
0.62007
0.62007
0.62007
0.620071
0.620071
0.620074
0.620084
0.620124
0.620275
0.620847
0.622976
0.6305
0.653013
0.697047
0.737797
0.75166
0.752841
0.752973
0.753151
0.753488
0.754016
0.754691
0.75532
0.755798
0.75606
0.756105
0.756102
0.75606
0.755972
0.755851
0.755707
0.755564
0.755427
0.755288
0.755149
0.754983
0.754808
0.754675
0.754644
0.754675
0.754703
0.754692
0.754674
0.754629
0.754532
0.754414
0.75438
0.754412
0.754472
0.754568
0.754715
0.754935
0.7552
0.755293
0.755311
0.755313
0.755291
0.755229
0.755137
0.755042
0.754967
0.754888
0.75482
0.754769
0.754742
0.62007
0.62007
0.62007
0.62007
0.62007
0.62007
0.620071
0.620071
0.620074
0.620084
0.620124
0.620275
0.620847
0.622976
0.6305
0.653013
0.697047
0.737797
0.75166
0.752841
0.752973
0.753151
0.753488
0.754016
0.754691
0.75532
0.755798
0.75606
0.756105
0.756102
0.75606
0.755972
0.755851
0.755707
0.755564
0.755427
0.755288
0.755149
0.754983
0.754808
0.754675
0.754644
0.754675
0.754703
0.754692
0.754674
0.754629
0.754532
0.754414
0.75438
0.754412
0.754472
0.754568
0.754715
0.754935
0.7552
0.755293
0.755311
0.755313
0.755291
0.755229
0.755137
0.755042
0.754967
0.754888
0.75482
0.754769
0.754742
0.62007
0.62007
0.62007
0.62007
0.62007
0.62007
0.620071
0.620071
0.620074
0.620084
0.620124
0.620275
0.620847
0.622976
0.6305
0.653013
0.697047
0.737797
0.75166
0.752841
0.752973
0.753151
0.753488
0.754016
0.754691
0.75532
0.755798
0.75606
0.756105
0.756102
0.75606
0.755972
0.755851
0.755707
0.755564
0.755427
0.755288
0.755149
0.754983
0.754808
0.754675
0.754644
0.754675
0.754703
0.754692
0.754674
0.754629
0.754532
0.754414
0.75438
0.754412
0.754472
0.754568
0.754715
0.754935
0.7552
0.755293
0.755311
0.755313
0.755291
0.755229
0.755137
0.755042
0.754967
0.754888
0.75482
0.754769
0.754742
0.62007
0.62007
0.62007
0.62007
0.62007
0.62007
0.620071
0.620071
0.620074
0.620084
0.620124
0.620275
0.620847
0.622976
0.6305
0.653013
0.697047
0.737797
0.75166
0.752841
0.752973
0.753151
0.753488
0.754016
0.754691
0.75532
0.755798
0.75606
0.756105
0.756102
0.75606
0.755972
0.755851
0.755707
0.755564
0.755427
0.755288
0.755149
0.754983
0.754808
0.754675
0.754644
0.754675
0.754703
0.754692
0.754674
0.754629
0.754532
0.754414
0.75438
0.754412
0.754472
0.754568
0.754715
0.754935
0.7552
0.755293
0.755311
0.755313
0.755291
0.755229
0.755137
0.755042
0.754967
0.754888
0.75482
0.754769
0.754742
0.62007
0.62007
0.62007
0.62007
0.62007
0.62007
0.620071
0.620071
0.620074
0.620084
0.620124
0.620275
0.620847
0.622976
0.6305
0.653013
0.697047
0.737797
0.75166
0.752841
0.752973
0.753151
0.753488
0.754016
0.754691
0.75532
0.755798
0.75606
0.756105
0.756102
0.75606
0.755972
0.755851
0.755707
0.755564
0.755427
0.755288
0.755149
0.754983
0.754808
0.754675
0.754644
0.754675
0.754703
0.754692
0.754674
0.754629
0.754532
0.754414
0.75438
0.754412
0.754472
0.754568
0.754715
0.754935
0.7552
0.755293
0.755311
0.755313
0.755291
0.755229
0.755137
0.755042
0.754967
0.754888
0.75482
0.754769
0.754742
0.62007
0.62007
0.62007
0.62007
0.62007
0.62007
0.620071
0.620071
0.620074
0.620084
0.620124
0.620275
0.620847
0.622976
0.6305
0.653013
0.697047
0.737797
0.75166
0.752841
0.752973
0.753151
0.753488
0.754016
0.754691
0.75532
0.755798
0.75606
0.756105
0.756102
0.75606
0.755972
0.755851
0.755707
0.755564
0.755427
0.755288
0.755149
0.754983
0.754808
0.754675
0.754644
0.754675
0.754703
0.754692
0.754674
0.754629
0.754532
0.754414
0.75438
0.754412
0.754472
0.754568
0.754715
0.754935
0.7552
0.755293
0.755311
0.755313
0.755291
0.755229
0.755137
0.755042
0.754967
0.754888
0.75482
0.754769
0.754742
0.62007
0.62007
0.62007
0.62007
0.62007
0.62007
0.620071
0.620071
0.620074
0.620084
0.620124
0.620275
0.620847
0.622976
0.6305
0.653013
0.697047
0.737797
0.75166
0.752841
0.752973
0.753151
0.753488
0.754016
0.754691
0.75532
0.755798
0.75606
0.756105
0.756102
0.75606
0.755972
0.755851
0.755707
0.755564
0.755427
0.755288
0.755149
0.754983
0.754808
0.754675
0.754644
0.754675
0.754703
0.754692
0.754674
0.754629
0.754532
0.754414
0.75438
0.754412
0.754472
0.754568
0.754715
0.754935
0.7552
0.755293
0.755311
0.755313
0.755291
0.755229
0.755137
0.755042
0.754967
0.754888
0.75482
0.754769
0.754742
0.62007
0.62007
0.62007
0.62007
0.62007
0.62007
0.620071
0.620071
0.620074
0.620084
0.620124
0.620275
0.620847
0.622976
0.6305
0.653013
0.697047
0.737797
0.75166
0.752841
0.752973
0.753151
0.753488
0.754016
0.754691
0.75532
0.755798
0.75606
0.756105
0.756102
0.75606
0.755972
0.755851
0.755707
0.755564
0.755427
0.755288
0.755149
0.754983
0.754808
0.754675
0.754644
0.754675
0.754703
0.754692
0.754674
0.754629
0.754532
0.754414
0.75438
0.754412
0.754472
0.754568
0.754715
0.754935
0.7552
0.755293
0.755311
0.755313
0.755291
0.755229
0.755137
0.755042
0.754967
0.754888
0.75482
0.754769
0.754742
0.62007
0.62007
0.62007
0.62007
0.62007
0.62007
0.620071
0.620071
0.620074
0.620084
0.620124
0.620275
0.620847
0.622976
0.6305
0.653013
0.697047
0.737797
0.75166
0.752841
0.752973
0.753151
0.753488
0.754016
0.754691
0.75532
0.755798
0.75606
0.756105
0.756102
0.75606
0.755972
0.755851
0.755707
0.755564
0.755427
0.755288
0.755149
0.754983
0.754808
0.754675
0.754644
0.754675
0.754703
0.754692
0.754674
0.754629
0.754532
0.754414
0.75438
0.754412
0.754472
0.754568
0.754715
0.754935
0.7552
0.755293
0.755311
0.755313
0.755291
0.755229
0.755137
0.755042
0.754967
0.754888
0.75482
0.754769
0.754742
0.62007
0.62007
0.62007
0.62007
0.62007
0.62007
0.620071
0.620071
0.620074
0.620084
0.620124
0.620275
0.620847
0.622976
0.6305
0.653013
0.697047
0.737797
0.75166
0.752841
0.752973
0.753151
0.753488
0.754016
0.754691
0.75532
0.755798
0.75606
0.756105
0.756102
0.75606
0.755972
0.755851
0.755707
0.755564
0.755427
0.755288
0.755149
0.754983
0.754808
0.754675
0.754644
0.754675
0.754703
0.754692
0.754674
0.754629
0.754532
0.754414
0.75438
0.754412
0.754472
0.754568
0.754715
0.754935
0.7552
0.755293
0.755311
0.755313
0.755291
0.755229
0.755137
0.755042
0.754967
0.754888
0.75482
0.754769
0.754742
0.62007
0.62007
0.62007
0.62007
0.62007
0.62007
0.620071
0.620071
0.620074
0.620084
0.620124
0.620275
0.620847
0.622976
0.6305
0.653013
0.697047
0.737797
0.75166
0.752841
0.752973
0.753151
0.753488
0.754016
0.754691
0.75532
0.755798
0.75606
0.756105
0.756102
0.75606
0.755972
0.755851
0.755707
0.755564
0.755427
0.755288
0.755149
0.754983
0.754808
0.754675
0.754644
0.754675
0.754703
0.754692
0.754674
0.754629
0.754532
0.754414
0.75438
0.754412
0.754472
0.754568
0.754715
0.754935
0.7552
0.780414
0.444703
0.445417
0.457178
0.484561
0.514694
0.516672
0.512767
0.507476
0.494961
0.467852
0.425125
0.364693
0.322516
0.325635
0.34881
0.367197
0.345112
0.33401
0.332064
0.999753
0.709733
0.586976
0.515911
0.500745
0.509302
0.512942
0.513607
0.509635
0.497496
0.470834
0.427983
0.366299
0.324903
0.328144
0.350595
0.367896
0.345307
0.334075
0.332308
1.10313
0.844835
0.644159
0.557294
0.519558
0.51023
0.517488
0.520681
0.520026
0.509347
0.480074
0.435075
0.371645
0.330426
0.333294
0.354128
0.370246
0.346616
0.335218
0.333235
1.17075
0.951789
0.743728
0.634719
0.54542
0.518427
0.515628
0.520384
0.526381
0.517444
0.48874
0.443184
0.376779
0.337213
0.340423
0.359176
0.373009
0.348592
0.336952
0.334832
1.21605
1.03839
0.841427
0.695525
0.584515
0.533496
0.521311
0.524892
0.530152
0.522284
0.494875
0.450323
0.381978
0.343098
0.345868
0.362642
0.375327
0.350461
0.338905
0.336745
1.24699
1.10882
0.926971
0.76546
0.650032
0.578681
0.530738
0.525017
0.530274
0.523094
0.497218
0.4545
0.385431
0.347702
0.350513
0.364924
0.376199
0.350491
0.340011
0.338314
1.26873
1.16151
1.00369
0.839243
0.71558
0.617708
0.551226
0.531671
0.53332
0.521321
0.495634
0.454774
0.3865
0.351053
0.353049
0.36524
0.374864
0.349321
0.34043
0.339405
1.28288
1.20339
1.064
0.914823
0.777674
0.670315
0.599678
0.55229
0.536414
0.519126
0.493318
0.454015
0.385538
0.351743
0.353367
0.363832
0.370579
0.346376
0.340362
0.340048
1.29201
1.23506
1.11781
0.977231
0.843132
0.730122
0.642347
0.576718
0.544111
0.519774
0.4903
0.451123
0.382182
0.351338
0.351173
0.357983
0.360515
0.340437
0.339561
0.340451
1.29615
1.25652
1.16275
1.03267
0.904279
0.78742
0.691349
0.620241
0.566997
0.526165
0.487737
0.443012
0.376383
0.349105
0.34701
0.349387
0.347846
0.332345
0.338098
0.340922
1.29731
1.27092
1.19724
1.08298
0.96016
0.840978
0.744908
0.662285
0.589793
0.537131
0.492228
0.438469
0.371471
0.345037
0.341153
0.340169
0.333454
0.324875
0.336541
0.341384
1.29854
1.28055
1.22473
1.12676
1.01063
0.894452
0.794131
0.705516
0.625608
0.562082
0.505078
0.440357
0.365167
0.338285
0.333873
0.330951
0.319442
0.319509
0.335542
0.341723
1.29967
1.28724
1.24622
1.16411
1.05748
0.944525
0.841401
0.750604
0.662904
0.587082
0.518805
0.447192
0.371078
0.332926
0.326569
0.322298
0.307253
0.315785
0.334698
0.342063
1.30029
1.29177
1.26228
1.19549
1.09951
0.991373
0.888301
0.793645
0.700233
0.618798
0.544476
0.466487
0.379743
0.328199
0.319079
0.31382
0.298322
0.312676
0.334045
0.342348
1.29977
1.29407
1.27321
1.22075
1.13667
1.03535
0.93331
0.835792
0.738406
0.65182
0.570055
0.485062
0.394016
0.330312
0.313654
0.305797
0.291974
0.309917
0.333629
0.342513
1.29884
1.29449
1.2801
1.24056
1.16927
1.07607
0.976324
0.87732
0.77603
0.684643
0.59864
0.511033
0.417088
0.338775
0.310366
0.298263
0.287119
0.307706
0.333219
0.342581
1.29811
1.29398
1.28439
1.25577
1.1974
1.11348
1.01711
0.917515
0.813168
0.717886
0.628674
0.536388
0.437955
0.349838
0.310237
0.292298
0.283383
0.30592
0.332894
0.342582
1.29732
1.29368
1.28654
1.26662
1.22083
1.1471
1.05561
0.956044
0.849955
0.75096
0.65889
0.562876
0.461609
0.367359
0.31243
0.287836
0.280353
0.304398
0.332741
0.342589
1.29634
1.29371
1.28754
1.2732
1.23878
1.17649
1.09122
0.993191
0.885992
0.78373
0.689611
0.58966
0.48443
0.383592
0.316545
0.284779
0.277741
0.302953
0.332639
0.342659
1.29478
1.29361
1.28871
1.27704
1.25157
1.20089
1.1238
1.02854
0.920989
0.8166
0.719984
0.616178
0.507413
0.401477
0.323066
0.282727
0.275301
0.301391
0.332573
0.342796
1.29268
1.29277
1.28945
1.27957
1.26034
1.22034
1.15276
1.06181
0.954858
0.849041
0.750298
0.642688
0.529536
0.418945
0.33071
0.281778
0.273067
0.299719
0.332532
0.342958
1.29046
1.29065
1.28887
1.28154
1.26668
1.23538
1.17745
1.09237
0.9871
0.880962
0.780214
0.66919
0.551476
0.435771
0.33898
0.281897
0.271453
0.298358
0.332578
0.343136
1.28869
1.28775
1.28709
1.28233
1.27137
1.24678
1.19783
1.11946
1.01733
0.911974
0.80975
0.695541
0.572832
0.452644
0.347794
0.283076
0.271095
0.29755
0.332758
0.343318
1.28754
1.285
1.28473
1.2816
1.27424
1.25483
1.21388
1.14269
1.04501
0.941693
0.838752
0.721844
0.593654
0.468961
0.356448
0.284843
0.271003
0.296924
0.333079
0.343439
1.28631
1.28331
1.28241
1.27999
1.27485
1.25975
1.22606
1.16218
1.06995
0.969689
0.866781
0.74763
0.614159
0.484951
0.364819
0.287342
0.271424
0.296742
0.333596
0.343539
1.28417
1.28188
1.28012
1.27825
1.27425
1.26184
1.2344
1.17783
1.09174
0.995565
0.893368
0.77231
0.634194
0.499846
0.373122
0.290122
0.272439
0.296943
0.334273
0.343693
1.28124
1.27957
1.27755
1.27648
1.27311
1.2621
1.23906
1.18943
1.10976
1.01853
0.917752
0.795414
0.653676
0.513918
0.38065
0.293002
0.27369
0.297424
0.334935
0.343871
1.27838
1.27626
1.274
1.274
1.27209
1.26198
1.24177
1.19634
1.12324
1.03747
0.939137
0.816145
0.671975
0.52688
0.389057
0.297471
0.275675
0.298414
0.335696
0.34409
1.27638
1.27316
1.26994
1.27032
1.27001
1.26156
1.24331
1.20102
1.13225
1.05148
0.956354
0.833811
0.6888
0.538463
0.394713
0.299068
0.277526
0.299529
0.336456
0.344329
1.2748
1.27126
1.26676
1.26629
1.26626
1.2598
1.24411
1.20445
1.13857
1.06072
0.968498
0.847631
0.702783
0.549343
0.401181
0.301752
0.279806
0.300974
0.337352
0.344568
1.27237
1.27009
1.2656
1.26352
1.26136
1.25597
1.24354
1.20683
1.14392
1.06772
0.976846
0.856921
0.71397
0.556531
0.405845
0.302999
0.281968
0.302435
0.338177
0.344749
1.26903
1.26782
1.26481
1.26238
1.25722
1.25138
1.24094
1.20736
1.14771
1.07388
0.984199
0.86446
0.721444
0.562634
0.410791
0.304397
0.284128
0.303896
0.338801
0.344862
1.26591
1.26403
1.26221
1.26086
1.25475
1.24819
1.2375
1.20614
1.14923
1.07802
0.989966
0.871266
0.727464
0.56795
0.414656
0.30596
0.286056
0.304149
0.338712
0.344867
1.26443
1.26007
1.25786
1.25696
1.25216
1.24677
1.23508
1.20433
1.14924
1.07982
0.993139
0.876159
0.732048
0.572364
0.417591
0.307758
0.287471
0.304041
0.338177
0.344644
1.26304
1.25766
1.25389
1.25144
1.24779
1.24463
1.23376
1.20316
1.14907
1.08063
0.994588
0.879185
0.734889
0.575968
0.420114
0.310116
0.28883
0.303431
0.336992
0.34414
1.25961
1.25594
1.252
1.24715
1.24288
1.24038
1.23135
1.2026
1.14988
1.08226
0.996181
0.881691
0.737091
0.579335
0.422873
0.313127
0.290362
0.302598
0.335265
0.343447
1.25435
1.25292
1.25103
1.2454
1.23992
1.23592
1.22745
1.20143
1.15139
1.08492
0.998778
0.884931
0.740745
0.583082
0.426228
0.316553
0.29203
0.301732
0.333378
0.342784
1.25058
1.24852
1.2477
1.24392
1.23912
1.23396
1.22425
1.19984
1.15262
1.08797
1.00291
0.88998
0.746869
0.587403
0.430157
0.32042
0.293878
0.301604
0.331834
0.342254
1.24956
1.24518
1.24253
1.23932
1.23645
1.23341
1.22317
1.19904
1.1537
1.09115
1.00827
0.896524
0.754212
0.592577
0.434351
0.324846
0.296046
0.302127
0.330996
0.341827
1.24805
1.24312
1.23813
1.23326
1.23082
1.22948
1.22195
1.19914
1.15546
1.09519
1.01472
0.903968
0.762375
0.598402
0.438686
0.329622
0.29875
0.303363
0.330747
0.341366
1.24351
1.24065
1.23569
1.22933
1.22517
1.22291
1.21781
1.19843
1.15798
1.10011
1.02184
0.912013
0.771265
0.604902
0.443401
0.334492
0.301991
0.3053
0.330844
0.340858
1.23661
1.23607
1.23421
1.2292
1.22351
1.21873
1.21254
1.19601
1.15987
1.10475
1.0286
0.92039
0.780695
0.612433
0.448681
0.339456
0.305777
0.307924
0.331378
0.34026
1.23242
1.23028
1.23038
1.22804
1.22404
1.21898
1.2105
1.1941
1.16085
1.10845
1.03468
0.928839
0.790338
0.620921
0.454801
0.344583
0.310006
0.311254
0.33241
0.339718
1.23349
1.22761
1.22504
1.22281
1.21924
1.21591
1.21049
1.19473
1.16245
1.11234
1.04111
0.937834
0.800187
0.629973
0.461869
0.350005
0.314555
0.315215
0.333772
0.339499
1.2326
1.2279
1.22061
1.21542
1.21114
1.20846
1.2056
1.19391
1.16475
1.11716
1.04838
0.947596
0.810717
0.6395
0.469453
0.355679
0.319432
0.319731
0.335465
0.33962
1.22621
1.22484
1.21904
1.21058
1.20583
1.20193
1.19751
1.18894
1.16494
1.12149
1.05565
0.957854
0.822055
0.649592
0.477199
0.361616
0.324622
0.324583
0.337507
0.340171
1.21471
1.21533
1.21571
1.21289
1.2094
1.20228
1.19289
1.18286
1.16271
1.12381
1.06155
0.967651
0.833723
0.660074
0.484952
0.367744
0.330185
0.329723
0.339757
0.341238
1.20926
1.20602
1.20808
1.2078
1.2029
1.19762
1.19205
1.18089
1.16108
1.12532
1.06696
0.976782
0.845148
0.670747
0.492897
0.373933
0.336118
0.334999
0.342315
0.342656
1.20932
1.21316
1.20152
1.19604
1.18934
1.18714
1.18624
1.17935
1.16155
1.1277
1.07269
0.985997
0.856524
0.681603
0.501192
0.380107
0.342421
0.340126
0.345332
0.344398
1.12492
1.19487
1.20263
1.19428
1.18239
1.17778
1.17633
1.17331
1.15954
1.12953
1.07824
0.995254
0.868168
0.692877
0.509981
0.386272
0.348566
0.345091
0.348765
0.346496
0.927495
1.08198
1.17505
1.18188
1.18115
1.17621
1.16964
1.16471
1.15393
1.1291
1.08265
1.00427
0.880036
0.704507
0.519069
0.392481
0.354309
0.3499
0.352491
0.348835
0.780909
0.904785
1.0798
1.14536
1.16719
1.16828
1.16589
1.15901
1.14848
1.12712
1.08553
1.01282
0.891852
0.716247
0.528181
0.398659
0.359668
0.354564
0.356353
0.351334
0.755857
0.782302
0.903536
1.07447
1.13968
1.15623
1.15554
1.15203
1.14381
1.12508
1.08762
1.01989
0.902765
0.727567
0.537081
0.404842
0.364776
0.359111
0.360168
0.353875
0.754739
0.756632
0.786356
0.927023
1.06784
1.13939
1.1389
1.13889
1.13374
1.12044
1.08871
1.02626
0.912981
0.73845
0.545848
0.41104
0.369689
0.363543
0.36387
0.356436
0.754718
0.754776
0.757842
0.802715
0.938267
1.09455
1.11944
1.12557
1.1206
1.11201
1.08699
1.03118
0.922407
0.749023
0.554845
0.417438
0.374509
0.367839
0.367445
0.35903
0.754728
0.754691
0.754847
0.761317
0.819344
0.981466
1.0859
1.10652
1.10848
1.10318
1.08375
1.03505
0.931424
0.759698
0.56422
0.424036
0.379258
0.372045
0.370992
0.36169
0.754732
0.7547
0.754674
0.755187
0.768079
0.854466
1.02641
1.07558
1.094
1.0915
1.07822
1.03809
0.940874
0.771399
0.574308
0.430912
0.383978
0.376187
0.374526
0.364431
0.754733
0.754706
0.75466
0.754685
0.756624
0.784262
0.92857
1.03273
1.08174
1.08155
1.07287
1.04054
0.950724
0.784282
0.585419
0.438032
0.38867
0.380311
0.378105
0.367273
0.754732
0.754708
0.754673
0.754627
0.754859
0.761715
0.83391
0.973215
1.06036
1.07589
1.06944
1.04258
0.960647
0.798153
0.597536
0.445411
0.39335
0.384409
0.381719
0.370236
0.754732
0.754707
0.75468
0.754633
0.754639
0.756034
0.779559
0.897036
1.01475
1.0724
1.06731
1.04463
0.970015
0.812086
0.610109
0.452867
0.398004
0.388521
0.385399
0.373334
0.754732
0.754705
0.754681
0.754643
0.754599
0.754826
0.760502
0.822057
0.945195
1.06152
1.0625
1.0459
0.978926
0.825912
0.622715
0.460263
0.402597
0.392609
0.389097
0.376542
0.754732
0.754704
0.75468
0.754651
0.754602
0.754627
0.755785
0.776738
0.871138
1.0261
1.05584
1.04347
0.985756
0.839231
0.635007
0.467621
0.40715
0.396703
0.392821
0.379856
0.754733
0.754705
0.754677
0.754654
0.754607
0.754609
0.75487
0.760342
0.810901
0.955595
1.04816
1.03832
0.989636
0.851265
0.646999
0.47523
0.41167
0.400762
0.396523
0.383238
0.754733
0.754705
0.754676
0.754653
0.754614
0.754611
0.754709
0.756102
0.776677
0.87415
1.02709
1.02993
0.992434
0.862948
0.659127
0.483248
0.416253
0.404787
0.400185
0.386639
0.754732
0.754705
0.754676
0.754651
0.754617
0.75462
0.754698
0.755145
0.762256
0.813792
0.978427
1.01666
0.990788
0.875495
0.673106
0.491854
0.420947
0.408673
0.403735
0.390026
0.754732
0.754705
0.754677
0.75465
0.754616
0.754631
0.754705
0.754929
0.757226
0.780254
0.908694
0.999098
0.984672
0.886765
0.688352
0.501003
0.425603
0.41226
0.407082
0.393324
0.754732
0.754705
0.754677
0.75465
0.754616
0.754634
0.75472
0.754906
0.755676
0.764812
0.838921
0.974769
0.974388
0.894762
0.70292
0.510189
0.429978
0.415525
0.410265
0.396488
0.754732
0.754705
0.754677
0.75465
0.754615
0.754633
0.754735
0.754928
0.755256
0.7585
0.791392
0.931328
0.958713
0.898012
0.716924
0.518779
0.433731
0.418567
0.413309
0.399394
0.754732
0.754705
0.754677
0.75465
0.754615
0.754631
0.754736
0.754967
0.755162
0.756023
0.76817
0.873537
0.936592
0.896425
0.730051
0.52633
0.436832
0.421598
0.416166
0.401856
0.754732
0.754705
0.754677
0.75465
0.754615
0.754629
0.754732
0.755008
0.75519
0.755138
0.758797
0.817628
0.90673
0.888393
0.740636
0.532835
0.439664
0.424612
0.418735
0.403835
0.754732
0.754705
0.754677
0.75465
0.754615
0.754629
0.754729
0.755015
0.755207
0.754931
0.754866
0.777549
0.868272
0.87133
0.747051
0.538561
0.442392
0.427438
0.421021
0.405466
0.754732
0.754705
0.754677
0.75465
0.754615
0.754629
0.754728
0.755011
0.755224
0.754999
0.753
0.758171
0.82378
0.847104
0.747591
0.543544
0.444802
0.429936
0.423177
0.40702
0.754732
0.754705
0.754677
0.75465
0.754615
0.75463
0.754728
0.755003
0.755233
0.755086
0.753464
0.7489
0.781919
0.816543
0.742724
0.547567
0.446846
0.432132
0.425135
0.408605
0.754732
0.754705
0.754677
0.75465
0.754615
0.75463
0.754728
0.755002
0.755233
0.75511
0.753841
0.747416
0.75179
0.782198
0.7313
0.550218
0.448669
0.434176
0.427028
0.410353
0.754732
0.754705
0.754677
0.75465
0.754615
0.75463
0.754728
0.755003
0.755232
0.755107
0.754079
0.748847
0.732829
0.748285
0.711261
0.550991
0.449931
0.436042
0.42957
0.412763
0.754732
0.754705
0.754677
0.75465
0.754615
0.75463
0.754728
0.755003
0.755231
0.755101
0.754077
0.750203
0.733458
0.71557
0.682376
0.548251
0.450324
0.437207
0.4324
0.41595
0.754732
0.754705
0.754677
0.75465
0.754615
0.75463
0.754728
0.755004
0.755231
0.755099
0.754049
0.750545
0.73623
0.693214
0.650168
0.540156
0.450974
0.438137
0.433925
0.41922
0.754732
0.754705
0.754677
0.75465
0.754615
0.75463
0.754728
0.755004
0.755231
0.7551
0.754029
0.750525
0.738683
0.691974
0.612924
0.523336
0.450663
0.438401
0.433731
0.420876
0.754732
0.754705
0.754677
0.75465
0.754615
0.75463
0.754728
0.755004
0.755231
0.7551
0.754028
0.750452
0.739132
0.695211
0.591506
0.498438
0.444354
0.435718
0.433582
0.421856
0.754732
0.754705
0.754677
0.75465
0.754615
0.75463
0.754728
0.755004
0.755231
0.7551
0.754029
0.750424
0.739121
0.698215
0.590677
0.466809
0.42372
0.423965
0.42732
0.41751
0.754732
0.754705
0.754677
0.75465
0.754615
0.75463
0.754728
0.755004
0.755231
0.7551
0.754029
0.750422
0.739011
0.698889
0.59447
0.452795
0.390204
0.39252
0.40563
0.402616
0.754732
0.754705
0.754677
0.75465
0.754615
0.75463
0.754728
0.755004
0.755231
0.7551
0.754029
0.750425
0.738958
0.698879
0.596703
0.453265
0.366871
0.358221
0.36882
0.371496
0.754732
0.754705
0.754677
0.75465
0.754615
0.75463
0.754728
0.755004
0.755231
0.7551
0.754029
0.750426
0.738954
0.698847
0.596946
0.454221
0.362885
0.345576
0.347211
0.344753
0.754732
0.754705
0.754677
0.75465
0.754615
0.75463
0.754728
0.755004
0.755231
0.7551
0.754029
0.750426
0.738954
0.698842
0.596946
0.454398
0.362845
0.344445
0.343634
0.338156
0.754732
0.754705
0.754677
0.75465
0.754615
0.75463
0.754728
0.755004
0.755231
0.7551
0.754029
0.750426
0.738954
0.698841
0.596945
0.454405
0.362843
0.344436
0.343507
0.337813
0.754732
0.754705
0.754677
0.75465
0.754615
0.75463
0.754728
0.755004
0.755231
0.7551
0.754029
0.750426
0.738954
0.698841
0.596945
0.454405
0.362843
0.344437
0.343506
0.337811
0.754732
0.754705
0.754677
0.75465
0.754615
0.75463
0.754728
0.755004
0.755231
0.7551
0.754029
0.750426
0.738954
0.698841
0.596945
0.454405
0.362843
0.344437
0.343506
0.337811
0.754732
0.754705
0.754677
0.75465
0.754615
0.75463
0.754728
0.755004
0.755231
0.7551
0.754029
0.750426
0.738954
0.698841
0.596945
0.454405
0.362843
0.344437
0.343506
0.337811
0.754732
0.754705
0.754677
0.75465
0.754615
0.75463
0.754728
0.755004
0.755231
0.7551
0.754029
0.750426
0.738954
0.698841
0.596945
0.454405
0.362843
0.344437
0.343506
0.337811
0.754732
0.754705
0.754677
0.75465
0.754615
0.75463
0.754728
0.755004
0.755231
0.7551
0.754029
0.750426
0.738954
0.698841
0.596945
0.454405
0.362843
0.344437
0.343506
0.337811
0.754732
0.754705
0.754677
0.75465
0.754615
0.75463
0.754728
0.755004
0.755231
0.7551
0.754029
0.750426
0.738954
0.698841
0.596945
0.454405
0.362843
0.344437
0.343506
0.337811
0.754732
0.754705
0.754677
0.75465
0.754615
0.75463
0.754728
0.755004
0.755231
0.7551
0.754029
0.750426
0.738954
0.698841
0.596945
0.454405
0.362843
0.344437
0.343506
0.337811
0.754732
0.754705
0.754677
0.75465
0.754615
0.75463
0.754728
0.755004
0.755231
0.7551
0.754029
0.750426
0.738954
0.698841
0.596945
0.454405
0.362843
0.344437
0.343506
0.337811
0.754732
0.754705
0.754677
0.75465
0.754615
0.75463
0.754728
0.755004
0.755231
0.7551
0.754029
0.750426
0.738954
0.698841
0.596945
0.454405
0.362843
0.344437
0.343506
0.337811
0.754732
0.754705
0.754677
0.75465
0.754615
0.75463
0.754728
0.755004
0.755231
0.7551
0.754029
0.750426
0.738954
0.698841
0.596945
0.454405
0.362843
0.344437
0.343506
0.337811
0.754732
0.754705
0.754677
0.75465
0.754615
0.75463
0.754728
0.755004
0.755231
0.7551
0.754029
0.750426
0.738954
0.698841
0.596945
0.454405
0.362843
0.344437
0.343506
0.337811
0.754732
0.754705
0.754677
0.75465
0.754615
0.75463
0.754728
0.755004
0.755231
0.7551
0.754029
0.750426
0.738954
0.698841
0.596945
0.454405
0.362843
0.344437
0.343506
0.337811
0.754732
0.754705
0.754677
0.75465
0.754615
0.75463
0.754728
0.755004
0.755231
0.7551
0.754029
0.750426
0.738954
0.698841
0.596945
0.454405
0.362843
0.344437
0.343506
0.337811
0.754732
0.754705
0.754677
0.75465
0.754615
0.75463
0.754728
0.755004
0.755231
0.7551
0.754029
0.750426
0.738954
0.698841
0.596945
0.454405
0.362843
0.344437
0.343506
0.337811
0.754732
0.754705
0.754677
0.75465
0.754615
0.75463
0.754728
0.755004
0.755231
0.7551
0.754029
0.750426
0.738954
0.698841
0.596945
0.454405
0.362843
0.344437
0.343506
0.337811
0.754732
0.754705
0.754677
0.75465
0.754615
0.75463
0.754728
0.755004
0.755231
0.7551
0.754029
0.750426
0.738954
0.698841
0.596945
0.454405
0.362843
0.344437
0.343506
0.337811
0.754732
0.754705
0.754677
0.75465
0.754615
0.75463
0.754728
0.755004
0.755231
0.7551
0.754029
0.750426
0.738954
0.698841
0.596945
0.454405
0.362843
0.344437
0.343506
0.337811
)
;

boundaryField
{
    inlet
    {
        type            calculated;
        value           nonuniform List<scalar> 0();
    }
    outlet
    {
        type            calculated;
        value           nonuniform List<scalar> 
102
(
0.332064
0.332308
0.333235
0.334832
0.336745
0.338314
0.339405
0.340048
0.340451
0.340922
0.341384
0.341723
0.342063
0.342348
0.342513
0.342581
0.342582
0.342589
0.342659
0.342796
0.342958
0.343136
0.343318
0.343439
0.343539
0.343693
0.343871
0.34409
0.344329
0.344568
0.344749
0.344862
0.344867
0.344644
0.34414
0.343447
0.342784
0.342254
0.341827
0.341366
0.340858
0.34026
0.339718
0.339499
0.33962
0.340171
0.341238
0.342656
0.344398
0.346496
0.348835
0.351334
0.353875
0.356436
0.35903
0.36169
0.364431
0.367273
0.370236
0.373334
0.376542
0.379856
0.383238
0.386639
0.390026
0.393324
0.396488
0.399394
0.401856
0.403835
0.405466
0.40702
0.408605
0.410353
0.412763
0.41595
0.41922
0.420876
0.421856
0.41751
0.402616
0.371496
0.344753
0.338156
0.337813
0.337811
0.337811
0.337811
0.337811
0.337811
0.337811
0.337811
0.337811
0.337811
0.337811
0.337811
0.337811
0.337811
0.337811
0.337811
0.337811
0.337811
)
;
    }
    bottom
    {
        type            symmetryPlane;
    }
    top
    {
        type            calculated;
        value           nonuniform List<scalar> 0();
    }
    obstacle
    {
        type            calculated;
        value           nonuniform List<scalar> 
88
(
1.47917
1.46695
1.45485
1.44361
1.43386
1.42554
1.41778
1.40958
1.4009
1.39165
1.38235
1.37388
1.36614
1.35878
1.35565
1.35565
1.3576
1.36151
1.36668
1.37184
1.3754
1.37684
1.37692
1.3754
1.37165
1.36607
1.36001
1.35475
1.35083
1.34835
1.34699
1.346
1.34437
1.34158
1.33789
1.33393
1.33025
1.32718
1.32495
1.32354
1.32243
1.32079
1.31826
1.31501
1.31137
1.30769
1.30441
1.30181
1.30014
1.29943
1.29925
1.29894
1.29793
1.29601
1.2936
1.29114
1.28872
1.2866
1.28491
1.2834
1.2819
1.28035
1.27849
1.27663
1.27471
1.27332
1.27194
1.27168
0.780414
0.444703
0.445417
0.457178
0.484561
0.514694
0.516672
0.512767
0.507476
0.494961
0.467852
0.425125
0.364693
0.322516
0.325635
0.34881
0.367197
0.345112
0.33401
0.332064
)
;
    }
    defaultFaces
    {
        type            empty;
    }
    procBoundary1to0
    {
        type            processor;
        value           nonuniform List<scalar> 
103
(
1.49095
1.48757
1.48566
1.48448
1.48444
1.48499
1.48594
1.48573
1.48449
1.48339
1.48328
1.48514
1.48425
1.47901
1.47817
1.47802
1.41391
1.05184
0.677749
0.620602
0.620071
0.62007
0.62007
0.62007
0.62007
0.62007
0.62007
0.62007
0.62007
0.62007
0.62007
0.62007
0.62007
0.62007
0.62007
0.62007
0.62007
0.62007
0.62007
0.62007
0.62007
0.62007
0.62007
0.62007
0.62007
0.62007
0.62007
0.62007
0.62007
0.62007
0.62007
0.62007
0.62007
0.62007
0.62007
0.62007
0.62007
0.62007
0.62007
0.62007
0.62007
0.62007
0.62007
0.62007
0.62007
0.62007
0.62007
0.62007
0.62007
0.62007
0.62007
0.62007
0.62007
0.62007
0.62007
0.62007
0.62007
0.62007
0.62007
0.62007
0.62007
0.62007
0.62007
0.62007
0.62007
0.62007
0.62007
0.62007
0.62007
0.62007
0.62007
0.62007
0.62007
0.62007
0.62007
0.62007
0.62007
0.62007
0.62007
0.62007
0.62007
0.62007
0.62007
)
;
    }
    procBoundary1to3
    {
        type            processor;
        value           nonuniform List<scalar> 
89
(
0.755293
0.755311
0.755313
0.755291
0.755229
0.755137
0.755042
0.754967
0.754888
0.75482
0.754769
0.754742
0.62007
0.62007
0.62007
0.62007
0.62007
0.62007
0.620071
0.620071
0.620074
0.620084
0.620124
0.620275
0.620847
0.622976
0.6305
0.653013
0.697047
0.737797
0.75166
0.752841
0.752973
0.753151
0.753488
0.754016
0.754691
0.75532
0.755798
0.75606
0.756105
0.756102
0.75606
0.755972
0.755851
0.755707
0.755564
0.755427
0.755288
0.755149
0.754983
0.754808
0.754675
0.754644
0.754675
0.754703
0.754692
0.754674
0.754629
0.754532
0.754414
0.75438
0.754412
0.754472
0.754568
0.754715
0.754935
0.755293
0.7552
0.754732
0.754705
0.754677
0.75465
0.754615
0.75463
0.754728
0.755004
0.755231
0.7551
0.754029
0.750426
0.738954
0.698841
0.596945
0.454405
0.362843
0.344437
0.343506
0.337811
)
;
    }
}


// ************************************************************************* //
