/*--------------------------------*- C++ -*----------------------------------*\
| =========                 |                                                 |
| \\      /  F ield         | OpenFOAM: The Open Source CFD Toolbox           |
|  \\    /   O peration     | Version:  2306                                  |
|   \\  /    A nd           | Website:  www.openfoam.com                      |
|    \\/     M anipulation  |                                                 |
\*---------------------------------------------------------------------------*/
FoamFile
{
    version     2.0;
    format      ascii;
    arch        "LSB;label=32;scalar=64";
    class       volScalarField;
    location    "2e-05";
    object      T;
}
// * * * * * * * * * * * * * * * * * * * * * * * * * * * * * * * * * * * * * //

dimensions      [0 0 0 1 0 0 0];

internalField   nonuniform List<scalar> 
9032
(
287.163
287.27
287.271
287.21
287.052
286.772
286.466
286.38
286.41
286.516
286.702
286.862
286.873
286.688
286.01
284.662
282.805
280.517
277.988
275.503
273.368
271.791
270.708
269.974
269.591
269.383
269.219
269.065
268.921
268.787
268.645
268.45
268.146
267.735
267.27
266.809
266.393
266.045
265.777
265.58
265.401
265.169
264.861
264.494
264.099
263.707
263.355
263.064
262.853
262.717
262.619
262.497
262.307
262.037
261.722
261.4
261.079
260.782
260.525
260.291
260.067
259.853
259.626
259.403
259.169
258.938
258.686
258.369
286.697
286.749
286.742
286.67
286.502
286.226
285.917
285.791
285.813
285.914
286.086
286.232
286.256
286.092
285.456
284.149
282.339
280.085
277.551
275.034
272.873
271.261
270.091
269.296
268.896
268.717
268.601
268.489
268.365
268.221
268.044
267.81
267.49
267.095
266.669
266.257
265.887
265.573
265.313
265.083
264.848
264.579
264.267
263.924
263.571
263.228
262.92
262.657
262.448
262.284
262.142
261.988
261.792
261.535
261.242
260.932
260.618
260.322
260.053
259.8
259.574
259.355
259.132
258.903
258.669
258.43
258.194
257.776
285.967
285.844
285.719
285.575
285.371
285.087
284.767
284.541
284.484
284.521
284.623
284.73
284.769
284.656
284.123
282.984
281.317
279.202
276.805
274.395
272.264
270.595
269.392
268.571
268.145
267.964
267.846
267.734
267.606
267.449
267.254
267.01
266.705
266.342
265.951
265.576
265.248
264.966
264.714
264.456
264.168
263.851
263.52
263.195
262.889
262.605
262.35
262.113
261.895
261.691
261.496
261.309
261.117
260.886
260.627
260.338
260.031
259.729
259.445
259.175
258.943
258.73
258.519
258.297
258.049
257.79
257.547
257.019
285.09
284.8
284.503
284.187
283.855
283.507
283.138
282.815
282.605
282.534
282.551
282.605
282.632
282.578
282.205
281.361
279.947
278.094
275.916
273.614
271.434
269.591
268.199
267.24
266.669
266.41
266.272
266.183
266.09
265.963
265.795
265.578
265.304
264.971
264.597
264.231
263.914
263.644
263.398
263.143
262.857
262.544
262.215
261.894
261.598
261.336
261.107
260.89
260.676
260.46
260.242
260.03
259.822
259.591
259.344
259.068
258.771
258.469
258.175
257.892
257.647
257.424
257.211
256.987
256.734
256.465
256.231
255.669
284.199
283.74
283.289
282.853
282.422
281.988
281.538
281.092
280.716
280.475
280.366
280.358
280.349
280.305
280.081
279.513
278.457
276.947
275.099
273.005
270.843
268.847
267.223
266.05
265.31
264.918
264.694
264.595
264.516
264.408
264.266
264.084
263.857
263.577
263.233
262.867
262.529
262.227
261.95
261.681
261.411
261.134
260.844
260.546
260.254
259.982
259.741
259.518
259.309
259.103
258.893
258.676
258.446
258.187
257.919
257.632
257.338
257.043
256.753
256.47
256.213
255.97
255.739
255.502
255.246
254.976
254.763
254.249
283.397
282.842
282.3
281.791
281.301
280.805
280.295
279.763
279.296
278.95
278.734
278.64
278.573
278.485
278.309
277.902
277.164
275.956
274.385
272.504
270.405
268.312
266.481
265.095
264.196
263.686
263.356
263.21
263.125
263.02
262.885
262.721
262.526
262.3
262.003
261.645
261.287
260.946
260.628
260.33
260.056
259.8
259.546
259.276
258.989
258.705
258.446
258.204
257.988
257.79
257.59
257.367
257.116
256.832
256.549
256.256
255.968
255.673
255.377
255.083
254.806
254.544
254.299
254.058
253.802
253.532
253.32
252.847
282.762
282.186
281.626
281.098
280.58
280.032
279.472
278.921
278.422
278.011
277.732
277.563
277.432
277.297
277.111
276.781
276.22
275.255
273.861
272.136
270.1
267.96
266.029
264.512
263.482
262.887
262.492
262.292
262.196
262.089
261.955
261.798
261.617
261.414
261.144
260.782
260.383
259.989
259.629
259.313
259.041
258.804
258.578
258.334
258.054
257.75
257.458
257.187
256.964
256.785
256.613
256.408
256.156
255.859
255.552
255.23
254.921
254.613
254.323
254.046
253.785
253.535
253.278
253.014
252.73
252.43
252.197
251.741
282.171
281.6
281.05
280.538
280.024
279.455
278.867
278.304
277.794
277.382
277.086
276.872
276.694
276.532
276.343
276.054
275.573
274.731
273.425
271.816
269.867
267.756
265.783
264.189
263.073
262.4
261.968
261.736
261.637
261.533
261.388
261.2
260.972
260.721
260.437
260.09
259.701
259.306
258.954
258.65
258.38
258.127
257.877
257.618
257.33
257.014
256.712
256.442
256.234
256.078
255.929
255.732
255.468
255.144
254.806
254.464
254.15
253.863
253.609
253.362
253.104
252.832
252.533
252.233
251.923
251.621
251.383
250.986
281.593
281.029
280.514
280.038
279.532
278.969
278.387
277.822
277.29
276.862
276.56
276.33
276.146
275.97
275.775
275.494
275.042
274.264
273.046
271.546
269.683
267.622
265.633
263.975
262.793
262.05
261.59
261.35
261.24
261.126
260.95
260.707
260.419
260.126
259.846
259.562
259.253
258.912
258.581
258.258
257.934
257.615
257.31
257.026
256.744
256.454
256.186
255.946
255.755
255.596
255.422
255.192
254.902
254.563
254.234
253.914
253.63
253.368
253.125
252.864
252.577
252.281
251.968
251.68
251.387
251.11
250.875
250.526
281.084
280.504
280.011
279.564
279.085
278.551
277.984
277.413
276.865
276.414
276.066
275.807
275.615
275.438
275.251
274.973
274.536
273.807
272.684
271.278
269.485
267.458
265.457
263.743
262.511
261.709
261.207
260.95
260.824
260.701
260.516
260.268
259.981
259.689
259.419
259.165
258.904
258.583
258.232
257.861
257.482
257.121
256.798
256.519
256.267
256.022
255.794
255.57
255.364
255.161
254.938
254.685
254.407
254.102
253.81
253.512
253.229
252.944
252.671
252.395
252.113
251.847
251.574
251.328
251.06
250.784
250.515
250.176
280.54
279.922
279.468
279.07
278.653
278.135
277.563
276.964
276.382
275.913
275.548
275.281
275.078
274.913
274.729
274.451
274.033
273.359
272.315
270.977
269.226
267.228
265.216
263.444
262.171
261.339
260.794
260.509
260.379
260.269
260.11
259.897
259.638
259.351
259.063
258.78
258.497
258.164
257.802
257.427
257.055
256.708
256.395
256.122
255.88
255.653
255.432
255.192
254.954
254.72
254.489
254.259
254.01
253.735
253.444
253.128
252.813
252.498
252.217
251.969
251.744
251.53
251.289
251.046
250.765
250.463
250.148
249.802
280.004
279.394
278.963
278.592
278.219
277.699
277.106
276.462
275.833
275.361
275.005
274.744
274.557
274.405
274.209
273.914
273.517
272.903
271.926
270.636
268.917
266.948
264.926
263.111
261.796
260.978
260.426
260.116
259.973
259.86
259.713
259.52
259.283
259.001
258.689
258.366
258.043
257.696
257.349
257.003
256.665
256.349
256.05
255.775
255.517
255.273
255.035
254.786
254.56
254.351
254.147
253.927
253.668
253.376
253.052
252.708
252.367
252.051
251.81
251.624
251.447
251.245
250.984
250.699
250.384
250.059
249.757
249.486
279.525
278.942
278.468
278.078
277.716
277.203
276.627
275.967
275.28
274.781
274.425
274.181
274.022
273.865
273.665
273.365
273.006
272.44
271.512
270.26
268.584
266.646
264.613
262.767
261.417
260.613
260.116
259.779
259.612
259.482
259.327
259.133
258.899
258.617
258.287
257.937
257.59
257.24
256.915
256.602
256.296
256.002
255.708
255.419
255.137
254.877
254.644
254.421
254.235
254.05
253.852
253.608
253.312
252.987
252.63
252.277
251.954
251.681
251.487
251.334
251.144
250.9
250.605
250.29
249.969
249.662
249.393
249.158
278.999
278.396
277.887
277.464
277.066
276.6
276.103
275.497
274.801
274.26
273.869
273.607
273.45
273.283
273.094
272.818
272.491
271.959
271.063
269.824
268.193
266.294
264.274
262.425
261.051
260.25
259.838
259.483
259.286
259.13
258.946
258.726
258.478
258.199
257.883
257.552
257.217
256.882
256.573
256.269
255.965
255.66
255.347
255.041
254.75
254.502
254.293
254.109
253.952
253.757
253.528
253.242
252.922
252.587
252.246
251.922
251.629
251.386
251.2
251.027
250.794
250.517
250.21
249.9
249.593
249.32
249.085
248.847
278.398
277.75
277.245
276.794
276.341
275.954
275.559
275.058
274.439
273.859
273.389
273.049
272.855
272.678
272.506
272.256
271.933
271.414
270.529
269.295
267.703
265.85
263.882
262.068
260.691
259.884
259.527
259.19
258.96
258.778
258.565
258.321
258.066
257.806
257.529
257.236
256.919
256.59
256.272
255.948
255.622
255.295
254.974
254.676
254.41
254.196
254.005
253.825
253.637
253.401
253.136
252.84
252.533
252.219
251.909
251.616
251.344
251.113
250.9
250.683
250.42
250.147
249.859
249.58
249.299
249.051
248.818
248.544
277.587
277.154
276.717
276.234
275.781
275.392
275.04
274.631
274.125
273.534
272.964
272.515
272.248
272.059
271.916
271.708
271.38
270.849
269.938
268.645
267.044
265.238
263.361
261.644
260.335
259.547
259.191
258.881
258.648
258.461
258.242
257.995
257.738
257.481
257.221
256.946
256.632
256.297
255.96
255.611
255.265
254.938
254.646
254.386
254.155
253.956
253.741
253.523
253.279
253.006
252.73
252.446
252.157
251.871
251.595
251.33
251.069
250.827
250.571
250.323
250.054
249.811
249.554
249.315
249.063
248.825
248.581
248.252
277.435
276.901
276.494
275.894
275.42
274.981
274.596
274.256
273.758
273.147
272.499
271.953
271.604
271.446
271.356
271.204
270.882
270.315
269.342
267.94
266.303
264.517
262.725
261.142
259.973
259.23
258.84
258.567
258.358
258.178
257.969
257.731
257.472
257.204
256.929
256.643
256.319
255.974
255.619
255.262
254.928
254.638
254.394
254.167
253.949
253.731
253.478
253.224
252.943
252.651
252.364
252.079
251.797
251.534
251.282
251.039
250.777
250.521
250.235
249.974
249.708
249.489
249.259
249.055
248.833
248.596
248.346
247.985
275.66
277.093
276.448
275.799
275.181
274.624
274.201
273.756
273.255
272.654
271.981
271.362
270.983
270.883
270.864
270.783
270.497
269.903
268.865
267.344
265.619
263.819
262.087
260.655
259.642
258.947
258.537
258.294
258.111
257.934
257.727
257.487
257.215
256.922
256.616
256.303
255.962
255.61
255.261
254.926
254.627
254.38
254.179
253.973
253.751
253.495
253.213
252.942
252.647
252.347
252.049
251.754
251.468
251.212
250.97
250.739
250.48
250.222
249.92
249.649
249.383
249.168
248.949
248.767
248.569
248.335
248.092
247.739
249.131
275.248
276.004
275.269
274.653
274.12
273.652
273.152
272.682
272.11
271.432
270.825
270.463
270.414
270.464
270.431
270.214
269.631
268.56
266.924
265.089
263.249
261.544
260.23
259.337
258.681
258.274
258.049
257.885
257.71
257.496
257.239
256.937
256.61
256.274
255.937
255.588
255.242
254.912
254.606
254.35
254.148
253.97
253.752
253.504
253.215
252.921
252.648
252.357
252.067
251.774
251.473
251.179
250.92
250.676
250.456
250.205
249.952
249.644
249.363
249.091
248.856
248.631
248.451
248.266
248.04
247.815
247.486
195.72
256.538
273.622
274.404
274.155
273.638
273.009
272.524
272.06
271.559
270.958
270.43
270.122
270.074
270.137
270.121
269.943
269.405
268.322
266.591
264.665
262.768
261.078
259.854
259.043
258.421
258.035
257.822
257.661
257.478
257.247
256.96
256.624
256.268
255.913
255.568
255.218
254.888
254.597
254.331
254.109
253.923
253.729
253.484
253.208
252.898
252.602
252.327
252.04
251.768
251.49
251.199
250.91
250.649
250.403
250.186
249.945
249.701
249.405
249.124
248.852
248.586
248.34
248.143
247.958
247.739
247.528
247.209
180.221
204.51
256.647
273.87
273.8
273.006
272.414
271.958
271.529
271.116
270.593
270.189
269.96
269.84
269.859
269.821
269.624
269.079
267.994
266.225
264.265
262.319
260.652
259.505
258.767
258.174
257.81
257.611
257.455
257.26
257.001
256.675
256.301
255.919
255.552
255.212
254.889
254.601
254.352
254.115
253.897
253.695
253.47
253.212
252.922
252.596
252.289
251.992
251.69
251.424
251.161
250.899
250.64
250.395
250.146
249.919
249.682
249.444
249.174
248.904
248.643
248.363
248.104
247.883
247.682
247.456
247.245
246.925
180
180.609
207.577
261.714
271.502
272.196
272.12
271.713
271.164
270.731
270.323
269.988
269.844
269.718
269.626
269.524
269.255
268.636
267.509
265.81
263.863
261.885
260.246
259.174
258.51
257.94
257.592
257.398
257.243
257.038
256.754
256.392
255.983
255.58
255.218
254.904
254.629
254.385
254.158
253.929
253.707
253.478
253.223
252.96
252.663
252.323
252.004
251.669
251.34
251.064
250.818
250.6
250.385
250.15
249.888
249.64
249.398
249.156
248.911
248.662
248.427
248.159
247.908
247.678
247.454
247.21
246.982
246.663
180
180.001
180.879
214.616
260.277
272.142
271.967
271.353
270.818
270.428
270.043
269.731
269.652
269.604
269.436
269.226
268.868
268.118
266.916
265.34
263.404
261.418
259.849
258.894
258.29
257.721
257.399
257.2
257.027
256.806
256.498
256.107
255.677
255.271
254.922
254.633
254.393
254.191
253.985
253.755
253.502
253.235
252.96
252.699
252.405
252.071
251.747
251.388
251.048
250.765
250.533
250.341
250.154
249.909
249.63
249.36
249.11
248.854
248.617
248.386
248.171
247.919
247.684
247.462
247.23
246.98
246.738
246.436
180
180
180.002
181.713
217.336
262.435
271.23
270.867
270.482
270.081
269.619
269.389
269.27
269.233
269.116
268.829
268.375
267.493
266.283
264.783
262.855
260.929
259.489
258.682
258.026
257.495
257.208
257.001
256.794
256.546
256.232
255.846
255.421
255.022
254.684
254.406
254.182
253.994
253.776
253.527
253.239
252.935
252.645
252.381
252.09
251.783
251.469
251.126
250.807
250.54
250.322
250.125
249.939
249.678
249.392
249.109
248.841
248.553
248.3
248.076
247.868
247.627
247.405
247.192
246.958
246.713
246.48
246.211
180
180
180
180.006
182.239
216.999
261.052
269.948
270.253
269.741
269.169
268.954
268.811
268.747
268.651
268.336
267.776
266.801
265.588
264.036
262.145
260.331
259.075
258.39
257.705
257.271
256.998
256.787
256.555
256.288
255.984
255.627
255.222
254.834
254.493
254.198
253.958
253.756
253.522
253.262
252.939
252.604
252.291
252.004
251.71
251.429
251.146
250.851
250.578
250.344
250.127
249.909
249.703
249.443
249.17
248.896
248.623
248.313
248.037
247.803
247.572
247.321
247.098
246.88
246.636
246.399
246.184
245.929
180
180
180
180
180.008
181.97
216.904
259.026
270.17
269.444
268.815
268.465
268.311
268.297
268.171
267.79
267.124
266.069
264.8
263.17
261.337
259.67
258.586
257.983
257.394
257.049
256.796
256.575
256.323
256.041
255.751
255.434
255.064
254.684
254.329
254.007
253.736
253.504
253.26
252.988
252.645
252.295
251.961
251.639
251.33
251.058
250.808
250.555
250.313
250.099
249.873
249.642
249.419
249.176
248.924
248.675
248.408
248.107
247.836
247.596
247.327
247.059
246.827
246.585
246.319
246.074
245.867
245.593
180
180
180
180
180
180.007
182.037
212.134
258.552
267.067
268.193
268.023
267.906
268.01
267.881
267.511
266.741
265.653
264.188
262.384
260.567
259.041
258.078
257.565
257.143
256.895
256.673
256.418
256.133
255.822
255.529
255.245
254.913
254.539
254.173
253.833
253.532
253.252
252.978
252.69
252.352
252.007
251.666
251.33
251.019
250.752
250.518
250.27
250.027
249.8
249.554
249.315
249.088
248.861
248.628
248.408
248.157
247.882
247.639
247.412
247.131
246.859
246.627
246.356
246.07
245.808
245.578
245.261
180
180
180
180
180
180
180.006
181.37
210.011
253.009
265.97
268.311
268.134
267.945
267.91
267.596
266.867
265.487
263.523
261.639
260.021
258.715
257.806
257.317
257.052
256.835
256.623
256.33
255.991
255.633
255.298
255.002
254.692
254.315
253.939
253.586
253.257
252.922
252.599
252.302
252.011
251.725
251.43
251.132
250.844
250.574
250.32
250.046
249.776
249.509
249.228
248.972
248.742
248.522
248.304
248.1
247.861
247.606
247.388
247.172
246.897
246.649
246.441
246.167
245.893
245.624
245.358
245.008
180
180
180
180
180
180
180
180.004
181.028
203.814
245.123
264.679
268.072
267.94
267.775
267.351
266.334
264.588
262.564
260.931
259.711
258.582
257.751
257.315
257.041
256.817
256.565
256.221
255.81
255.411
255.025
254.687
254.368
253.999
253.619
253.25
252.882
252.518
252.179
251.874
251.603
251.367
251.127
250.882
250.634
250.393
250.152
249.872
249.593
249.296
248.989
248.71
248.462
248.223
247.999
247.789
247.549
247.3
247.094
246.866
246.592
246.376
246.181
245.912
245.667
245.419
245.147
244.802
180
180
180
180
180
180
180
180
180.002
180.546
195.668
238.845
260.892
266.879
267.287
266.932
265.79
263.827
261.732
260.287
259.395
258.506
257.702
257.205
256.89
256.628
256.352
256
255.578
255.151
254.741
254.365
254.015
253.652
253.272
252.89
252.495
252.114
251.761
251.446
251.19
250.98
250.776
250.56
250.33
250.11
249.882
249.624
249.371
249.099
248.817
248.549
248.296
248.021
247.775
247.542
247.291
247.033
246.81
246.54
246.256
246.055
245.841
245.579
245.354
245.119
244.859
244.539
180
180
180
180
180
180
180
180
180
180.002
180.206
190.509
226.552
259.484
266.243
266.161
265.276
263.472
261.316
259.881
259.103
258.321
257.57
257.018
256.64
256.34
256.058
255.747
255.369
254.952
254.516
254.085
253.69
253.317
252.963
252.607
252.235
251.872
251.518
251.184
250.904
250.669
250.451
250.215
249.965
249.74
249.505
249.265
249.04
248.807
248.567
248.342
248.114
247.847
247.609
247.364
247.115
246.858
246.603
246.29
245.989
245.76
245.497
245.232
244.996
244.734
244.484
244.18
180
180
180
180
180
180
180
180
180
180.002
180.006
180.111
184.813
216.6
250.813
264.377
264.527
263.314
261.147
259.618
258.942
258.155
257.52
257.026
256.552
256.12
255.753
255.431
255.118
254.733
254.287
253.818
253.385
252.991
252.637
252.31
251.995
251.688
251.384
251.079
250.797
250.531
250.269
249.966
249.662
249.391
249.115
248.862
248.646
248.441
248.233
248.043
247.819
247.571
247.353
247.118
246.893
246.674
246.411
246.11
245.836
245.576
245.272
244.979
244.7
244.388
244.124
243.818
180
180
180
180
180
180
180
180
180
180.002
180.006
180.024
180.1
182.026
203.932
236.869
257.425
260.644
259.966
258.995
258.587
257.938
257.386
256.824
256.241
255.731
255.317
254.974
254.679
254.316
253.861
253.386
252.956
252.576
252.232
251.922
251.643
251.382
251.118
250.844
250.587
250.349
250.11
249.822
249.522
249.213
248.882
248.573
248.314
248.089
247.886
247.7
247.457
247.227
247.008
246.776
246.57
246.371
246.112
245.864
245.652
245.397
245.126
244.841
244.53
244.193
243.906
243.592
180
180
180
180
180
180
180
180
180
180.002
180.006
180.024
180.089
180.332
181.58
191.558
218.852
242.372
253.488
256.997
257.264
257.108
256.781
256.316
255.674
255.107
254.643
254.304
254.008
253.709
253.312
252.886
252.495
252.127
251.779
251.473
251.21
250.974
250.724
250.463
250.22
249.996
249.767
249.528
249.293
249.042
248.753
248.471
248.194
247.912
247.666
247.434
247.161
246.93
246.682
246.423
246.196
245.977
245.726
245.515
245.335
245.072
244.846
244.617
244.341
244.054
243.787
243.478
180
180
180
180
180
180
180
180
180
180.002
180.006
180.024
180.089
180.337
181.185
183.845
189.309
203.147
221.741
240.736
250.156
255.934
255.908
255.464
255.074
254.722
254.209
253.753
253.402
253.147
252.89
252.54
252.184
251.822
251.474
251.144
250.841
250.569
250.289
250.016
249.766
249.532
249.307
249.102
248.92
248.719
248.474
248.233
247.998
247.763
247.549
247.302
247.019
246.788
246.508
246.195
245.925
245.656
245.369
245.15
244.93
244.657
244.452
244.256
244.019
243.772
243.54
243.236
180
180
180
180
180
180
180
180
180
180.002
180.006
180.024
180.09
180.336
181.199
183.735
188.691
192.734
195.966
204.655
220.377
237.61
248.195
252.647
254.869
254.68
254.222
253.926
253.588
253.117
252.737
252.442
252.128
251.809
251.496
251.175
250.857
250.508
250.14
249.794
249.462
249.144
248.863
248.642
248.477
248.303
248.085
247.875
247.654
247.439
247.245
247.033
246.803
246.607
246.371
246.075
245.819
245.523
245.193
244.94
244.631
244.315
244.071
243.858
243.626
243.376
243.152
242.798
180
180
180
180
180
180
180
180
180
180.002
180.006
180.024
180.09
180.335
181.201
183.739
188.621
192.992
194.524
194.908
196.328
202.912
218.3
234.056
246.183
250.515
252.523
253.217
252.972
252.728
252.411
252.099
251.826
251.51
251.175
250.883
250.628
250.339
250.057
249.814
249.521
249.159
248.771
248.441
248.177
247.925
247.678
247.457
247.225
247.005
246.816
246.618
246.426
246.255
246.041
245.78
245.57
245.336
245.054
244.82
244.511
244.188
243.894
243.625
243.352
243.029
242.76
242.365
180
180
180
180
180
180
180
180
180
180.002
180.006
180.024
180.09
180.336
181.2
183.744
188.587
193.048
194.637
194.75
194.749
194.85
195.991
201.708
214.85
230.908
242.537
249.338
250.118
251.032
251.277
251.241
251.11
250.866
250.529
250.305
250.137
249.879
249.625
249.437
249.224
248.933
248.67
248.462
248.234
247.914
247.557
247.237
246.936
246.646
246.402
246.171
245.966
245.8
245.58
245.342
245.162
244.968
244.729
244.515
244.259
244.01
243.793
243.528
243.255
242.895
242.538
242.158
180
180
180
180
180
180
180
180
180
180.002
180.006
180.024
180.09
180.336
181.2
183.746
188.586
193.045
194.649
194.749
194.743
194.729
194.736
194.826
195.638
200.111
210.992
225.936
238.083
246.181
250.43
249.952
250.078
250.227
249.924
249.625
249.439
249.138
248.912
248.801
248.689
248.436
248.241
248.108
247.961
247.73
247.488
247.255
246.987
246.654
246.3
245.979
245.713
245.471
245.175
244.908
244.707
244.5
244.28
244.076
243.849
243.658
243.486
243.246
243.002
242.731
242.405
242.083
180
180
180
180
180
180
180
180
180
180.002
180.006
180.024
180.09
180.336
181.2
183.746
188.586
193.044
194.649
194.749
194.744
194.729
194.73
194.742
194.765
194.841
195.386
198.232
206.609
219.391
232.377
241.091
246.605
249.77
249.818
249.294
249.339
249.027
248.545
248.309
248.044
247.698
247.54
247.474
247.41
247.227
247.051
246.895
246.696
246.438
246.176
245.945
245.728
245.438
245.078
244.747
244.483
244.212
243.927
243.667
243.411
243.218
243.028
242.765
242.538
242.345
242.085
241.786
180
180
180
180
180
180
180
180
180
180.002
180.006
180.024
180.09
180.336
181.2
183.746
188.586
193.044
194.649
194.749
194.744
194.729
194.73
194.741
194.764
194.794
194.836
194.909
195.199
196.651
201.705
212.038
224.1
235.137
241.603
245.752
248.61
248.779
248.467
248.464
248.283
247.608
247.169
246.986
246.711
246.435
246.322
246.274
246.148
245.926
245.732
245.586
245.428
245.212
244.961
244.738
244.523
244.26
243.907
243.531
243.21
242.963
242.67
242.31
242.048
241.825
241.616
241.277
180
180
180
180
180
180
180
180
180
180.002
180.006
180.024
180.09
180.336
181.2
183.746
188.586
193.044
194.649
194.749
194.744
194.729
194.73
194.741
194.765
194.795
194.836
194.888
194.933
194.974
195.085
195.669
198.079
204.418
214.756
225.543
235.176
240.553
244.233
247.133
247.584
247.532
247.265
247.345
246.857
246.204
245.891
245.763
245.512
245.206
245.054
244.995
244.894
244.712
244.54
244.405
244.247
244.047
243.789
243.514
243.251
242.978
242.615
242.149
241.836
241.546
241.255
240.87
180
180
180
180
180
180
180
180
180
180.002
180.006
180.024
180.09
180.336
181.2
183.746
188.586
193.044
194.649
194.749
194.744
194.729
194.73
194.741
194.765
194.795
194.837
194.888
194.931
194.97
194.997
195.005
195.029
195.179
195.989
198.786
205.319
214.857
224.656
233.218
238.682
242.368
245.081
246.464
246.456
246.189
246.097
246.166
245.657
244.982
244.668
244.561
244.338
244.025
243.849
243.78
243.68
243.522
243.344
243.149
242.948
242.749
242.504
242.187
241.88
241.606
241.179
240.742
180
180
180
180
180
180
180
180
180
180.002
180.006
180.024
180.09
180.336
181.2
183.746
188.586
193.044
194.649
194.749
194.744
194.729
194.73
194.741
194.765
194.795
194.837
194.888
194.931
194.97
194.997
195.005
195.005
194.998
194.982
194.997
195.165
195.981
198.541
204.219
212.642
221.822
230.001
235.962
239.715
242.537
244.708
245.332
245.291
244.946
244.908
245.015
244.6
243.938
243.495
243.349
243.133
242.828
242.586
242.457
242.327
242.181
242.036
241.842
241.601
241.416
241.127
240.789
180
180
180
180
180
180
180
180
180
180.002
180.006
180.024
180.09
180.336
181.2
183.746
188.586
193.044
194.649
194.749
194.744
194.729
194.73
194.741
194.765
194.795
194.837
194.888
194.931
194.97
194.997
195.005
195.005
194.998
194.982
194.96
194.934
194.915
194.923
195.051
195.671
197.598
201.922
208.865
217.163
225.053
231.694
236.241
239.32
241.691
243.614
244.183
244.112
243.894
243.664
243.768
243.484
242.8
242.25
241.988
241.782
241.498
241.241
241.095
240.947
240.796
240.7
240.394
180
180
180
180
180
180
180
180
180
180.002
180.006
180.024
180.09
180.336
181.2
183.746
188.586
193.044
194.649
194.749
194.744
194.729
194.73
194.741
194.765
194.795
194.837
194.888
194.931
194.97
194.997
195.005
195.005
194.998
194.982
194.96
194.935
194.912
194.888
194.864
194.841
194.843
194.921
195.285
196.44
199.18
204.156
210.994
218.519
225.375
231.133
235.089
237.927
240.198
242.007
242.96
242.849
242.715
242.339
242.332
242.217
241.58
240.918
240.539
240.312
240.015
239.875
239.525
180
180
180
180
180
180
180
180
180
180.002
180.006
180.024
180.09
180.336
181.2
183.746
188.586
193.044
194.649
194.749
194.744
194.729
194.73
194.741
194.765
194.795
194.837
194.888
194.931
194.97
194.997
195.005
195.005
194.998
194.982
194.96
194.935
194.912
194.888
194.863
194.841
194.821
194.807
194.806
194.812
194.854
195.016
195.525
196.87
199.682
204.39
210.606
217.339
223.612
228.973
232.991
235.839
238.129
239.996
241.404
241.417
241.361
240.951
240.697
240.648
240.096
239.487
238.982
180
180
180
180
180
180
180
180
180
180.002
180.006
180.024
180.09
180.336
181.2
183.746
188.586
193.044
194.649
194.749
194.744
194.729
194.73
194.741
194.765
194.795
194.837
194.888
194.931
194.97
194.997
195.005
195.005
194.998
194.982
194.96
194.935
194.912
194.888
194.863
194.841
194.821
194.808
194.804
194.804
194.808
194.812
194.813
194.818
194.864
195.037
195.532
196.723
199.098
203.04
208.397
214.445
220.315
225.625
229.958
233.051
235.656
237.591
239.562
239.826
239.772
239.545
239.165
180
180
180
180
180
180
180
180
180
180.002
180.006
180.024
180.09
180.336
181.2
183.746
188.586
193.044
194.649
194.749
194.744
194.729
194.73
194.741
194.765
194.795
194.837
194.888
194.931
194.97
194.997
195.005
195.005
194.998
194.982
194.96
194.935
194.912
194.888
194.863
194.841
194.821
194.808
194.804
194.804
194.808
194.812
194.811
194.806
194.806
194.815
194.831
194.854
194.905
195.047
195.415
196.256
197.955
200.885
205.304
210.539
216.222
221.462
226.62
230.013
232.812
235.168
237.121
180
180
180
180
180
180
180
180
180
180.002
180.006
180.024
180.09
180.336
181.2
183.746
188.586
193.044
194.649
194.749
194.744
194.729
194.73
194.741
194.765
194.795
194.837
194.888
194.931
194.97
194.997
195.005
195.005
194.998
194.982
194.96
194.935
194.912
194.888
194.863
194.841
194.821
194.808
194.804
194.804
194.808
194.812
194.811
194.806
194.806
194.815
194.829
194.843
194.859
194.881
194.907
194.923
194.946
195.015
195.215
195.706
196.795
198.857
202.283
207.086
212.075
218.676
221.341
180
180
180
180
180
180
180
180
180
180.002
180.006
180.024
180.09
180.336
181.2
183.746
188.586
193.044
194.649
194.749
194.744
194.729
194.73
194.741
194.765
194.795
194.837
194.888
194.931
194.97
194.997
195.005
195.005
194.998
194.982
194.96
194.935
194.912
194.888
194.863
194.841
194.821
194.808
194.804
194.804
194.808
194.812
194.811
194.806
194.806
194.815
194.829
194.843
194.859
194.881
194.907
194.916
194.918
194.919
194.917
194.912
194.914
194.939
195.038
195.343
195.991
198.362
198.316
180
180
180
180
180
180
180
180
180
180.002
180.006
180.024
180.09
180.336
181.2
183.746
188.586
193.044
194.649
194.749
194.744
194.729
194.73
194.741
194.765
194.795
194.837
194.888
194.931
194.97
194.997
195.005
195.005
194.998
194.982
194.96
194.935
194.912
194.888
194.863
194.841
194.821
194.808
194.804
194.804
194.808
194.812
194.811
194.806
194.806
194.815
194.829
194.843
194.859
194.881
194.907
194.916
194.918
194.919
194.916
194.91
194.901
194.89
194.881
194.874
194.869
194.911
194.736
180
180
180
180
180
180
180
180
180
180.002
180.006
180.024
180.09
180.336
181.2
183.746
188.586
193.044
194.649
194.749
194.744
194.729
194.73
194.741
194.765
194.795
194.837
194.888
194.931
194.97
194.997
195.005
195.005
194.998
194.982
194.96
194.935
194.912
194.888
194.863
194.841
194.821
194.808
194.804
194.804
194.808
194.812
194.811
194.806
194.806
194.815
194.829
194.843
194.859
194.881
194.907
194.916
194.918
194.919
194.916
194.91
194.901
194.89
194.881
194.872
194.864
194.859
194.841
180
180
180
180
180
180
180
180
180
180.002
180.006
180.024
180.09
180.336
181.2
183.746
188.586
193.044
194.649
194.749
194.744
194.729
194.73
194.741
194.765
194.795
194.837
194.888
194.931
194.97
194.997
195.005
195.005
194.998
194.982
194.96
194.935
194.912
194.888
194.863
194.841
194.821
194.808
194.804
194.804
194.808
194.812
194.811
194.806
194.806
194.815
194.829
194.843
194.859
194.881
194.907
194.916
194.918
194.919
194.916
194.91
194.901
194.89
194.881
194.872
194.864
194.858
194.853
180
180
180
180
180
180
180
180
180
180.002
180.006
180.024
180.09
180.336
181.2
183.746
188.586
193.044
194.649
194.749
194.744
194.729
194.73
194.741
194.765
194.795
194.837
194.888
194.931
194.97
194.997
195.005
195.005
194.998
194.982
194.96
194.935
194.912
194.888
194.863
194.841
194.821
194.808
194.804
194.804
194.808
194.812
194.811
194.806
194.806
194.815
194.829
194.843
194.859
194.881
194.907
194.916
194.918
194.919
194.916
194.91
194.901
194.89
194.881
194.872
194.864
194.858
194.854
180
180
180
180
180
180
180
180
180
180.002
180.006
180.024
180.09
180.336
181.2
183.746
188.586
193.044
194.649
194.749
194.744
194.729
194.73
194.741
194.765
194.795
194.837
194.888
194.931
194.97
194.997
195.005
195.005
194.998
194.982
194.96
194.935
194.912
194.888
194.863
194.841
194.821
194.808
194.804
194.804
194.808
194.812
194.811
194.806
194.806
194.815
194.829
194.843
194.859
194.881
194.907
194.916
194.918
194.919
194.916
194.91
194.901
194.89
194.881
194.872
194.864
194.858
194.854
180
180
180
180
180
180
180
180
180
180.002
180.006
180.024
180.09
180.336
181.2
183.746
188.586
193.044
194.649
194.749
194.744
194.729
194.73
194.741
194.765
194.795
194.837
194.888
194.931
194.97
194.997
195.005
195.005
194.998
194.982
194.96
194.935
194.912
194.888
194.863
194.841
194.821
194.808
194.804
194.804
194.808
194.812
194.811
194.806
194.806
194.815
194.829
194.843
194.859
194.881
194.907
194.916
194.918
194.919
194.916
194.91
194.901
194.89
194.881
194.872
194.864
194.858
194.854
180
180
180
180
180
180
180
180
180
180.002
180.006
180.024
180.09
180.336
181.2
183.746
188.586
193.044
194.649
194.749
194.744
194.729
194.73
194.741
194.765
194.795
194.837
194.888
194.931
194.97
194.997
195.005
195.005
194.998
194.982
194.96
194.935
194.912
194.888
194.863
194.841
194.821
194.808
194.804
194.804
194.808
194.812
194.811
194.806
194.806
194.815
194.829
194.843
194.859
194.881
194.907
194.916
194.918
194.919
194.916
194.91
194.901
194.89
194.881
194.872
194.864
194.858
194.854
180
180
180
180
180
180
180
180
180
180.002
180.006
180.024
180.09
180.336
181.2
183.746
188.586
193.044
194.649
194.749
194.744
194.729
194.73
194.741
194.765
194.795
194.837
194.888
194.931
194.97
194.997
195.005
195.005
194.998
194.982
194.96
194.935
194.912
194.888
194.863
194.841
194.821
194.808
194.804
194.804
194.808
194.812
194.811
194.806
194.806
194.815
194.829
194.843
194.859
194.881
194.907
194.916
194.918
194.919
194.916
194.91
194.901
194.89
194.881
194.872
194.864
194.858
194.854
180
180
180
180
180
180
180
180
180
180.002
180.006
180.024
180.09
180.336
181.2
183.746
188.586
193.044
194.649
194.749
194.744
194.729
194.73
194.741
194.765
194.795
194.837
194.888
194.931
194.97
194.997
195.005
195.005
194.998
194.982
194.96
194.935
194.912
194.888
194.863
194.841
194.821
194.808
194.804
194.804
194.808
194.812
194.811
194.806
194.806
194.815
194.829
194.843
194.859
194.881
194.907
194.916
194.918
194.919
194.916
194.91
194.901
194.89
194.881
194.872
194.864
194.858
194.854
180
180
180
180
180
180
180
180
180
180.002
180.006
180.024
180.09
180.336
181.2
183.746
188.586
193.044
194.649
194.749
194.744
194.729
194.73
194.741
194.765
194.795
194.837
194.888
194.931
194.97
194.997
195.005
195.005
194.998
194.982
194.96
194.935
194.912
194.888
194.863
194.841
194.821
194.808
194.804
194.804
194.808
194.812
194.811
194.806
194.806
194.815
194.829
194.843
194.859
194.881
194.907
194.916
194.918
194.919
194.916
194.91
194.901
194.89
194.881
194.872
194.864
194.858
194.854
180
180
180
180
180
180
180
180
180
180.002
180.006
180.024
180.09
180.336
181.2
183.746
188.586
193.044
194.649
194.749
194.744
194.729
194.73
194.741
194.765
194.795
194.837
194.888
194.931
194.97
194.997
195.005
195.005
194.998
194.982
194.96
194.935
194.912
194.888
194.863
194.841
194.821
194.808
194.804
194.804
194.808
194.812
194.811
194.806
194.806
194.815
194.829
194.843
194.859
194.881
194.907
194.916
194.918
194.919
194.916
194.91
194.901
194.89
194.881
194.872
194.864
194.858
194.854
180
180
180
180
180
180
180
180
180
180.002
180.006
180.024
180.09
180.336
181.2
183.746
188.586
193.044
194.649
194.749
194.744
194.729
194.73
194.741
194.765
194.795
194.837
194.888
194.931
194.97
194.997
195.005
195.005
194.998
194.982
194.96
194.935
194.912
194.888
194.863
194.841
194.821
194.808
194.804
194.804
194.808
194.812
194.811
194.806
194.806
194.815
194.829
194.843
194.859
194.881
194.907
194.916
194.918
194.919
194.916
194.91
194.901
194.89
194.881
194.872
194.864
194.858
194.854
180
180
180
180
180
180
180
180
180
180.002
180.006
180.024
180.09
180.336
181.2
183.746
188.586
193.044
194.649
194.749
194.744
194.729
194.73
194.741
194.765
194.795
194.837
194.888
194.931
194.97
194.997
195.005
195.005
194.998
194.982
194.96
194.935
194.912
194.888
194.863
194.841
194.821
194.808
194.804
194.804
194.808
194.812
194.811
194.806
194.806
194.815
194.829
194.843
194.859
194.881
194.907
194.916
194.918
194.919
194.916
194.91
194.901
194.89
194.881
194.872
194.864
194.858
194.854
180
180
180
180
180
180
180
180
180
180.002
180.006
180.024
180.09
180.336
181.2
183.746
188.586
193.044
194.649
194.749
194.744
194.729
194.73
194.741
194.765
194.795
194.837
194.888
194.931
194.97
194.997
195.005
195.005
194.998
194.982
194.96
194.935
194.912
194.888
194.863
194.841
194.821
194.808
194.804
194.804
194.808
194.812
194.811
194.806
194.806
194.815
194.829
194.843
194.859
194.881
194.907
194.916
194.918
194.919
194.916
194.91
194.901
194.89
194.881
194.872
194.864
194.858
194.854
180
180
180
180
180
180
180
180
180
180.002
180.006
180.024
180.09
180.336
181.2
183.746
188.586
193.044
194.649
194.749
194.744
194.729
194.73
194.741
194.765
194.795
194.837
194.888
194.931
194.97
194.997
195.005
195.005
194.998
194.982
194.96
194.935
194.912
194.888
194.863
194.841
194.821
194.808
194.804
194.804
194.808
194.812
194.811
194.806
194.806
194.815
194.829
194.843
194.859
194.881
194.907
194.916
194.918
194.919
194.916
194.91
194.901
194.89
194.881
194.872
194.864
194.858
194.854
180
180
180
180
180
180
180
180
180
180.002
180.006
180.024
180.09
180.336
181.2
183.746
188.586
193.044
194.649
194.749
194.744
194.729
194.73
194.741
194.765
194.795
194.837
194.888
194.931
194.97
194.997
195.005
195.005
194.998
194.982
194.96
194.935
194.912
194.888
194.863
194.841
194.821
194.808
194.804
194.804
194.808
194.812
194.811
194.806
194.806
194.815
194.829
194.843
194.859
194.881
194.907
194.916
194.918
194.919
194.916
194.91
194.901
194.89
194.881
194.872
194.864
194.858
194.854
180
180
180
180
180
180
180
180
180
180.002
180.006
180.024
180.09
180.336
181.2
183.746
188.586
193.044
194.649
194.749
194.744
194.729
194.73
194.741
194.765
194.795
194.837
194.888
194.931
194.97
194.997
195.005
195.005
194.998
194.982
194.96
194.935
194.912
194.888
194.863
194.841
194.821
194.808
194.804
194.804
194.808
194.812
194.811
194.806
194.806
194.815
194.829
194.843
194.859
194.881
194.907
194.916
194.918
194.919
194.916
194.91
194.901
194.89
194.881
194.872
194.864
194.858
194.854
180
180
180
180
180
180
180
180
180
180.002
180.006
180.024
180.09
180.336
181.2
183.746
188.586
193.044
194.649
194.749
194.744
194.729
194.73
194.741
194.765
194.795
194.837
194.888
194.931
194.97
194.997
195.005
195.005
194.998
194.982
194.96
194.935
194.912
194.888
194.863
194.841
194.821
194.808
194.804
194.804
194.808
194.812
194.811
194.806
194.806
194.815
194.829
194.843
194.859
194.881
194.907
194.916
194.918
194.919
194.916
194.91
194.901
194.89
194.881
194.872
194.864
194.858
194.854
180
180
180
180
180
180
180
180
180
180.002
180.006
180.024
180.09
180.336
181.2
183.746
188.586
193.044
194.649
194.749
194.744
194.729
194.73
194.741
194.765
194.795
194.837
194.888
194.931
194.97
194.997
195.005
195.005
194.998
194.982
194.96
194.935
194.912
194.888
194.863
194.841
194.821
194.808
194.804
194.804
194.808
194.812
194.811
194.806
194.806
194.815
194.829
194.843
194.859
194.881
194.907
194.916
194.918
194.919
194.916
194.91
194.901
194.89
194.881
194.872
194.864
194.858
194.854
180
180
180
180
180
180
180
180
180
180.002
180.006
180.024
180.09
180.336
181.2
183.746
188.586
193.044
194.649
194.749
194.744
194.729
194.73
194.741
194.765
194.795
194.837
194.888
194.931
194.97
194.997
195.005
195.005
194.998
194.982
194.96
194.935
194.912
194.888
194.863
194.841
194.821
194.808
194.804
194.804
194.808
194.812
194.811
194.806
194.806
194.815
194.829
194.843
194.859
194.881
194.907
194.916
194.918
194.919
194.916
194.91
194.901
194.89
194.881
194.872
194.864
194.858
194.854
180
180
180
180
180
180
180
180
180
180.002
180.006
180.024
180.09
180.336
181.2
183.746
188.586
193.044
194.649
194.749
194.744
194.729
194.73
194.741
194.765
194.795
194.837
194.888
194.931
194.97
194.997
195.005
195.005
194.998
194.982
194.96
194.935
194.912
194.888
194.863
194.841
194.821
194.808
194.804
194.804
194.808
194.812
194.811
194.806
194.806
194.815
194.829
194.843
194.859
194.881
194.907
194.916
194.918
194.919
194.916
194.91
194.901
194.89
194.881
194.872
194.864
194.858
194.854
180
180
180
180
180
180
180
180
180
180.002
180.006
180.024
180.09
180.336
181.2
183.746
188.586
193.044
194.649
194.749
194.744
194.729
194.73
194.741
194.765
194.795
194.837
194.888
194.931
194.97
194.997
195.005
195.005
194.998
194.982
194.96
194.935
194.912
194.888
194.863
194.841
194.821
194.808
194.804
194.804
194.808
194.812
194.811
194.806
194.806
194.815
194.829
194.843
194.859
194.881
194.907
194.916
194.918
194.919
194.916
194.91
194.901
194.89
194.881
194.872
194.864
194.858
194.854
180
180
180
180
180
180
180
180
180
180.002
180.006
180.024
180.09
180.336
181.2
183.746
188.586
193.044
194.649
194.749
194.744
194.729
194.73
194.741
194.765
194.795
194.837
194.888
194.931
194.97
194.997
195.005
195.005
194.998
194.982
194.96
194.935
194.912
194.888
194.863
194.841
194.821
194.808
194.804
194.804
194.808
194.812
194.811
194.806
194.806
194.815
194.829
194.843
194.859
194.881
194.907
194.916
194.918
194.919
194.916
194.91
194.901
194.89
194.881
194.872
194.864
194.858
194.854
180
180
180
180
180
180
180
180
180
180.002
180.006
180.024
180.09
180.336
181.2
183.746
188.586
193.044
194.649
194.749
194.744
194.729
194.73
194.741
194.765
194.795
194.837
194.888
194.931
194.97
194.997
195.005
195.005
194.998
194.982
194.96
194.935
194.912
194.888
194.863
194.841
194.821
194.808
194.804
194.804
194.808
194.812
194.811
194.806
194.806
194.815
194.829
194.843
194.859
194.881
194.907
194.916
194.918
194.919
194.916
194.91
194.901
194.89
194.881
194.872
194.864
194.858
194.854
180
180
180
180
180
180
180
180
180
180.002
180.006
180.024
180.09
180.336
181.2
183.746
188.586
193.044
194.649
194.749
194.744
194.729
194.73
194.741
194.765
194.795
194.837
194.888
194.931
194.97
194.997
195.005
195.005
194.998
194.982
194.96
194.935
194.912
194.888
194.863
194.841
194.821
194.808
194.804
194.804
194.808
194.812
194.811
194.806
194.806
194.815
194.829
194.843
194.859
194.881
194.907
194.916
194.918
194.919
194.916
194.91
194.901
194.89
194.881
194.872
194.864
194.858
194.854
180
180
180
180
180
180
180
180
180
180.002
180.006
180.024
180.09
180.336
181.2
183.746
188.586
193.044
194.649
194.749
194.744
194.729
194.73
194.741
194.765
194.795
194.837
194.888
194.931
194.97
194.997
195.005
195.005
194.998
194.982
194.96
194.935
194.912
194.888
194.863
194.841
194.821
194.808
194.804
194.804
194.808
194.812
194.811
194.806
194.806
194.815
194.829
194.843
194.859
194.881
194.907
194.916
194.918
194.919
194.916
194.91
194.901
194.89
194.881
194.872
194.864
194.858
194.854
180
180
180
180
180
180
180
180
180
180.002
180.006
180.024
180.09
180.336
181.2
183.746
188.586
193.044
194.649
194.749
194.744
194.729
194.73
194.741
194.765
194.795
194.837
194.888
194.931
194.97
194.997
195.005
195.005
194.998
194.982
194.96
194.935
194.912
194.888
194.863
194.841
194.821
194.808
194.804
194.804
194.808
194.812
194.811
194.806
194.806
194.815
194.829
194.843
194.859
194.881
194.907
194.916
194.918
194.919
194.916
194.91
194.901
194.89
194.881
194.872
194.864
194.858
194.854
180
180
180
180
180
180
180
180
180
180.002
180.006
180.024
180.09
180.336
181.2
183.746
188.586
193.044
194.649
194.749
194.744
194.729
194.73
194.741
194.765
194.795
194.837
194.888
194.931
194.97
194.997
195.005
195.005
194.998
194.982
194.96
194.935
194.912
194.888
194.863
194.841
194.821
194.808
194.804
194.804
194.808
194.812
194.811
194.806
194.806
194.815
194.829
194.843
194.859
194.881
194.907
194.916
194.918
194.919
194.916
194.91
194.901
194.89
194.881
194.872
194.864
194.858
194.854
180
180
180
180
180
180
180
180
180
180.002
180.006
180.024
180.09
180.336
181.2
183.746
188.586
193.044
194.649
194.749
194.744
194.729
194.73
194.741
194.765
194.795
194.837
194.888
194.931
194.97
194.997
195.005
195.005
194.998
194.982
194.96
194.935
194.912
194.888
194.863
194.841
194.821
194.808
194.804
194.804
194.808
194.812
194.811
194.806
194.806
194.815
194.829
194.843
194.859
194.881
194.907
194.916
194.918
194.919
194.916
194.91
194.901
194.89
194.881
194.872
194.864
194.858
194.854
180
180
180
180
180
180
180
180
180
180.002
180.006
180.024
180.09
180.336
181.2
183.746
188.586
193.044
194.649
194.749
194.744
194.729
194.73
194.741
194.765
194.795
194.837
194.888
194.931
194.97
194.997
195.005
195.005
194.998
194.982
194.96
194.935
194.912
194.888
194.863
194.841
194.821
194.808
194.804
194.804
194.808
194.812
194.811
194.806
194.806
194.815
194.829
194.843
194.859
194.881
194.907
194.916
194.918
194.919
194.916
194.91
194.901
194.89
194.881
194.872
194.864
194.858
194.854
180
180
180
180
180
180
180
180
180
180.002
180.006
180.024
180.09
180.336
181.2
183.746
188.586
193.044
194.649
194.749
194.744
194.729
194.73
194.741
194.765
194.795
194.837
194.888
194.931
194.97
194.997
195.005
195.005
194.998
194.982
194.96
194.935
194.912
194.888
194.863
194.841
194.821
194.808
194.804
194.804
194.808
194.812
194.811
194.806
194.806
194.815
194.829
194.843
194.859
194.881
194.907
194.916
194.918
194.919
194.916
194.91
194.901
194.89
194.881
194.872
194.864
194.858
194.854
180
180
180
180
180
180
180
180
180
180.002
180.006
180.024
180.09
180.336
181.2
183.746
188.586
193.044
194.649
194.749
194.744
194.729
194.73
194.741
194.765
194.795
194.837
194.888
194.931
194.97
194.997
195.005
195.005
194.998
194.982
194.96
194.935
194.912
194.888
194.863
194.841
194.821
194.808
194.804
194.804
194.808
194.812
194.811
194.806
194.806
194.815
194.829
194.843
194.859
194.881
194.907
194.916
194.918
194.919
194.916
194.91
194.901
194.89
194.881
194.872
194.864
194.858
194.854
180
180
180
180
180
180
180
180
180
180.002
180.006
180.024
180.09
180.336
181.2
183.746
188.586
193.044
194.649
194.749
194.744
194.729
194.73
194.741
194.765
194.795
194.837
194.888
194.931
194.97
194.997
195.005
195.005
194.998
194.982
194.96
194.935
194.912
194.888
194.863
194.841
194.821
194.808
194.804
194.804
194.808
194.812
194.811
194.806
194.806
194.815
194.829
194.843
194.859
194.881
194.907
194.916
194.918
194.919
194.916
194.91
194.901
194.89
194.881
194.872
194.864
194.858
194.854
180
180
180
180
180
180
180
180
180
180.002
180.006
180.024
180.09
180.336
181.2
183.746
188.586
193.044
194.649
194.749
194.744
194.729
194.73
194.741
194.765
194.795
194.837
194.888
194.931
194.97
194.997
195.005
195.005
194.998
194.982
194.96
194.935
194.912
194.888
194.863
194.841
194.821
194.808
194.804
194.804
194.808
194.812
194.811
194.806
194.806
194.815
194.829
194.843
194.859
194.881
194.907
194.916
194.918
194.919
194.916
194.91
194.901
194.89
194.881
194.872
194.864
194.858
194.854
180
180
180
180
180
180
180
180
180
180.002
180.006
180.024
180.09
180.336
181.2
183.746
188.586
193.044
194.649
194.749
194.744
194.729
194.73
194.741
194.765
194.795
194.837
194.888
194.931
194.97
194.997
195.005
195.005
194.998
194.982
194.96
194.935
194.912
194.888
194.863
194.841
194.821
194.808
194.804
194.804
194.808
194.812
194.811
194.806
194.806
194.815
194.829
194.843
194.859
194.881
194.907
194.916
194.918
194.919
194.916
194.91
194.901
194.89
194.881
194.872
194.864
194.858
194.854
180
180
180
180
180
180
180
180
180
180.002
180.006
180.024
180.09
180.336
181.2
183.746
188.586
193.044
194.649
194.749
194.744
194.729
194.73
194.741
194.765
194.795
194.837
194.888
194.931
194.97
194.997
195.005
195.005
194.998
194.982
194.96
194.935
194.912
194.888
194.863
194.841
194.821
194.808
194.804
194.804
194.808
194.812
194.811
194.806
194.806
194.815
194.829
194.843
194.859
194.881
194.907
194.916
194.918
194.919
194.916
194.91
194.901
194.89
194.881
194.872
194.864
194.858
194.854
180
180
180
180
180
180
180
180
180
180.002
180.006
180.024
180.09
180.336
181.2
183.746
188.586
193.044
194.649
194.749
194.744
194.729
194.73
194.741
194.765
194.795
194.837
194.888
194.931
194.97
194.997
195.005
195.005
194.998
194.982
194.96
194.935
194.912
194.888
194.863
194.841
194.821
194.808
194.804
194.804
194.808
194.812
194.811
194.806
194.806
194.815
194.829
194.843
194.859
194.881
194.907
194.916
194.918
194.919
194.916
194.91
194.901
194.89
194.881
194.872
194.864
194.858
194.854
180
180
180
180
180
180
180
180
180
180.002
180.006
180.024
180.09
180.336
181.2
183.746
188.586
193.044
194.649
194.749
194.744
194.729
194.73
194.741
194.765
194.795
194.837
194.888
194.931
194.97
194.997
195.005
195.005
194.998
194.982
194.96
194.935
194.912
194.888
194.863
194.841
194.821
194.808
194.804
194.804
194.808
194.812
194.811
194.806
194.806
194.815
194.829
194.843
194.859
194.881
194.907
194.916
194.918
194.919
194.916
194.91
194.901
194.89
194.881
194.872
194.864
194.858
194.854
180
180
180
180
180
180
180
180
180
180.002
180.006
180.024
180.09
180.336
181.2
183.746
188.586
193.044
194.649
194.749
194.744
194.729
194.73
194.741
194.765
194.795
194.837
194.888
194.931
194.97
194.997
195.005
195.005
194.998
194.982
194.96
194.935
194.912
194.888
194.863
194.841
194.821
194.808
194.804
194.804
194.808
194.812
194.811
194.806
194.806
194.815
194.829
194.843
194.859
194.881
194.907
194.916
194.918
194.919
194.916
194.91
194.901
194.89
194.881
194.872
194.864
194.858
194.854
180
180
180
180
180
180
180
180
180
180.002
180.006
180.024
180.09
180.336
181.2
183.746
188.586
193.044
194.649
194.749
194.744
194.729
194.73
194.741
194.765
194.795
194.837
194.888
194.931
194.97
194.997
195.005
195.005
194.998
194.982
194.96
194.935
194.912
194.888
194.863
194.841
194.821
194.808
194.804
194.804
194.808
194.812
194.811
194.806
194.806
194.815
194.829
194.843
194.859
194.881
194.907
194.916
194.918
194.919
194.916
194.91
194.901
194.89
194.881
194.872
194.864
194.858
194.854
180
180
180
180
180
180
180
180
180
180.002
180.006
180.024
180.09
180.336
181.2
183.746
188.586
193.044
194.649
194.749
194.744
194.729
194.73
194.741
194.765
194.795
194.837
194.888
194.931
194.97
194.997
195.005
195.005
194.998
194.982
194.96
194.935
194.912
194.888
194.863
194.841
194.821
194.808
194.804
194.804
194.808
194.812
194.811
194.806
194.806
194.815
194.829
194.843
194.859
194.881
194.907
194.916
194.918
194.919
194.916
194.91
194.901
194.89
194.881
194.872
194.864
194.858
194.854
180
180
180
180
180
180
180
180
180
180.002
180.006
180.024
180.09
180.336
181.2
183.746
188.586
193.044
194.649
194.749
194.744
194.729
194.73
194.741
194.765
194.795
194.837
194.888
194.931
194.97
194.997
195.005
195.005
194.998
194.982
194.96
194.935
194.912
194.888
194.863
194.841
194.821
194.808
194.804
194.804
194.808
194.812
194.811
194.806
194.806
194.815
194.829
194.843
194.859
194.881
194.907
194.916
194.918
194.919
194.916
194.91
194.901
194.89
194.881
194.872
194.864
194.858
194.854
180
180
180
180
180
180
180
180
180
180.002
180.006
180.024
180.09
180.336
181.2
183.746
188.586
193.044
194.649
194.749
194.744
194.729
194.73
194.741
194.765
194.795
194.837
194.888
194.931
194.97
194.997
195.005
195.005
194.998
194.982
194.96
194.935
194.912
194.888
194.863
194.841
194.821
194.808
194.804
194.804
194.808
194.812
194.811
194.806
194.806
194.815
194.829
194.843
194.859
194.881
194.907
194.916
194.918
194.919
194.916
194.91
194.901
194.89
194.881
194.872
194.864
194.858
194.854
180
180
180
180
180
180
180
180
180
180.002
180.006
180.024
180.09
180.336
181.2
183.746
188.586
193.044
194.649
194.749
194.744
194.729
194.73
194.741
194.765
194.795
194.837
194.888
194.931
194.97
194.997
195.005
195.005
194.998
194.982
194.96
194.935
194.912
194.888
194.863
194.841
194.821
194.808
194.804
194.804
194.808
194.812
194.811
194.806
194.806
194.815
194.829
194.843
194.859
194.881
194.907
194.916
194.918
194.919
194.916
194.91
194.901
194.89
194.881
194.872
194.864
194.858
194.854
180
180
180
180
180
180
180
180
180
180.002
180.006
180.024
180.09
180.336
181.2
183.746
188.586
193.044
194.649
194.749
194.744
194.729
194.73
194.741
194.765
194.795
194.837
194.888
194.931
194.97
194.997
195.005
195.005
194.998
194.982
194.96
194.935
194.912
194.888
194.863
194.841
194.821
194.808
194.804
194.804
194.808
194.812
194.811
194.806
194.806
194.815
194.829
194.843
194.859
194.881
194.907
194.916
194.918
194.919
194.916
194.91
194.901
194.89
194.881
194.872
194.864
194.858
194.854
180
180
180
180
180
180
180
180
180
180.002
180.006
180.024
180.09
180.336
181.2
183.746
188.586
193.044
194.649
194.749
194.744
194.729
194.73
194.741
194.765
194.795
194.837
194.888
194.931
194.97
194.997
195.005
195.005
194.998
194.982
194.96
194.935
194.912
194.888
194.863
194.841
194.821
194.808
194.804
194.804
194.808
194.812
194.811
194.806
194.806
194.815
194.829
194.843
194.859
194.881
194.907
194.916
194.918
194.919
194.916
194.91
194.901
194.89
194.881
194.872
194.864
194.858
194.854
180
180
180
180
180
180
180
180
180
180.002
180.006
180.024
180.09
180.336
181.2
183.746
188.586
193.044
194.649
194.749
194.744
194.729
194.73
194.741
194.765
194.795
194.837
194.888
194.931
194.97
194.997
195.005
195.005
194.998
194.982
194.96
194.935
194.912
194.888
194.863
194.841
194.821
194.808
194.804
194.804
194.808
194.812
194.811
194.806
194.806
194.815
194.829
194.843
194.859
194.881
194.907
194.916
194.918
194.919
194.916
194.91
194.901
194.89
194.881
194.872
194.864
194.858
194.854
180
180
180
180
180
180
180
180
180
180.002
180.006
180.024
180.09
180.336
181.2
183.746
188.586
193.044
194.649
194.749
194.744
194.729
194.73
194.741
194.765
194.795
194.837
194.888
194.931
194.97
194.997
195.005
195.005
194.998
194.982
194.96
194.935
194.912
194.888
194.863
194.841
194.821
194.808
194.804
194.804
194.808
194.812
194.811
194.806
194.806
194.815
194.829
194.843
194.859
194.881
194.907
194.916
194.918
194.919
194.916
194.91
194.901
194.89
194.881
194.872
194.864
194.858
194.854
180
180
180
180
180
180
180
180
180
180.002
180.006
180.024
180.09
180.336
181.2
183.746
188.586
193.044
194.649
194.749
194.744
194.729
194.73
194.741
194.765
194.795
194.837
194.888
194.931
194.97
194.997
195.005
195.005
194.998
194.982
194.96
194.935
194.912
194.888
194.863
194.841
194.821
194.808
194.804
194.804
194.808
194.812
194.811
194.806
194.806
194.815
194.829
194.843
194.859
194.881
194.907
194.916
194.918
194.919
194.916
194.91
194.901
194.89
194.881
194.872
194.864
194.858
194.854
180
180
180
180
180
180
180
180
180
180.002
180.006
180.024
180.09
180.336
181.2
183.746
188.586
193.044
194.649
194.749
194.744
194.729
194.73
194.741
194.765
194.795
194.837
194.888
194.931
194.97
194.997
195.005
195.005
194.998
194.982
194.96
194.935
194.912
194.888
194.863
194.841
194.821
194.808
194.804
194.804
194.808
194.812
194.811
194.806
194.806
194.815
194.829
194.843
194.859
194.881
194.907
194.916
194.918
194.919
194.916
194.91
194.901
194.89
194.881
194.872
194.864
194.858
194.854
180
180
180
180
180
180
180
180
180
180.002
180.006
180.024
180.09
180.336
181.2
183.746
188.586
193.044
194.649
194.749
194.744
194.729
194.73
194.741
194.765
194.795
194.837
194.888
194.931
194.97
194.997
195.005
195.005
194.998
194.982
194.96
194.935
194.912
194.888
194.863
194.841
194.821
194.808
194.804
194.804
194.808
194.812
194.811
194.806
194.806
194.815
194.829
194.843
194.859
194.881
194.907
194.916
194.918
194.919
194.916
194.91
194.901
194.89
194.881
194.872
194.864
194.858
194.854
180
180
180
180
180
180
180
180
180
180.002
180.006
180.024
180.09
180.336
181.2
183.746
188.586
193.044
194.649
194.749
194.744
194.729
194.73
194.741
194.765
194.795
194.837
194.888
194.931
194.97
194.997
195.005
195.005
194.998
194.982
194.96
194.935
194.912
194.888
194.863
194.841
194.821
194.808
194.804
194.804
194.808
194.812
194.811
194.806
194.806
194.815
194.829
194.843
194.859
194.881
194.907
214.65
181.196
182.352
184.196
187.287
190.435
190.126
189.233
188.605
187.419
184.577
178.159
170.548
170.572
175.763
199.166
269.618
375.063
425.934
441.78
235.5
209.467
196.207
187.862
185.382
186.319
186.612
187.039
186.944
186.042
183.403
177.054
169.444
169.632
175.026
198.487
268.872
374.184
425.193
441.407
243.184
219.985
199.237
187.823
183.081
181.6
182.477
183.448
184.493
183.736
180.799
174.138
166.679
166.987
172.633
196.365
267.004
371.963
423.344
440.229
247.373
228.413
207.836
194.366
183.288
179.936
179.013
179.81
181.26
180.459
177.345
170.423
162.767
163.345
169.519
193.766
264.537
368.952
420.399
438.166
249.263
234.744
216.348
200.462
186.848
179.864
178.106
178.166
178.676
177.739
174.396
167.362
159.577
160.257
166.846
191.875
262.962
366.914
417.625
435.737
249.849
239.23
223.264
207.114
193.853
184.28
178.127
176.518
176.62
175.338
171.854
164.979
157.494
158.351
165.703
191.423
262.597
366.057
415.881
433.483
249.959
242.036
228.939
213.552
200.255
188.411
179.742
176.399
175.442
173.092
169.524
162.807
156.056
157.42
165.513
191.911
263.316
366.544
415.472
431.762
249.904
244.127
232.952
219.717
205.867
193.716
184.813
177.821
174.659
171.748
167.885
161.086
154.879
156.794
165.829
193.863
266.475
369.59
416.077
430.508
249.834
245.677
236.469
224.43
211.544
199.446
189.001
180.024
174.669
171.091
166.478
159.48
153.937
156.504
166.75
197.515
272.608
376.044
417.522
429.573
249.642
246.683
239.376
228.51
216.641
204.695
193.768
184.537
176.773
171.151
165.519
157.43
153.332
156.54
168.486
202.777
281.69
384.579
419.353
428.865
249.332
247.308
241.573
232.188
221.192
209.469
198.922
188.857
179.256
172.087
165.777
156.311
152.983
156.728
170.529
208.954
291.578
393.47
420.574
428.257
249.088
247.662
243.304
235.351
225.22
214.151
203.575
193.282
183.243
175.017
167.313
156.279
152.009
156.516
172.475
215.239
300.61
401.335
421.133
427.702
248.894
247.842
244.599
237.981
228.874
218.428
207.965
197.837
187.327
178.001
169.19
157.242
152.759
157.102
174.492
221.107
308.078
407.333
421.238
427.316
248.678
247.885
245.509
240.137
232.068
222.32
212.216
202.088
191.346
181.717
172.477
160.282
153.853
157.825
176.34
226.151
314.638
411.08
421.266
427.082
248.394
247.815
246.076
241.828
234.827
225.877
216.174
206.128
195.356
185.496
175.626
163.101
156.278
159.725
178.527
230.401
320.226
413.236
421.263
426.959
248.098
247.628
246.362
243.111
237.193
229.084
219.838
209.974
199.184
189.146
178.987
166.787
160.121
162.665
180.856
233.986
324.674
414.502
421.16
426.924
247.844
247.383
246.472
244.05
239.184
231.955
223.204
213.566
202.829
192.714
182.353
170.294
163.927
165.945
183.757
237.631
328.361
415.225
421.061
427.009
247.596
247.175
246.438
244.674
240.804
234.475
226.292
216.896
206.317
196.127
185.608
173.787
168.391
170.259
187.301
241.741
331.689
415.599
421.03
427.253
247.338
247.006
246.358
245.012
242.011
236.629
229.08
220.021
209.633
199.383
188.817
177.25
172.803
174.519
191.332
246.571
334.9
415.715
421.002
427.604
247.052
246.843
246.286
245.136
242.82
238.375
231.58
222.933
212.774
202.542
191.912
180.679
177.259
179.151
196.081
252.072
338.043
415.514
420.969
427.993
246.75
246.629
246.182
245.155
243.325
239.732
233.769
225.629
215.75
205.572
194.938
184.15
181.558
183.807
201.357
258.209
341.196
414.99
420.93
428.356
246.441
246.319
246
245.154
243.658
240.759
235.609
228.067
218.528
208.479
197.866
187.664
185.782
188.455
207.048
264.956
344.517
414.441
420.909
428.665
246.165
245.957
245.73
245.088
243.878
241.506
237.1
230.194
221.084
211.238
200.704
191.184
189.864
193.199
213.193
272.222
348.334
414.016
420.915
428.924
245.93
245.638
245.424
244.922
243.981
242.001
238.246
231.988
223.379
213.822
203.443
194.709
193.801
197.915
219.521
279.568
352.07
413.485
420.926
429.113
245.704
245.402
245.134
244.683
243.923
242.261
239.081
233.463
225.411
216.199
206.052
198.161
197.606
202.645
226.051
287.198
355.81
413.046
420.967
429.263
245.424
245.171
244.863
244.446
243.782
242.314
239.624
234.624
227.159
218.345
208.499
201.47
201.244
207.243
232.668
294.701
359.506
412.686
421.055
429.404
245.095
244.874
244.581
244.217
243.585
242.257
239.907
235.472
228.583
220.201
210.725
204.586
204.676
211.784
239.322
302.227
363.11
412.415
421.136
429.52
244.778
244.508
244.223
243.941
243.403
242.13
240.025
235.95
229.634
221.691
212.671
207.402
207.847
216.178
246.343
310.251
366.843
412.381
421.286
429.649
244.527
244.169
243.814
243.565
243.158
241.997
240.065
236.265
230.321
222.76
214.227
209.855
210.721
220.337
252.808
316.933
370.154
412.389
421.426
429.796
244.308
243.929
243.474
243.159
242.784
241.791
240.072
236.481
230.784
223.438
215.327
211.861
213.174
224.334
259.3
323.665
373.383
412.552
421.59
429.957
244.028
243.753
243.284
242.863
242.325
241.447
239.981
236.606
231.173
223.941
216.13
213.298
215.239
227.746
265.22
329.485
376.279
412.68
421.684
430.106
243.683
243.498
243.132
242.705
241.943
241.043
239.721
236.595
231.447
224.379
216.876
214.448
216.847
230.893
271.024
334.932
379.013
412.907
421.715
430.25
243.361
243.128
242.852
242.525
241.698
240.742
239.401
236.458
231.542
224.665
217.474
215.462
218.219
233.817
276.295
339.928
381.53
412.311
421.389
430.355
243.171
242.756
242.443
242.158
241.442
240.577
239.158
236.275
231.526
224.79
217.828
216.227
219.34
236.468
280.985
344.448
383.635
411.222
420.859
430.378
242.991
242.498
242.069
241.667
241.049
240.366
239
236.148
231.495
224.858
218.026
216.738
220.172
238.826
285.197
348.718
385.596
409.788
420.161
430.292
242.66
242.287
241.856
241.284
240.615
239.987
238.768
236.07
231.545
225.01
218.241
217.139
220.845
240.964
289.117
352.876
387.556
408.212
419.31
430.053
242.191
241.985
241.717
241.094
240.336
239.59
238.432
235.957
231.65
225.258
218.547
217.568
221.594
242.975
292.863
356.827
389.532
406.73
418.431
429.75
241.842
241.579
241.395
240.916
240.223
239.391
238.153
235.824
231.74
225.534
218.99
218.131
222.537
244.893
296.438
360.591
391.569
406.025
417.711
429.437
241.704
241.26
240.928
240.499
239.966
239.307
238.035
235.751
231.824
225.819
219.542
218.792
223.54
246.762
299.751
364.287
393.728
405.856
417.265
429.113
241.542
241.037
240.529
239.981
239.478
238.966
237.91
235.737
231.962
226.178
220.183
219.495
224.554
248.539
302.769
367.897
395.989
405.963
417.06
428.716
241.159
240.787
240.284
239.631
238.998
238.417
237.567
235.663
232.159
226.615
220.869
220.208
225.562
250.227
305.584
371.311
398.207
406.476
417.084
428.263
240.585
240.392
240.114
239.561
238.826
238.049
237.133
235.465
232.307
227.036
221.504
220.906
226.541
251.881
308.277
374.443
400.398
407.498
417.462
427.756
240.221
239.892
239.769
239.42
238.836
238.03
236.941
235.309
232.395
227.389
222.069
221.564
227.453
253.49
310.95
377.258
402.651
409.017
418.183
427.252
240.259
239.631
239.3
238.975
238.44
237.769
236.923
235.344
232.533
227.76
222.663
222.232
228.308
254.996
313.597
379.844
405.083
410.941
419.018
426.921
240.169
239.61
238.899
238.354
237.772
237.165
236.536
235.275
232.724
228.211
223.315
222.934
229.15
256.385
316.043
382.26
407.815
413.145
419.911
426.795
239.632
239.369
238.721
237.912
237.297
236.622
235.886
234.891
232.743
228.63
223.946
223.639
229.99
257.669
318.162
384.563
410.842
415.426
420.905
426.804
238.682
238.578
238.45
238.045
237.533
236.61
235.489
234.405
232.572
228.89
224.451
224.255
230.759
258.795
319.909
386.752
414.038
417.732
422.009
427.036
238.212
237.772
237.781
237.622
237.001
236.224
235.397
234.224
232.438
229.064
224.917
224.766
231.39
259.725
321.349
388.802
417.12
420.103
423.324
427.531
238.207
238.288
237.243
236.654
235.942
235.384
234.942
234.096
232.472
229.293
225.412
225.264
231.925
260.461
322.535
390.686
419.931
422.566
424.945
428.213
231.367
237.128
237.513
236.729
235.508
234.692
234.212
233.673
232.357
229.527
225.904
225.756
232.42
261.072
323.56
392.388
422.413
425.076
426.774
429.073
213.622
227.867
236.069
235.979
235.616
234.763
233.818
233.139
232.062
229.658
226.314
226.196
232.868
261.58
324.439
393.951
424.641
427.575
428.669
430.063
197.8
211.118
227.956
233.614
234.523
234.268
233.731
232.927
231.871
229.681
226.589
226.545
233.236
262
325.189
395.389
426.684
429.998
430.519
431.182
194.971
197.882
210.702
227.493
232.162
233.212
233.081
232.667
231.771
229.73
226.767
226.72
233.451
262.299
325.792
396.737
428.621
432.242
432.297
432.387
194.85
195.05
198.239
213.146
225.727
231.418
231.919
231.84
231.137
229.463
226.796
226.759
233.552
262.508
326.275
397.972
430.456
434.273
434.054
433.625
194.848
194.854
195.176
199.988
213.647
227.102
230.681
230.662
229.993
228.661
226.515
226.575
233.524
262.608
326.585
399.084
432.209
436.137
435.744
434.906
194.847
194.846
194.865
195.548
201.652
216.985
227.806
229.103
228.732
227.583
225.956
226.209
233.421
262.579
326.638
399.99
433.864
437.925
437.411
436.209
194.848
194.845
194.848
194.908
196.264
204.979
221.969
227.084
226.98
226.219
225.209
225.783
233.322
262.414
326.427
400.666
435.434
439.67
439.065
437.53
194.849
194.845
194.847
194.857
195.069
197.925
212.402
223.404
225.807
225.111
224.456
225.365
233.224
262.066
325.843
401.012
436.92
441.395
440.728
438.888
194.848
194.846
194.847
194.853
194.887
195.61
202.92
217.4
224.418
224.18
223.809
224.985
233.113
261.547
324.93
401.04
438.332
443.103
442.393
440.297
194.848
194.846
194.848
194.854
194.866
195.025
197.436
209.551
220.882
223.45
223.269
224.711
232.983
260.856
323.72
400.774
439.664
444.819
444.076
441.765
194.848
194.846
194.848
194.855
194.865
194.902
195.496
201.794
214.54
222.251
222.61
224.447
232.815
260.057
322.244
400.217
440.902
446.533
445.76
443.279
194.848
194.845
194.848
194.855
194.867
194.883
195.012
197.145
207.097
219.575
221.39
223.865
232.474
259.118
320.443
399.385
442.049
448.267
447.461
444.835
194.848
194.845
194.848
194.855
194.868
194.883
194.917
195.471
200.741
214.196
219.806
222.949
231.859
257.986
318.328
398.349
443.105
450.001
449.166
446.417
194.848
194.845
194.848
194.855
194.869
194.885
194.901
195.037
197.135
207.04
217.358
221.837
231.109
256.753
316.033
397.132
444.108
451.729
450.863
448.006
194.848
194.845
194.848
194.855
194.869
194.888
194.9
194.936
195.643
201.028
213.69
219.616
229.892
255.567
313.849
395.767
445.081
453.391
452.503
449.587
194.848
194.846
194.848
194.855
194.868
194.891
194.9
194.912
195.125
197.515
208.701
216.704
228.087
254.137
311.634
394.22
445.948
454.908
454.028
451.126
194.848
194.845
194.848
194.855
194.868
194.892
194.902
194.907
194.964
195.894
203.053
213.549
226.008
252.293
309.119
392.383
446.582
456.268
455.44
452.602
194.848
194.845
194.848
194.855
194.868
194.89
194.906
194.906
194.918
195.241
198.661
209.853
222.917
250.032
306.448
390.105
446.818
457.507
456.749
453.957
194.848
194.845
194.848
194.855
194.868
194.889
194.907
194.906
194.904
194.993
196.341
205.633
218.826
247.131
303.557
387.299
446.712
458.706
457.95
455.109
194.848
194.845
194.848
194.855
194.868
194.889
194.907
194.909
194.901
194.906
195.382
201.336
214.276
243.477
300.134
384.055
446.516
459.859
459.014
456.05
194.848
194.845
194.848
194.855
194.868
194.889
194.907
194.91
194.904
194.863
194.996
197.843
209.658
239.12
296.246
380.546
446.322
460.915
459.957
456.842
194.848
194.845
194.848
194.855
194.868
194.889
194.906
194.911
194.905
194.872
194.826
195.965
205.406
233.474
291.871
376.815
445.984
461.862
460.857
457.593
194.848
194.845
194.848
194.855
194.868
194.889
194.906
194.91
194.905
194.886
194.772
195.146
201.571
227.132
286.874
373.001
445.379
462.728
461.7
458.334
194.848
194.845
194.848
194.855
194.868
194.889
194.906
194.91
194.905
194.888
194.801
194.903
198.666
221.003
281.233
369.056
444.43
463.552
462.54
459.122
194.848
194.845
194.848
194.855
194.868
194.889
194.906
194.91
194.905
194.886
194.841
194.876
196.954
215.308
274.344
364.953
443.133
464.354
463.635
460.177
194.848
194.845
194.848
194.855
194.868
194.889
194.906
194.91
194.905
194.885
194.847
194.98
196.672
210.608
266.791
360.473
441.365
464.968
464.856
461.54
194.848
194.845
194.848
194.855
194.868
194.889
194.906
194.91
194.905
194.885
194.844
195.026
196.863
207.801
258.341
354.906
439.208
465.466
465.603
462.917
194.848
194.845
194.848
194.855
194.868
194.889
194.906
194.91
194.905
194.885
194.842
195.029
197.124
207.589
249.734
348.084
436.013
465.601
465.637
463.582
194.848
194.845
194.848
194.855
194.868
194.889
194.906
194.91
194.905
194.885
194.842
195.023
197.177
208.012
245.265
339.47
430.399
464.409
465.759
463.913
194.848
194.845
194.848
194.855
194.868
194.889
194.906
194.91
194.905
194.885
194.842
195.02
197.177
208.417
245.098
328.727
421.415
458.484
463.09
462.097
194.848
194.845
194.848
194.855
194.868
194.889
194.906
194.91
194.905
194.885
194.842
195.02
197.166
208.506
245.836
323.492
409.448
442.811
453.177
455.767
194.848
194.845
194.848
194.855
194.868
194.889
194.906
194.91
194.905
194.885
194.842
195.02
197.16
208.504
246.267
323.53
399.933
426.448
435.811
440.951
194.848
194.845
194.848
194.855
194.868
194.889
194.906
194.91
194.905
194.885
194.842
195.02
197.16
208.5
246.312
323.809
398.006
420.965
424.807
427.199
194.848
194.845
194.848
194.855
194.868
194.889
194.906
194.91
194.905
194.885
194.842
195.02
197.16
208.499
246.312
323.869
397.977
420.5
422.966
423.728
194.848
194.845
194.848
194.855
194.868
194.889
194.906
194.91
194.905
194.885
194.842
195.02
197.16
208.499
246.312
323.871
397.976
420.496
422.903
423.552
194.848
194.845
194.848
194.855
194.868
194.889
194.906
194.91
194.905
194.885
194.842
195.02
197.16
208.499
246.312
323.871
397.976
420.496
422.903
423.551
194.848
194.845
194.848
194.855
194.868
194.889
194.906
194.91
194.905
194.885
194.842
195.02
197.16
208.499
246.312
323.871
397.976
420.496
422.903
423.551
194.848
194.845
194.848
194.855
194.868
194.889
194.906
194.91
194.905
194.885
194.842
195.02
197.16
208.499
246.312
323.871
397.976
420.496
422.903
423.551
194.848
194.845
194.848
194.855
194.868
194.889
194.906
194.91
194.905
194.885
194.842
195.02
197.16
208.499
246.312
323.871
397.976
420.496
422.903
423.551
194.848
194.845
194.848
194.855
194.868
194.889
194.906
194.91
194.905
194.885
194.842
195.02
197.16
208.499
246.312
323.871
397.976
420.496
422.903
423.551
194.848
194.845
194.848
194.855
194.868
194.889
194.906
194.91
194.905
194.885
194.842
195.02
197.16
208.499
246.312
323.871
397.976
420.496
422.903
423.551
194.848
194.845
194.848
194.855
194.868
194.889
194.906
194.91
194.905
194.885
194.842
195.02
197.16
208.499
246.312
323.871
397.976
420.496
422.903
423.551
194.848
194.845
194.848
194.855
194.868
194.889
194.906
194.91
194.905
194.885
194.842
195.02
197.16
208.499
246.312
323.871
397.976
420.496
422.903
423.551
194.848
194.845
194.848
194.855
194.868
194.889
194.906
194.91
194.905
194.885
194.842
195.02
197.16
208.499
246.312
323.871
397.976
420.496
422.903
423.551
194.848
194.845
194.848
194.855
194.868
194.889
194.906
194.91
194.905
194.885
194.842
195.02
197.16
208.499
246.312
323.871
397.976
420.496
422.903
423.551
194.848
194.845
194.848
194.855
194.868
194.889
194.906
194.91
194.905
194.885
194.842
195.02
197.16
208.499
246.312
323.871
397.976
420.496
422.903
423.551
194.848
194.845
194.848
194.855
194.868
194.889
194.906
194.91
194.905
194.885
194.842
195.02
197.16
208.499
246.312
323.871
397.976
420.496
422.903
423.551
194.848
194.845
194.848
194.855
194.868
194.889
194.906
194.91
194.905
194.885
194.842
195.02
197.16
208.499
246.312
323.871
397.976
420.496
422.903
423.551
194.848
194.845
194.848
194.855
194.868
194.889
194.906
194.91
194.905
194.885
194.842
195.02
197.16
208.499
246.312
323.871
397.976
420.496
422.903
423.551
194.848
194.845
194.848
194.855
194.868
194.889
194.906
194.91
194.905
194.885
194.842
195.02
197.16
208.499
246.312
323.871
397.976
420.496
422.903
423.551
194.848
194.845
194.848
194.855
194.868
194.889
194.906
194.91
194.905
194.885
194.842
195.02
197.16
208.499
246.312
323.871
397.976
420.496
422.903
423.551
194.848
194.845
194.848
194.855
194.868
194.889
194.906
194.91
194.905
194.885
194.842
195.02
197.16
208.499
246.312
323.871
397.976
420.496
422.903
423.551
)
;

boundaryField
{
    inlet
    {
        type            fixedValue;
        value           nonuniform List<scalar> 0();
    }
    outlet
    {
        type            zeroGradient;
    }
    bottom
    {
        type            symmetryPlane;
    }
    top
    {
        type            zeroGradient;
    }
    obstacle
    {
        type            zeroGradient;
    }
    defaultFaces
    {
        type            empty;
    }
    procBoundary1to0
    {
        type            processor;
        value           nonuniform List<scalar> 
103
(
287.046
286.649
286.1
285.405
284.656
283.928
283.32
282.73
282.175
281.713
281.241
280.816
280.318
279.767
279.325
277.916
270.418
236.317
188.407
180.069
180
180
180
180
180
180
180
180
180
180
180
180
180
180
180
180
180
180
180
180
180
180
180
180
180
180
180
180
180
180
180
180
180
180
180
180
180
180
180
180
180
180
180
180
180
180
180
180
180
180
180
180
180
180
180
180
180
180
180
180
180
180
180
180
180
180
180
180
180
180
180
180
180
180
180
180
180
180
180
180
180
180
180
)
;
    }
    procBoundary1to3
    {
        type            processor;
        value           nonuniform List<scalar> 
89
(
194.916
194.918
194.919
194.916
194.91
194.901
194.89
194.881
194.872
194.864
194.858
194.854
180
180
180
180
180
180
180
180
180
180.002
180.006
180.024
180.09
180.336
181.2
183.746
188.586
193.044
194.649
194.749
194.744
194.729
194.73
194.741
194.765
194.795
194.837
194.888
194.931
194.97
194.997
195.005
195.005
194.998
194.982
194.96
194.935
194.912
194.888
194.863
194.841
194.821
194.808
194.804
194.804
194.808
194.812
194.811
194.806
194.806
194.815
194.829
194.843
194.859
194.881
194.916
194.907
194.848
194.845
194.848
194.855
194.868
194.889
194.906
194.91
194.905
194.885
194.842
195.02
197.16
208.499
246.312
323.871
397.976
420.496
422.903
423.551
)
;
    }
}


// ************************************************************************* //
