/*--------------------------------*- C++ -*----------------------------------*\
| =========                 |                                                 |
| \\      /  F ield         | OpenFOAM: The Open Source CFD Toolbox           |
|  \\    /   O peration     | Version:  2306                                  |
|   \\  /    A nd           | Website:  www.openfoam.com                      |
|    \\/     M anipulation  |                                                 |
\*---------------------------------------------------------------------------*/
FoamFile
{
    version     2.0;
    format      ascii;
    arch        "LSB;label=32;scalar=64";
    class       volScalarField;
    location    "3e-05";
    object      rho;
}
// * * * * * * * * * * * * * * * * * * * * * * * * * * * * * * * * * * * * * //

dimensions      [1 -3 0 0 0 0 0];

internalField   nonuniform List<scalar> 
9032
(
1.49167
1.50353
1.5102
1.51273
1.51253
1.51093
1.50831
1.50549
1.50249
1.49913
1.49544
1.4915
1.48748
1.48345
1.47941
1.47539
1.47137
1.46734
1.46339
1.45958
1.45591
1.45235
1.44876
1.44496
1.44086
1.43654
1.43222
1.42815
1.4244
1.42081
1.41721
1.41344
1.40947
1.40539
1.40135
1.39758
1.39431
1.39142
1.38855
1.38542
1.38189
1.37793
1.37381
1.36985
1.36627
1.36307
1.35996
1.35669
1.35308
1.34919
1.34521
1.3412
1.33724
1.33354
1.33028
1.32733
1.3244
1.32148
1.31853
1.31558
1.31274
1.30989
1.30715
1.30432
1.30159
1.2976
1.29496
1.28915
1.49878
1.50816
1.5121
1.51235
1.51113
1.50855
1.50577
1.50296
1.49975
1.49614
1.49233
1.48855
1.48483
1.48108
1.47726
1.4733
1.46922
1.46509
1.46106
1.45719
1.45351
1.44993
1.44631
1.44254
1.43855
1.4344
1.43021
1.42616
1.42233
1.41865
1.41502
1.41132
1.40749
1.40362
1.39987
1.39635
1.39305
1.38987
1.3867
1.38338
1.37981
1.37601
1.37215
1.36838
1.36473
1.36123
1.35787
1.35448
1.35092
1.34726
1.34356
1.33984
1.33617
1.33274
1.32958
1.32652
1.32345
1.32054
1.31771
1.31496
1.31232
1.30963
1.3069
1.30377
1.30076
1.29657
1.29406
1.28885
1.49743
1.50422
1.50669
1.50673
1.50561
1.504
1.50203
1.49935
1.49594
1.49216
1.48838
1.48493
1.48166
1.47825
1.47457
1.47058
1.46635
1.46214
1.45815
1.45439
1.45078
1.44722
1.44358
1.43981
1.43591
1.43191
1.42788
1.4239
1.42004
1.41631
1.41266
1.40898
1.40523
1.40149
1.39788
1.39446
1.39116
1.38789
1.38458
1.38116
1.37757
1.37385
1.37013
1.36646
1.36283
1.35928
1.35585
1.35243
1.34896
1.34554
1.34211
1.33868
1.3353
1.33206
1.32896
1.32587
1.32282
1.32004
1.3174
1.31485
1.31224
1.30952
1.30664
1.30341
1.30034
1.29637
1.29387
1.28949
1.49773
1.50205
1.50318
1.50333
1.50242
1.501
1.49872
1.49533
1.49129
1.48718
1.48335
1.47999
1.47683
1.47349
1.46984
1.46581
1.46152
1.45721
1.45309
1.44926
1.44564
1.4421
1.43849
1.43477
1.43094
1.42705
1.42316
1.4193
1.41547
1.41172
1.40803
1.40437
1.40075
1.3972
1.39375
1.39037
1.38703
1.38369
1.38033
1.37693
1.37347
1.36999
1.36652
1.36305
1.35957
1.35607
1.35261
1.34916
1.34582
1.34273
1.33977
1.33684
1.33387
1.3309
1.32791
1.32493
1.32208
1.31951
1.31704
1.31456
1.3118
1.309
1.30613
1.30315
1.30011
1.29656
1.29396
1.2907
1.49943
1.5021
1.50236
1.50206
1.50092
1.49922
1.49666
1.49295
1.48877
1.4845
1.48051
1.47692
1.47348
1.46993
1.46611
1.46194
1.45752
1.45304
1.44874
1.44472
1.44096
1.43733
1.43368
1.42996
1.42617
1.42236
1.4186
1.41487
1.41111
1.40733
1.40354
1.39977
1.39606
1.39249
1.38909
1.38583
1.38265
1.37947
1.37622
1.3729
1.36955
1.36624
1.36293
1.35965
1.35637
1.35309
1.34982
1.34656
1.34337
1.34037
1.3376
1.33493
1.33226
1.32955
1.32684
1.32414
1.32148
1.31892
1.31635
1.31379
1.31108
1.30856
1.30586
1.30316
1.30023
1.29734
1.29456
1.29226
1.50265
1.50371
1.50372
1.50289
1.50114
1.49868
1.49552
1.49161
1.48735
1.4831
1.47893
1.47487
1.47087
1.46688
1.46278
1.45848
1.45394
1.44926
1.44462
1.44022
1.43617
1.43236
1.42866
1.42496
1.4213
1.41769
1.41413
1.41053
1.40681
1.40296
1.39901
1.3951
1.39134
1.3878
1.38453
1.38146
1.37845
1.37536
1.37205
1.36856
1.36513
1.36193
1.35893
1.35604
1.35323
1.35048
1.34768
1.34465
1.34143
1.33829
1.33557
1.33311
1.3307
1.32826
1.32579
1.32327
1.32066
1.31795
1.31523
1.31278
1.31053
1.30834
1.30585
1.30354
1.30099
1.29873
1.2956
1.29417
1.50709
1.50713
1.50625
1.50422
1.50144
1.49808
1.49425
1.49037
1.4865
1.48248
1.4781
1.47348
1.46887
1.46444
1.46017
1.45584
1.45127
1.44646
1.44162
1.437
1.43274
1.42886
1.42521
1.42168
1.41824
1.41479
1.41125
1.40756
1.40367
1.39965
1.39557
1.39161
1.38788
1.38445
1.38127
1.3782
1.37507
1.37181
1.36846
1.36507
1.36181
1.35898
1.35653
1.35422
1.35189
1.3495
1.34686
1.34384
1.3404
1.33695
1.33404
1.33161
1.32931
1.32703
1.3247
1.32224
1.31961
1.31686
1.31437
1.3122
1.3102
1.30831
1.30626
1.30441
1.30224
1.30021
1.29674
1.29612
1.50785
1.5087
1.50775
1.50492
1.50108
1.49686
1.49279
1.48922
1.48582
1.4818
1.47712
1.47205
1.46698
1.46223
1.45783
1.45347
1.44891
1.44415
1.43935
1.43473
1.43045
1.42659
1.42304
1.41958
1.4161
1.41247
1.40867
1.40474
1.40082
1.39693
1.39299
1.38909
1.38541
1.38209
1.37899
1.37595
1.37289
1.3699
1.36697
1.36392
1.36081
1.35812
1.35579
1.35358
1.35132
1.3489
1.34623
1.34319
1.33962
1.336
1.33294
1.33047
1.32822
1.32598
1.3237
1.32133
1.31887
1.31638
1.31406
1.31182
1.31018
1.30859
1.30707
1.30537
1.30355
1.30156
1.298
1.29774
1.50893
1.50965
1.50742
1.50345
1.49902
1.49463
1.491
1.48772
1.48404
1.47966
1.47473
1.46956
1.46449
1.45975
1.45546
1.45125
1.4468
1.4421
1.43739
1.43283
1.4285
1.42448
1.42073
1.41709
1.41343
1.40969
1.40591
1.40222
1.39877
1.39528
1.39159
1.38775
1.38412
1.38092
1.37794
1.37504
1.3722
1.36936
1.36642
1.36324
1.36
1.35716
1.3547
1.35239
1.35013
1.34772
1.34517
1.34242
1.33925
1.3356
1.33227
1.32973
1.32756
1.32542
1.32326
1.32104
1.3187
1.31617
1.31393
1.31213
1.31063
1.30929
1.30809
1.30635
1.30458
1.30262
1.29918
1.29898
1.50765
1.50637
1.50289
1.49892
1.49481
1.49073
1.4875
1.48411
1.48014
1.47581
1.4712
1.4665
1.46182
1.45728
1.45304
1.44881
1.44437
1.43985
1.43537
1.43093
1.42653
1.42227
1.41826
1.41454
1.41109
1.40779
1.40451
1.40126
1.39792
1.39432
1.39046
1.38652
1.38299
1.37992
1.37709
1.37439
1.37173
1.36903
1.36597
1.36249
1.35898
1.35587
1.35312
1.35064
1.34838
1.34622
1.34405
1.3418
1.33927
1.33633
1.33315
1.33027
1.32788
1.32568
1.3235
1.32127
1.31897
1.31665
1.31471
1.313
1.31154
1.31018
1.30897
1.30719
1.30536
1.30339
1.30016
1.30007
1.50533
1.50205
1.49802
1.495
1.49152
1.48755
1.48403
1.48017
1.47604
1.47192
1.46779
1.46343
1.45883
1.45435
1.45021
1.44621
1.44211
1.43796
1.43383
1.42958
1.42515
1.42077
1.41683
1.41332
1.41001
1.40686
1.40374
1.40061
1.39726
1.39352
1.38942
1.38547
1.3823
1.37954
1.37698
1.37448
1.37193
1.36922
1.36617
1.36254
1.35861
1.35512
1.35225
1.34971
1.34736
1.34515
1.34305
1.34098
1.33891
1.33664
1.33401
1.33125
1.32874
1.32645
1.32419
1.32188
1.3196
1.31756
1.3157
1.31396
1.3124
1.31089
1.30953
1.30778
1.30594
1.30409
1.30115
1.30106
1.50393
1.50044
1.49633
1.4936
1.48987
1.4853
1.48113
1.47682
1.47273
1.46888
1.4649
1.46067
1.45622
1.452
1.44804
1.44417
1.44028
1.43642
1.43251
1.42839
1.42408
1.41989
1.41606
1.41254
1.40926
1.4062
1.4032
1.40009
1.39672
1.39284
1.38867
1.38501
1.38194
1.37918
1.37663
1.37423
1.3717
1.36898
1.366
1.36274
1.3593
1.3558
1.35244
1.34941
1.34683
1.3446
1.3426
1.34071
1.33875
1.33668
1.33441
1.33199
1.32957
1.32725
1.32499
1.32275
1.32065
1.31864
1.31671
1.31485
1.31315
1.3115
1.30999
1.30832
1.30653
1.30481
1.3022
1.30193
1.50929
1.50204
1.49707
1.49391
1.48912
1.48372
1.47882
1.4744
1.47052
1.46671
1.46274
1.45856
1.4542
1.45005
1.44618
1.44235
1.43853
1.43481
1.43104
1.42713
1.42319
1.41931
1.41553
1.41198
1.40868
1.40564
1.40272
1.39963
1.39626
1.39251
1.38851
1.3849
1.38184
1.37898
1.37626
1.37373
1.37118
1.36853
1.36576
1.3629
1.35999
1.357
1.35393
1.35082
1.3478
1.34519
1.34293
1.34086
1.33889
1.33689
1.33478
1.33259
1.33036
1.32813
1.3259
1.3238
1.32176
1.31975
1.31776
1.31583
1.31401
1.31225
1.31063
1.30899
1.3072
1.30555
1.30315
1.30265
1.43029
1.49639
1.49603
1.49143
1.48666
1.48146
1.47683
1.4726
1.46882
1.46507
1.4612
1.45712
1.45293
1.44885
1.44492
1.44108
1.43724
1.43341
1.42956
1.4257
1.42193
1.41834
1.41482
1.41139
1.40809
1.40502
1.40212
1.39903
1.39568
1.3921
1.38849
1.38509
1.38194
1.37898
1.37614
1.3734
1.37074
1.36814
1.36558
1.36308
1.36062
1.35808
1.35541
1.35256
1.34949
1.34639
1.34365
1.34131
1.33915
1.33722
1.33531
1.33326
1.33113
1.32897
1.32683
1.32476
1.32274
1.32077
1.3188
1.31687
1.31499
1.31318
1.31143
1.30973
1.30787
1.30622
1.30396
1.30332
1.07386
1.47587
1.49899
1.48957
1.48509
1.48025
1.47598
1.47184
1.46805
1.46419
1.46027
1.4564
1.45252
1.44864
1.44467
1.4406
1.43649
1.43231
1.42817
1.4243
1.42076
1.41737
1.41409
1.41077
1.40751
1.4044
1.4015
1.39849
1.39522
1.39188
1.3886
1.38541
1.38228
1.37927
1.37636
1.37349
1.37064
1.36795
1.36544
1.3631
1.36093
1.35877
1.35637
1.35374
1.35091
1.34778
1.3447
1.34212
1.33983
1.33774
1.33584
1.33387
1.33181
1.32975
1.32769
1.32565
1.32366
1.32174
1.31985
1.31796
1.31603
1.31417
1.31229
1.31048
1.3086
1.3069
1.30477
1.3041
0.685969
1.22382
1.47862
1.48704
1.4841
1.47996
1.47651
1.47226
1.46786
1.46369
1.45968
1.45596
1.45238
1.4488
1.44498
1.44089
1.43661
1.43216
1.42768
1.42371
1.42022
1.41698
1.41384
1.4106
1.40733
1.4041
1.40102
1.39801
1.39484
1.39169
1.38864
1.38561
1.38262
1.37973
1.37686
1.37395
1.37098
1.36808
1.36543
1.36294
1.36068
1.35869
1.3566
1.35415
1.35156
1.34874
1.34576
1.34307
1.34077
1.33864
1.33671
1.33477
1.33274
1.33069
1.32863
1.32658
1.32457
1.32263
1.32076
1.3189
1.31695
1.31504
1.31314
1.31131
1.30943
1.30774
1.30576
1.30512
0.620673
0.770932
1.32729
1.49417
1.4886
1.48348
1.47922
1.47342
1.46807
1.4635
1.4594
1.45569
1.45202
1.44843
1.44478
1.44084
1.43673
1.43253
1.42837
1.4246
1.42122
1.418
1.41478
1.41141
1.40782
1.4042
1.40084
1.39775
1.39477
1.39174
1.38871
1.3857
1.38275
1.37993
1.37717
1.37435
1.37151
1.36861
1.36571
1.36298
1.36051
1.35832
1.35627
1.35406
1.35164
1.34913
1.3465
1.344
1.34172
1.33961
1.33766
1.33566
1.33361
1.33155
1.32947
1.32739
1.32532
1.32332
1.32142
1.31957
1.31766
1.31582
1.31399
1.31223
1.31045
1.30886
1.30697
1.30627
0.620071
0.623513
0.881124
1.40813
1.48623
1.48371
1.47878
1.47302
1.46779
1.46332
1.45937
1.45542
1.45128
1.44747
1.44391
1.4404
1.43687
1.43335
1.42993
1.42655
1.42324
1.41994
1.41654
1.41285
1.40868
1.40441
1.40075
1.39754
1.39458
1.39164
1.38855
1.38547
1.38247
1.37964
1.37704
1.37458
1.37198
1.36929
1.36645
1.36351
1.36074
1.35829
1.35607
1.35395
1.3517
1.34937
1.34698
1.34463
1.34236
1.3402
1.33815
1.33613
1.33414
1.33215
1.33013
1.32807
1.32598
1.32394
1.32201
1.32017
1.31836
1.31662
1.31492
1.31327
1.31164
1.31013
1.30819
1.30718
0.62007
0.620079
0.633154
1.01541
1.45047
1.48746
1.4756
1.47162
1.46801
1.4639
1.45973
1.45514
1.45067
1.44676
1.44325
1.43992
1.4368
1.43397
1.43113
1.42786
1.4246
1.42132
1.41779
1.4138
1.40919
1.40448
1.40065
1.39734
1.39431
1.39143
1.38832
1.38516
1.38212
1.37929
1.37676
1.37457
1.37242
1.36998
1.36742
1.36465
1.36165
1.35881
1.35639
1.35413
1.35187
1.34948
1.34709
1.34475
1.34246
1.34024
1.33813
1.33613
1.33425
1.33242
1.33058
1.32867
1.32667
1.32465
1.32272
1.32092
1.31919
1.31753
1.31589
1.31426
1.31259
1.3109
1.3088
1.30747
0.62007
0.62007
0.620123
0.663603
1.13335
1.44475
1.46922
1.47216
1.46877
1.46436
1.45967
1.45483
1.45083
1.4469
1.44321
1.44003
1.43704
1.43442
1.43149
1.42799
1.4244
1.42076
1.41709
1.41312
1.40863
1.40414
1.40048
1.39722
1.39418
1.39137
1.3883
1.38508
1.38196
1.37907
1.3765
1.37439
1.3726
1.37051
1.36813
1.36562
1.36276
1.35971
1.35698
1.35449
1.35197
1.34945
1.34701
1.34463
1.34228
1.34001
1.33786
1.3359
1.33415
1.33256
1.33098
1.32933
1.3275
1.32556
1.32365
1.32185
1.3201
1.31833
1.31656
1.31474
1.31289
1.31099
1.30876
1.30734
0.62007
0.62007
0.62007
0.620386
0.706641
1.21304
1.4676
1.47408
1.46832
1.4639
1.45867
1.45514
1.45198
1.44783
1.44343
1.43986
1.43666
1.43384
1.43062
1.42699
1.42302
1.41898
1.41517
1.41138
1.40741
1.40362
1.40037
1.39728
1.3944
1.39178
1.38891
1.38574
1.38256
1.37954
1.37688
1.37467
1.37285
1.37083
1.36847
1.36595
1.36312
1.36004
1.35717
1.35453
1.35189
1.34938
1.34695
1.34456
1.34222
1.33998
1.33789
1.33596
1.33429
1.33285
1.33148
1.33002
1.32832
1.32645
1.32459
1.3227
1.32074
1.31874
1.31676
1.31475
1.31274
1.31072
1.30864
1.30726
0.62007
0.62007
0.62007
0.620071
0.621106
0.763409
1.2912
1.46208
1.46781
1.46504
1.46047
1.45753
1.45366
1.44863
1.44355
1.4391
1.43521
1.43175
1.42862
1.42533
1.42137
1.41718
1.41312
1.40936
1.40607
1.40316
1.40033
1.39762
1.39507
1.39272
1.39011
1.38711
1.38403
1.38078
1.37771
1.37512
1.37276
1.37042
1.36794
1.3653
1.3624
1.35935
1.35654
1.35393
1.35151
1.34924
1.34704
1.34486
1.34269
1.34054
1.33849
1.33657
1.33488
1.33341
1.33204
1.33059
1.32891
1.32709
1.32521
1.3232
1.32107
1.31892
1.3168
1.31467
1.31262
1.31071
1.30878
1.30754
0.62007
0.62007
0.62007
0.62007
0.620072
0.623059
0.828641
1.32965
1.47623
1.46962
1.46337
1.45914
1.45395
1.44862
1.4434
1.43794
1.43333
1.42967
1.42671
1.42397
1.42023
1.41593
1.41182
1.40833
1.40545
1.40295
1.40052
1.39804
1.39558
1.39328
1.39096
1.3882
1.38523
1.38203
1.37858
1.37539
1.37256
1.36984
1.36711
1.36426
1.36119
1.35822
1.35555
1.35318
1.35109
1.34917
1.34732
1.34545
1.34356
1.34158
1.33961
1.3377
1.33591
1.33425
1.33264
1.33099
1.32923
1.32739
1.32551
1.32348
1.32132
1.31914
1.31698
1.31487
1.31288
1.31106
1.30929
1.30817
0.62007
0.62007
0.62007
0.62007
0.62007
0.620077
0.627207
0.885306
1.38575
1.45433
1.46006
1.45772
1.4528
1.44821
1.44317
1.4369
1.43223
1.42867
1.42568
1.42306
1.41955
1.41547
1.41162
1.40842
1.40568
1.40336
1.40109
1.39849
1.3958
1.39328
1.39101
1.38847
1.38566
1.38265
1.37936
1.37602
1.37288
1.36985
1.36685
1.36372
1.36049
1.35756
1.35496
1.35275
1.35084
1.3491
1.34745
1.34582
1.34416
1.34245
1.34064
1.3388
1.33689
1.33498
1.33306
1.33112
1.32925
1.32742
1.32556
1.32364
1.32155
1.31945
1.31738
1.31537
1.31342
1.31169
1.31
1.30886
0.62007
0.62007
0.62007
0.62007
0.62007
0.62007
0.62009
0.634219
0.967538
1.36804
1.4658
1.45693
1.45257
1.44894
1.44268
1.43625
1.4321
1.42875
1.42603
1.42308
1.41947
1.41568
1.41222
1.40931
1.40676
1.40465
1.40217
1.39921
1.39604
1.39293
1.39026
1.38782
1.38516
1.38233
1.37937
1.37629
1.37325
1.37026
1.36721
1.36398
1.3608
1.35782
1.35517
1.35291
1.35096
1.34925
1.34767
1.3461
1.34448
1.34287
1.34126
1.33939
1.33741
1.33538
1.33327
1.33111
1.32914
1.32731
1.32548
1.32368
1.32181
1.31988
1.31789
1.31597
1.314
1.31233
1.31062
1.30937
0.62007
0.62007
0.62007
0.62007
0.62007
0.62007
0.62007
0.620128
0.647805
0.986533
1.40978
1.45733
1.45272
1.44705
1.44038
1.43572
1.43226
1.42987
1.42761
1.42435
1.42055
1.41663
1.41345
1.41063
1.40813
1.40603
1.40338
1.40035
1.39692
1.39301
1.38954
1.38673
1.38405
1.38136
1.37859
1.37579
1.37304
1.37033
1.36756
1.36463
1.36171
1.35884
1.35612
1.35373
1.3516
1.3497
1.34793
1.34616
1.34443
1.34284
1.34138
1.33955
1.33752
1.33545
1.33326
1.331
1.32897
1.32714
1.32535
1.32366
1.32198
1.32023
1.3183
1.31642
1.31447
1.3128
1.31108
1.30975
0.62007
0.62007
0.62007
0.62007
0.62007
0.62007
0.62007
0.62007
0.62022
0.654663
1.03845
1.39007
1.44733
1.44066
1.43749
1.43541
1.43363
1.4316
1.42894
1.42558
1.42148
1.4174
1.41402
1.411
1.40856
1.40645
1.40375
1.40081
1.39754
1.39368
1.3898
1.38639
1.38321
1.38022
1.37741
1.37472
1.37214
1.36969
1.36742
1.36498
1.36228
1.35964
1.35704
1.35443
1.35215
1.35008
1.34809
1.34617
1.3444
1.34285
1.34139
1.33949
1.33739
1.33529
1.33309
1.33086
1.32888
1.32705
1.32525
1.32364
1.32208
1.32044
1.3186
1.31674
1.31489
1.3132
1.31155
1.31019
0.62007
0.62007
0.62007
0.62007
0.62007
0.62007
0.62007
0.62007
0.62007
0.620284
0.666667
1.05015
1.40682
1.44342
1.44112
1.43917
1.43639
1.43262
1.42874
1.42443
1.42032
1.41698
1.41377
1.41085
1.4085
1.40593
1.40299
1.3999
1.39675
1.39359
1.3903
1.387
1.38362
1.38009
1.3768
1.3739
1.37117
1.36873
1.3667
1.3647
1.36227
1.35979
1.35733
1.35472
1.35232
1.35027
1.3483
1.3464
1.34463
1.34305
1.34145
1.33941
1.33722
1.33505
1.33288
1.33079
1.32888
1.32705
1.32529
1.32371
1.3222
1.32058
1.31886
1.3171
1.31537
1.31371
1.31213
1.31081
0.62007
0.62007
0.62007
0.62007
0.62007
0.62007
0.62007
0.62007
0.62007
0.62007
0.620429
0.671896
1.05345
1.39834
1.44789
1.44457
1.43577
1.43118
1.426
1.42147
1.41825
1.4154
1.41296
1.41093
1.40821
1.40504
1.4014
1.39782
1.39481
1.3922
1.38983
1.38698
1.38391
1.38055
1.37694
1.3738
1.37093
1.36831
1.36618
1.36431
1.36197
1.35954
1.35712
1.35456
1.35226
1.35032
1.34848
1.34671
1.34502
1.34339
1.34152
1.33933
1.33711
1.33492
1.33283
1.33086
1.32897
1.32719
1.32551
1.32387
1.32228
1.32065
1.31903
1.31742
1.31582
1.31429
1.31281
1.31156
0.62007
0.62007
0.62007
0.62007
0.62007
0.62007
0.62007
0.62007
0.62007
0.62007
0.620071
0.620469
0.672261
1.05205
1.40045
1.4347
1.4331
1.43234
1.42482
1.41886
1.41596
1.41383
1.41204
1.41082
1.40806
1.40458
1.40007
1.39586
1.39269
1.39017
1.38842
1.38616
1.38334
1.38036
1.37697
1.3739
1.37117
1.36857
1.36636
1.36433
1.36189
1.35943
1.35692
1.35433
1.35216
1.3503
1.34861
1.34707
1.34553
1.3437
1.34154
1.33927
1.33703
1.3349
1.33286
1.33094
1.32914
1.32744
1.32576
1.32399
1.32228
1.32058
1.319
1.31752
1.31607
1.31466
1.31333
1.31205
0.62007
0.62007
0.62007
0.62007
0.62007
0.62007
0.62007
0.62007
0.62007
0.62007
0.62007
0.620071
0.620493
0.671817
1.04922
1.37381
1.44771
1.439
1.42563
1.41943
1.41596
1.41319
1.41241
1.41135
1.40842
1.40482
1.39994
1.39525
1.39175
1.38878
1.38686
1.38482
1.38224
1.37948
1.37647
1.37381
1.37134
1.369
1.36691
1.36471
1.36221
1.3597
1.35707
1.35451
1.35239
1.35051
1.34892
1.34751
1.34582
1.34373
1.3415
1.33914
1.33693
1.33485
1.33287
1.33102
1.32932
1.32766
1.32589
1.32399
1.32219
1.32043
1.31884
1.31741
1.31611
1.31483
1.31359
1.31226
0.62007
0.62007
0.62007
0.62007
0.62007
0.62007
0.62007
0.62007
0.62007
0.62007
0.62007
0.62007
0.620071
0.620495
0.670564
1.00367
1.39043
1.4267
1.42283
1.42019
1.41634
1.41398
1.41341
1.41137
1.4084
1.40455
1.40003
1.39584
1.39217
1.38895
1.38643
1.38402
1.38139
1.37863
1.37592
1.37355
1.37134
1.3693
1.36726
1.36488
1.36238
1.35983
1.3572
1.35478
1.35262
1.3507
1.34917
1.34772
1.34578
1.34363
1.34128
1.3389
1.33678
1.33477
1.33285
1.33107
1.32947
1.32786
1.32601
1.32406
1.3222
1.3204
1.31878
1.3174
1.3162
1.31499
1.31377
1.31234
0.62007
0.62007
0.62007
0.62007
0.62007
0.62007
0.62007
0.62007
0.62007
0.62007
0.62007
0.62007
0.62007
0.620071
0.620457
0.658292
0.9929
1.33802
1.42614
1.42746
1.41838
1.41515
1.4139
1.41149
1.40783
1.40357
1.39989
1.39658
1.3934
1.39049
1.38739
1.38438
1.3815
1.37851
1.37576
1.37335
1.37123
1.36927
1.36708
1.36462
1.36215
1.35965
1.35719
1.35487
1.35268
1.35078
1.34926
1.34759
1.34551
1.3433
1.34093
1.33865
1.33662
1.33464
1.33277
1.33111
1.32968
1.32819
1.32637
1.32442
1.32252
1.32072
1.31909
1.31767
1.31646
1.31518
1.31385
1.31232
0.62007
0.62007
0.62007
0.62007
0.62007
0.62007
0.62007
0.62007
0.62007
0.62007
0.62007
0.62007
0.62007
0.62007
0.620071
0.620329
0.652047
0.938764
1.32339
1.42231
1.41983
1.41674
1.41386
1.41014
1.40587
1.40189
1.3988
1.3963
1.394
1.39124
1.38823
1.385
1.38189
1.379
1.37636
1.37387
1.37159
1.36934
1.36686
1.36431
1.36178
1.35936
1.35699
1.35467
1.35254
1.35072
1.34914
1.34728
1.34516
1.34295
1.34068
1.33855
1.33658
1.33466
1.33289
1.33135
1.33
1.32859
1.32692
1.32504
1.32316
1.32135
1.31968
1.31815
1.31677
1.3153
1.31383
1.31227
0.62007
0.62007
0.62007
0.62007
0.62007
0.62007
0.62007
0.62007
0.62007
0.62007
0.62007
0.62007
0.62007
0.62007
0.62007
0.62007
0.620255
0.643168
0.88203
1.30112
1.39834
1.41154
1.41239
1.40868
1.40481
1.4007
1.39748
1.39519
1.39311
1.39061
1.38794
1.38494
1.38201
1.37926
1.37678
1.37435
1.37189
1.36942
1.36683
1.36421
1.36172
1.35932
1.35694
1.35465
1.35256
1.35069
1.34893
1.34692
1.34477
1.3426
1.34053
1.33857
1.33665
1.33481
1.33313
1.33162
1.33024
1.32882
1.32728
1.32558
1.32374
1.32192
1.32021
1.31855
1.31699
1.31538
1.31384
1.31232
0.62007
0.62007
0.62007
0.62007
0.62007
0.62007
0.62007
0.62007
0.62007
0.62007
0.62007
0.62007
0.62007
0.62007
0.62007
0.62007
0.62007
0.620181
0.632893
0.845155
1.22444
1.40459
1.41566
1.41132
1.40409
1.39909
1.39578
1.39387
1.39187
1.38961
1.38709
1.38427
1.3814
1.37866
1.37622
1.3738
1.37138
1.36908
1.36664
1.36415
1.36176
1.35939
1.35705
1.35479
1.35266
1.35063
1.34861
1.34644
1.34431
1.34231
1.34044
1.33862
1.3368
1.33501
1.33331
1.33172
1.3302
1.3287
1.32721
1.3257
1.32396
1.32216
1.32044
1.31871
1.31706
1.31542
1.3139
1.3125
0.62007
0.62007
0.62007
0.62007
0.62007
0.62007
0.62007
0.62007
0.62007
0.62007
0.62007
0.62007
0.62007
0.62007
0.62007
0.62007
0.62007
0.62007
0.620116
0.628462
0.774457
1.1706
1.38161
1.40674
1.40285
1.39903
1.39594
1.39453
1.39211
1.38978
1.38694
1.38408
1.38113
1.3782
1.37544
1.37285
1.37036
1.36815
1.36593
1.36368
1.36141
1.35916
1.35697
1.35482
1.35266
1.35049
1.3482
1.34593
1.34382
1.3419
1.34017
1.33852
1.33683
1.3351
1.33335
1.33164
1.32997
1.32838
1.32688
1.32545
1.32388
1.32218
1.32046
1.31876
1.31712
1.31556
1.31412
1.31289
0.62007
0.62007
0.62007
0.62007
0.62007
0.62007
0.62007
0.62007
0.62007
0.62007
0.62007
0.62007
0.62007
0.62007
0.62007
0.62007
0.62007
0.62007
0.62007
0.620092
0.623664
0.726772
1.10402
1.34461
1.40487
1.40375
1.40181
1.39734
1.39362
1.39043
1.38702
1.38413
1.38193
1.37921
1.3761
1.37302
1.37013
1.36756
1.36514
1.36287
1.36065
1.35852
1.35656
1.35465
1.35254
1.35022
1.34784
1.34551
1.34338
1.34147
1.33978
1.33826
1.3367
1.33498
1.33313
1.33131
1.32956
1.32792
1.32637
1.32495
1.32354
1.32199
1.32037
1.31877
1.31721
1.31578
1.31441
1.31326
0.62007
0.62007
0.62007
0.62007
0.62007
0.62007
0.62007
0.62007
0.62007
0.62007
0.62007
0.62007
0.62007
0.62007
0.62007
0.62007
0.62007
0.62007
0.62007
0.62007
0.620076
0.621751
0.69127
0.989564
1.31381
1.39876
1.4026
1.39705
1.38978
1.38648
1.38478
1.3835
1.38265
1.3808
1.37782
1.37448
1.37106
1.36786
1.36494
1.36229
1.35987
1.35771
1.35586
1.35422
1.35231
1.35004
1.34768
1.34537
1.34326
1.34135
1.3396
1.33803
1.33646
1.33461
1.33271
1.33086
1.32909
1.32743
1.32585
1.3244
1.32304
1.32164
1.32018
1.31874
1.3173
1.31596
1.31459
1.31333
0.62007
0.62007
0.62007
0.62007
0.62007
0.62007
0.62007
0.62007
0.62007
0.62007
0.62007
0.62007
0.62007
0.62007
0.62007
0.62007
0.62007
0.62007
0.62007
0.62007
0.62007
0.620072
0.620764
0.653932
0.888502
1.26998
1.37549
1.38751
1.38577
1.38143
1.38018
1.38111
1.38135
1.37968
1.3766
1.37358
1.37065
1.3678
1.36497
1.36218
1.35955
1.35734
1.35546
1.35392
1.35215
1.34993
1.34765
1.34542
1.3434
1.3415
1.33966
1.33791
1.33612
1.33418
1.33229
1.33045
1.32873
1.32712
1.32554
1.32404
1.32263
1.32128
1.31997
1.31865
1.31732
1.31598
1.3146
1.31322
0.62007
0.62007
0.62007
0.62007
0.62007
0.62007
0.62007
0.62007
0.62007
0.62007
0.62007
0.62007
0.62007
0.62007
0.62007
0.62007
0.62007
0.62007
0.62007
0.62007
0.62007
0.62007
0.620071
0.620268
0.634025
0.814268
1.1461
1.37209
1.3978
1.38582
1.38133
1.37845
1.37804
1.3767
1.37423
1.37164
1.36932
1.36703
1.36459
1.36202
1.35937
1.35714
1.35517
1.35345
1.35167
1.34956
1.34741
1.34539
1.34353
1.34175
1.33988
1.33795
1.33588
1.33388
1.332
1.3302
1.32854
1.32701
1.32551
1.32402
1.32256
1.32115
1.31983
1.31847
1.31715
1.31579
1.31445
1.31301
0.62007
0.62007
0.62007
0.62007
0.62007
0.62007
0.62007
0.62007
0.62007
0.62007
0.62007
0.62007
0.62007
0.62007
0.62007
0.62007
0.62007
0.62007
0.62007
0.62007
0.62007
0.62007
0.62007
0.62007
0.62012
0.625923
0.720855
1.0439
1.32159
1.37622
1.38479
1.38247
1.37762
1.37454
1.37228
1.37042
1.36835
1.36597
1.36368
1.36138
1.35903
1.3569
1.3549
1.353
1.35111
1.34909
1.3471
1.34521
1.34343
1.34175
1.33989
1.33778
1.33561
1.33358
1.33173
1.33003
1.3285
1.32713
1.32583
1.32443
1.32287
1.32129
1.31975
1.3182
1.31678
1.31544
1.3142
1.31284
0.62007
0.62007
0.62007
0.62007
0.62007
0.62007
0.62007
0.62007
0.62007
0.62007
0.62007
0.62007
0.62007
0.62007
0.62007
0.62007
0.62007
0.62007
0.62007
0.62007
0.62007
0.62007
0.62007
0.62007
0.62007
0.620082
0.621527
0.667273
0.926231
1.22671
1.37495
1.38837
1.38091
1.37643
1.37461
1.37089
1.3676
1.36488
1.36261
1.36054
1.35867
1.3569
1.35503
1.35307
1.35096
1.34882
1.34685
1.34494
1.34309
1.34134
1.33949
1.33744
1.33535
1.33339
1.33158
1.32991
1.32848
1.32726
1.32618
1.32487
1.32317
1.32139
1.31963
1.31794
1.31641
1.31506
1.3139
1.31262
0.62007
0.62007
0.62007
0.62007
0.62007
0.62007
0.62007
0.62007
0.62007
0.62007
0.62007
0.62007
0.62007
0.62007
0.62007
0.62007
0.62007
0.62007
0.62007
0.62007
0.62007
0.62007
0.62007
0.62007
0.62007
0.62007
0.620072
0.620431
0.639917
0.788099
1.14353
1.32153
1.36709
1.37862
1.37568
1.37086
1.36684
1.36445
1.36186
1.35966
1.35792
1.35647
1.35482
1.35279
1.35055
1.34844
1.34659
1.34468
1.34273
1.34079
1.33891
1.33712
1.33526
1.33335
1.33155
1.32987
1.32842
1.32719
1.32618
1.32489
1.32314
1.32127
1.31943
1.31772
1.31612
1.31471
1.31353
1.31226
0.62007
0.62007
0.62007
0.62007
0.62007
0.62007
0.62007
0.62007
0.62007
0.62007
0.62007
0.62007
0.62007
0.62007
0.62007
0.62007
0.62007
0.62007
0.62007
0.62007
0.62007
0.62007
0.62007
0.62007
0.62007
0.62007
0.62007
0.620071
0.62015
0.624519
0.710572
0.988891
1.26548
1.37002
1.37181
1.36865
1.36727
1.36553
1.36101
1.35857
1.35687
1.35544
1.35406
1.35197
1.34981
1.34783
1.34607
1.34431
1.34234
1.34029
1.33838
1.33666
1.33507
1.33337
1.33161
1.32991
1.32834
1.32693
1.32573
1.32445
1.32272
1.32086
1.31907
1.3174
1.31583
1.31442
1.31317
1.31188
0.62007
0.62007
0.62007
0.62007
0.62007
0.62007
0.62007
0.62007
0.62007
0.62007
0.62007
0.62007
0.62007
0.62007
0.62007
0.62007
0.62007
0.62007
0.62007
0.62007
0.62007
0.62007
0.62007
0.62007
0.62007
0.62007
0.62007
0.62007
0.62007
0.620078
0.621215
0.654295
0.834116
1.17527
1.31702
1.36781
1.37331
1.36909
1.36133
1.35778
1.35609
1.35467
1.35328
1.35131
1.34925
1.34715
1.34526
1.34365
1.34187
1.3399
1.338
1.33624
1.33468
1.33317
1.33149
1.32977
1.32808
1.3265
1.3251
1.3238
1.32223
1.32047
1.31877
1.31714
1.31563
1.31426
1.31298
1.3117
0.62007
0.62007
0.62007
0.62007
0.62007
0.62007
0.62007
0.62007
0.62007
0.62007
0.62007
0.62007
0.62007
0.62007
0.62007
0.62007
0.62007
0.62007
0.62007
0.62007
0.62007
0.62007
0.62007
0.62007
0.62007
0.62007
0.62007
0.62007
0.62007
0.62007
0.620071
0.620263
0.627797
0.73285
1
1.27002
1.35852
1.35854
1.35747
1.3573
1.35686
1.3547
1.35304
1.35136
1.34916
1.3468
1.34484
1.34317
1.34146
1.33954
1.33766
1.33584
1.33413
1.33261
1.33109
1.32947
1.3278
1.32622
1.32477
1.32341
1.32195
1.32029
1.31864
1.31704
1.31555
1.31419
1.31293
1.31167
0.62007
0.62007
0.62007
0.62007
0.62007
0.62007
0.62007
0.62007
0.62007
0.62007
0.62007
0.62007
0.62007
0.62007
0.62007
0.62007
0.62007
0.62007
0.62007
0.62007
0.62007
0.62007
0.62007
0.62007
0.62007
0.62007
0.62007
0.62007
0.62007
0.62007
0.62007
0.62007
0.620088
0.621825
0.658074
0.838451
1.15714
1.30327
1.36373
1.36608
1.36239
1.35528
1.35271
1.35039
1.34775
1.34588
1.34435
1.34274
1.34106
1.33918
1.33741
1.33568
1.33398
1.33237
1.33084
1.32919
1.32749
1.32588
1.32437
1.323
1.32167
1.32012
1.31853
1.31695
1.31549
1.31411
1.31287
1.31161
0.62007
0.62007
0.62007
0.62007
0.62007
0.62007
0.62007
0.62007
0.62007
0.62007
0.62007
0.62007
0.62007
0.62007
0.62007
0.62007
0.62007
0.62007
0.62007
0.62007
0.62007
0.62007
0.62007
0.62007
0.62007
0.62007
0.62007
0.62007
0.62007
0.62007
0.62007
0.62007
0.62007
0.620072
0.620301
0.628097
0.725524
0.969145
1.24613
1.33523
1.34811
1.34894
1.34981
1.34851
1.34628
1.34514
1.34407
1.34284
1.34111
1.33906
1.33722
1.3355
1.33384
1.33218
1.33053
1.32877
1.32704
1.3254
1.32386
1.32247
1.32122
1.31984
1.31831
1.31675
1.31531
1.31391
1.31266
1.31137
0.62007
0.62007
0.62007
0.62007
0.62007
0.62007
0.62007
0.62007
0.62007
0.62007
0.62007
0.62007
0.62007
0.62007
0.62007
0.62007
0.62007
0.62007
0.62007
0.62007
0.62007
0.62007
0.62007
0.62007
0.62007
0.62007
0.62007
0.62007
0.62007
0.62007
0.62007
0.62007
0.62007
0.62007
0.62007
0.620089
0.621619
0.649972
0.804666
1.103
1.27653
1.35207
1.35691
1.35373
1.34741
1.34522
1.34296
1.3416
1.34005
1.33813
1.33612
1.33437
1.33278
1.33148
1.33014
1.32844
1.32675
1.32512
1.32355
1.32212
1.32085
1.31956
1.31812
1.3166
1.31518
1.31376
1.31245
1.31112
0.62007
0.62007
0.62007
0.62007
0.62007
0.62007
0.62007
0.62007
0.62007
0.62007
0.62007
0.62007
0.62007
0.62007
0.62007
0.62007
0.62007
0.62007
0.62007
0.62007
0.62007
0.62007
0.62007
0.62007
0.62007
0.62007
0.62007
0.62007
0.62007
0.62007
0.62007
0.62007
0.62007
0.62007
0.62007
0.62007
0.620072
0.620224
0.625397
0.696814
0.901178
1.18536
1.30648
1.34392
1.34655
1.34237
1.33944
1.33831
1.33831
1.33707
1.33515
1.33327
1.33179
1.3308
1.33003
1.32852
1.32686
1.3252
1.32361
1.32214
1.32081
1.31949
1.31803
1.31655
1.31507
1.31358
1.31221
1.31077
0.62007
0.62007
0.62007
0.62007
0.62007
0.62007
0.62007
0.62007
0.62007
0.62007
0.62007
0.62007
0.62007
0.62007
0.62007
0.62007
0.62007
0.62007
0.62007
0.62007
0.62007
0.62007
0.62007
0.62007
0.62007
0.62007
0.62007
0.62007
0.62007
0.62007
0.62007
0.62007
0.62007
0.62007
0.62007
0.62007
0.62007
0.62007
0.62008
0.620893
0.636291
0.747478
1.00453
1.22326
1.33752
1.3418
1.33652
1.33638
1.3387
1.33803
1.33609
1.33378
1.33205
1.33077
1.32998
1.32843
1.32658
1.32471
1.32308
1.32163
1.32029
1.31883
1.31731
1.31586
1.31436
1.31293
1.31157
1.31004
0.62007
0.62007
0.62007
0.62007
0.62007
0.62007
0.62007
0.62007
0.62007
0.62007
0.62007
0.62007
0.62007
0.62007
0.62007
0.62007
0.62007
0.62007
0.62007
0.62007
0.62007
0.62007
0.62007
0.62007
0.62007
0.62007
0.62007
0.62007
0.62007
0.62007
0.62007
0.62007
0.62007
0.62007
0.62007
0.62007
0.62007
0.62007
0.62007
0.620071
0.620125
0.62238
0.659719
0.804386
1.0854
1.25326
1.32464
1.34415
1.34361
1.34121
1.33719
1.33333
1.33065
1.32928
1.32834
1.32684
1.325
1.32307
1.32153
1.32028
1.3191
1.31766
1.31625
1.31488
1.31347
1.31215
1.31084
1.30938
0.62007
0.62007
0.62007
0.62007
0.62007
0.62007
0.62007
0.62007
0.62007
0.62007
0.62007
0.62007
0.62007
0.62007
0.62007
0.62007
0.62007
0.62007
0.62007
0.62007
0.62007
0.62007
0.62007
0.62007
0.62007
0.62007
0.62007
0.62007
0.62007
0.62007
0.62007
0.62007
0.62007
0.62007
0.62007
0.62007
0.62007
0.62007
0.62007
0.62007
0.62007
0.620073
0.620309
0.625704
0.685409
0.875545
1.12466
1.28867
1.3159
1.32767
1.33098
1.32979
1.32706
1.32623
1.32605
1.32512
1.32348
1.32179
1.32042
1.31944
1.31853
1.31726
1.31595
1.3146
1.31318
1.31192
1.31066
1.30937
0.62007
0.62007
0.62007
0.62007
0.62007
0.62007
0.62007
0.62007
0.62007
0.62007
0.62007
0.62007
0.62007
0.62007
0.62007
0.62007
0.62007
0.62007
0.62007
0.62007
0.62007
0.62007
0.62007
0.62007
0.62007
0.62007
0.62007
0.62007
0.62007
0.62007
0.62007
0.62007
0.62007
0.62007
0.62007
0.62007
0.62007
0.62007
0.62007
0.62007
0.62007
0.62007
0.62007
0.62008
0.620684
0.633058
0.711654
0.932948
1.14976
1.29742
1.33442
1.3319
1.32794
1.328
1.32869
1.32685
1.32448
1.32295
1.32154
1.32032
1.31905
1.31767
1.31642
1.31505
1.31356
1.31217
1.31087
1.30959
0.62007
0.62007
0.62007
0.62007
0.62007
0.62007
0.62007
0.62007
0.62007
0.62007
0.62007
0.62007
0.62007
0.62007
0.62007
0.62007
0.62007
0.62007
0.62007
0.62007
0.62007
0.62007
0.62007
0.62007
0.62007
0.62007
0.62007
0.62007
0.62007
0.62007
0.62007
0.62007
0.62007
0.62007
0.62007
0.62007
0.62007
0.62007
0.62007
0.62007
0.62007
0.62007
0.62007
0.62007
0.620071
0.620107
0.62128
0.641216
0.742866
0.964806
1.1894
1.2794
1.32645
1.33471
1.33467
1.3289
1.32411
1.3222
1.32131
1.31981
1.31815
1.31648
1.31523
1.31394
1.31257
1.31114
1.30987
1.30856
0.62007
0.62007
0.62007
0.62007
0.62007
0.62007
0.62007
0.62007
0.62007
0.62007
0.62007
0.62007
0.62007
0.62007
0.62007
0.62007
0.62007
0.62007
0.62007
0.62007
0.62007
0.62007
0.62007
0.62007
0.62007
0.62007
0.62007
0.62007
0.62007
0.62007
0.62007
0.62007
0.62007
0.62007
0.62007
0.62007
0.62007
0.62007
0.62007
0.62007
0.62007
0.62007
0.62007
0.62007
0.62007
0.62007
0.620071
0.620155
0.622345
0.647549
0.771949
0.980702
1.2097
1.28293
1.314
1.31799
1.31622
1.31526
1.3167
1.3174
1.31581
1.31404
1.31275
1.31169
1.31081
1.30953
1.30845
1.30715
0.62007
0.62007
0.62007
0.62007
0.62007
0.62007
0.62007
0.62007
0.62007
0.62007
0.62007
0.62007
0.62007
0.62007
0.62007
0.62007
0.62007
0.62007
0.62007
0.62007
0.62007
0.62007
0.62007
0.62007
0.62007
0.62007
0.62007
0.62007
0.62007
0.62007
0.62007
0.62007
0.62007
0.62007
0.62007
0.62007
0.62007
0.62007
0.62007
0.62007
0.62007
0.62007
0.62007
0.62007
0.62007
0.62007
0.62007
0.62007
0.620073
0.620203
0.623613
0.654761
0.783762
1.0062
1.19231
1.3093
1.31721
1.31558
1.31662
1.31856
1.31686
1.31407
1.3122
1.31103
1.31067
1.30957
1.30843
1.30716
0.62007
0.62007
0.62007
0.62007
0.62007
0.62007
0.62007
0.62007
0.62007
0.62007
0.62007
0.62007
0.62007
0.62007
0.62007
0.62007
0.62007
0.62007
0.62007
0.62007
0.62007
0.62007
0.62007
0.62007
0.62007
0.62007
0.62007
0.62007
0.62007
0.62007
0.62007
0.62007
0.62007
0.62007
0.62007
0.62007
0.62007
0.62007
0.62007
0.62007
0.62007
0.62007
0.62007
0.62007
0.62007
0.62007
0.62007
0.62007
0.62007
0.62007
0.620075
0.620272
0.62411
0.663397
0.786513
1.02287
1.18596
1.28107
1.32126
1.32728
1.32383
1.31967
1.31817
1.31585
1.31377
1.31239
1.31121
1.30992
0.62007
0.62007
0.62007
0.62007
0.62007
0.62007
0.62007
0.62007
0.62007
0.62007
0.62007
0.62007
0.62007
0.62007
0.62007
0.62007
0.62007
0.62007
0.62007
0.62007
0.62007
0.62007
0.62007
0.62007
0.62007
0.62007
0.62007
0.62007
0.62007
0.62007
0.62007
0.62007
0.62007
0.62007
0.62007
0.62007
0.62007
0.62007
0.62007
0.62007
0.62007
0.62007
0.62007
0.62007
0.62007
0.62007
0.62007
0.62007
0.62007
0.62007
0.62007
0.62007
0.620077
0.620354
0.624607
0.663389
0.792751
1.00077
1.2002
1.26685
1.29667
1.311
1.31666
1.31584
1.312
1.31073
1.31039
1.30871
0.62007
0.62007
0.62007
0.62007
0.62007
0.62007
0.62007
0.62007
0.62007
0.62007
0.62007
0.62007
0.62007
0.62007
0.62007
0.62007
0.62007
0.62007
0.62007
0.62007
0.62007
0.62007
0.62007
0.62007
0.62007
0.62007
0.62007
0.62007
0.62007
0.62007
0.62007
0.62007
0.62007
0.62007
0.62007
0.62007
0.62007
0.62007
0.62007
0.62007
0.62007
0.62007
0.62007
0.62007
0.62007
0.62007
0.62007
0.62007
0.62007
0.62007
0.62007
0.62007
0.62007
0.62007
0.620077
0.620359
0.625095
0.659699
0.788273
0.976679
1.18421
1.27208
1.29278
1.30276
1.30363
1.30286
1.30295
1.3017
0.62007
0.62007
0.62007
0.62007
0.62007
0.62007
0.62007
0.62007
0.62007
0.62007
0.62007
0.62007
0.62007
0.62007
0.62007
0.62007
0.62007
0.62007
0.62007
0.62007
0.62007
0.62007
0.62007
0.62007
0.62007
0.62007
0.62007
0.62007
0.62007
0.62007
0.62007
0.62007
0.62007
0.62007
0.62007
0.62007
0.62007
0.62007
0.62007
0.62007
0.62007
0.62007
0.62007
0.62007
0.62007
0.62007
0.62007
0.62007
0.62007
0.62007
0.62007
0.62007
0.62007
0.62007
0.62007
0.62007
0.620078
0.620323
0.624609
0.65481
0.767753
0.96883
1.13479
1.27364
1.30779
1.30697
1.30573
1.30258
0.62007
0.62007
0.62007
0.62007
0.62007
0.62007
0.62007
0.62007
0.62007
0.62007
0.62007
0.62007
0.62007
0.62007
0.62007
0.62007
0.62007
0.62007
0.62007
0.62007
0.62007
0.62007
0.62007
0.62007
0.62007
0.62007
0.62007
0.62007
0.62007
0.62007
0.62007
0.62007
0.62007
0.62007
0.62007
0.62007
0.62007
0.62007
0.62007
0.62007
0.62007
0.62007
0.62007
0.62007
0.62007
0.62007
0.62007
0.62007
0.62007
0.62007
0.62007
0.62007
0.62007
0.62007
0.62007
0.62007
0.62007
0.62007
0.620077
0.620269
0.623404
0.651661
0.743638
0.938155
1.11675
1.23737
1.29325
1.31083
0.62007
0.62007
0.62007
0.62007
0.62007
0.62007
0.62007
0.62007
0.62007
0.62007
0.62007
0.62007
0.62007
0.62007
0.62007
0.62007
0.62007
0.62007
0.62007
0.62007
0.62007
0.62007
0.62007
0.62007
0.62007
0.62007
0.62007
0.62007
0.62007
0.62007
0.62007
0.62007
0.62007
0.62007
0.62007
0.62007
0.62007
0.62007
0.62007
0.62007
0.62007
0.62007
0.62007
0.62007
0.62007
0.62007
0.62007
0.62007
0.62007
0.62007
0.62007
0.62007
0.62007
0.62007
0.62007
0.62007
0.62007
0.62007
0.62007
0.62007
0.620075
0.620229
0.622488
0.642382
0.726052
0.895506
1.0799
1.22138
0.62007
0.62007
0.62007
0.62007
0.62007
0.62007
0.62007
0.62007
0.62007
0.62007
0.62007
0.62007
0.62007
0.62007
0.62007
0.62007
0.62007
0.62007
0.62007
0.62007
0.62007
0.62007
0.62007
0.62007
0.62007
0.62007
0.62007
0.62007
0.62007
0.62007
0.62007
0.62007
0.62007
0.62007
0.62007
0.62007
0.62007
0.62007
0.62007
0.62007
0.62007
0.62007
0.62007
0.62007
0.62007
0.62007
0.62007
0.62007
0.62007
0.62007
0.62007
0.62007
0.62007
0.62007
0.62007
0.62007
0.62007
0.62007
0.62007
0.62007
0.62007
0.620071
0.620075
0.620167
0.62185
0.635399
0.706147
0.832057
0.62007
0.62007
0.62007
0.62007
0.62007
0.62007
0.62007
0.62007
0.62007
0.62007
0.62007
0.62007
0.62007
0.62007
0.62007
0.62007
0.62007
0.62007
0.62007
0.62007
0.62007
0.62007
0.62007
0.62007
0.62007
0.62007
0.62007
0.62007
0.62007
0.62007
0.62007
0.62007
0.62007
0.62007
0.62007
0.62007
0.62007
0.62007
0.62007
0.62007
0.62007
0.62007
0.62007
0.62007
0.62007
0.62007
0.62007
0.62007
0.62007
0.62007
0.62007
0.62007
0.62007
0.62007
0.62007
0.62007
0.62007
0.62007
0.62007
0.62007
0.62007
0.620071
0.620073
0.62008
0.620121
0.620259
0.623197
0.617746
0.62007
0.62007
0.62007
0.62007
0.62007
0.62007
0.62007
0.62007
0.62007
0.62007
0.62007
0.62007
0.62007
0.62007
0.62007
0.62007
0.62007
0.62007
0.62007
0.62007
0.62007
0.62007
0.62007
0.62007
0.62007
0.62007
0.62007
0.62007
0.62007
0.62007
0.62007
0.62007
0.62007
0.62007
0.62007
0.62007
0.62007
0.62007
0.62007
0.62007
0.62007
0.62007
0.62007
0.62007
0.62007
0.62007
0.62007
0.62007
0.62007
0.62007
0.62007
0.62007
0.62007
0.62007
0.62007
0.62007
0.62007
0.62007
0.62007
0.62007
0.62007
0.620071
0.620073
0.620082
0.620111
0.620232
0.620692
0.622084
0.62007
0.62007
0.62007
0.62007
0.62007
0.62007
0.62007
0.62007
0.62007
0.62007
0.62007
0.62007
0.62007
0.62007
0.62007
0.62007
0.62007
0.62007
0.62007
0.62007
0.62007
0.62007
0.62007
0.62007
0.62007
0.62007
0.62007
0.62007
0.62007
0.62007
0.62007
0.62007
0.62007
0.62007
0.62007
0.62007
0.62007
0.62007
0.62007
0.62007
0.62007
0.62007
0.62007
0.62007
0.62007
0.62007
0.62007
0.62007
0.62007
0.62007
0.62007
0.62007
0.62007
0.62007
0.62007
0.62007
0.62007
0.62007
0.62007
0.62007
0.62007
0.620071
0.620073
0.620082
0.620111
0.620236
0.620689
0.62229
0.62007
0.62007
0.62007
0.62007
0.62007
0.62007
0.62007
0.62007
0.62007
0.62007
0.62007
0.62007
0.62007
0.62007
0.62007
0.62007
0.62007
0.62007
0.62007
0.62007
0.62007
0.62007
0.62007
0.62007
0.62007
0.62007
0.62007
0.62007
0.62007
0.62007
0.62007
0.62007
0.62007
0.62007
0.62007
0.62007
0.62007
0.62007
0.62007
0.62007
0.62007
0.62007
0.62007
0.62007
0.62007
0.62007
0.62007
0.62007
0.62007
0.62007
0.62007
0.62007
0.62007
0.62007
0.62007
0.62007
0.62007
0.62007
0.62007
0.62007
0.62007
0.620071
0.620073
0.620082
0.620113
0.620234
0.620698
0.62227
0.62007
0.62007
0.62007
0.62007
0.62007
0.62007
0.62007
0.62007
0.62007
0.62007
0.62007
0.62007
0.62007
0.62007
0.62007
0.62007
0.62007
0.62007
0.62007
0.62007
0.62007
0.62007
0.62007
0.62007
0.62007
0.62007
0.62007
0.62007
0.62007
0.62007
0.62007
0.62007
0.62007
0.62007
0.62007
0.62007
0.62007
0.62007
0.62007
0.62007
0.62007
0.62007
0.62007
0.62007
0.62007
0.62007
0.62007
0.62007
0.62007
0.62007
0.62007
0.62007
0.62007
0.62007
0.62007
0.62007
0.62007
0.62007
0.62007
0.62007
0.62007
0.620071
0.620073
0.620081
0.620113
0.620233
0.620698
0.622275
0.62007
0.62007
0.62007
0.62007
0.62007
0.62007
0.62007
0.62007
0.62007
0.62007
0.62007
0.62007
0.62007
0.62007
0.62007
0.62007
0.62007
0.62007
0.62007
0.62007
0.62007
0.62007
0.62007
0.62007
0.62007
0.62007
0.62007
0.62007
0.62007
0.62007
0.62007
0.62007
0.62007
0.62007
0.62007
0.62007
0.62007
0.62007
0.62007
0.62007
0.62007
0.62007
0.62007
0.62007
0.62007
0.62007
0.62007
0.62007
0.62007
0.62007
0.62007
0.62007
0.62007
0.62007
0.62007
0.62007
0.62007
0.62007
0.62007
0.62007
0.62007
0.620071
0.620073
0.620081
0.620113
0.620233
0.620695
0.622286
0.62007
0.62007
0.62007
0.62007
0.62007
0.62007
0.62007
0.62007
0.62007
0.62007
0.62007
0.62007
0.62007
0.62007
0.62007
0.62007
0.62007
0.62007
0.62007
0.62007
0.62007
0.62007
0.62007
0.62007
0.62007
0.62007
0.62007
0.62007
0.62007
0.62007
0.62007
0.62007
0.62007
0.62007
0.62007
0.62007
0.62007
0.62007
0.62007
0.62007
0.62007
0.62007
0.62007
0.62007
0.62007
0.62007
0.62007
0.62007
0.62007
0.62007
0.62007
0.62007
0.62007
0.62007
0.62007
0.62007
0.62007
0.62007
0.62007
0.62007
0.62007
0.620071
0.620073
0.620081
0.620113
0.620233
0.620694
0.62229
0.62007
0.62007
0.62007
0.62007
0.62007
0.62007
0.62007
0.62007
0.62007
0.62007
0.62007
0.62007
0.62007
0.62007
0.62007
0.62007
0.62007
0.62007
0.62007
0.62007
0.62007
0.62007
0.62007
0.62007
0.62007
0.62007
0.62007
0.62007
0.62007
0.62007
0.62007
0.62007
0.62007
0.62007
0.62007
0.62007
0.62007
0.62007
0.62007
0.62007
0.62007
0.62007
0.62007
0.62007
0.62007
0.62007
0.62007
0.62007
0.62007
0.62007
0.62007
0.62007
0.62007
0.62007
0.62007
0.62007
0.62007
0.62007
0.62007
0.62007
0.62007
0.620071
0.620073
0.620081
0.620113
0.620233
0.620694
0.62229
0.62007
0.62007
0.62007
0.62007
0.62007
0.62007
0.62007
0.62007
0.62007
0.62007
0.62007
0.62007
0.62007
0.62007
0.62007
0.62007
0.62007
0.62007
0.62007
0.62007
0.62007
0.62007
0.62007
0.62007
0.62007
0.62007
0.62007
0.62007
0.62007
0.62007
0.62007
0.62007
0.62007
0.62007
0.62007
0.62007
0.62007
0.62007
0.62007
0.62007
0.62007
0.62007
0.62007
0.62007
0.62007
0.62007
0.62007
0.62007
0.62007
0.62007
0.62007
0.62007
0.62007
0.62007
0.62007
0.62007
0.62007
0.62007
0.62007
0.62007
0.62007
0.620071
0.620073
0.620081
0.620113
0.620233
0.620694
0.62229
0.62007
0.62007
0.62007
0.62007
0.62007
0.62007
0.62007
0.62007
0.62007
0.62007
0.62007
0.62007
0.62007
0.62007
0.62007
0.62007
0.62007
0.62007
0.62007
0.62007
0.62007
0.62007
0.62007
0.62007
0.62007
0.62007
0.62007
0.62007
0.62007
0.62007
0.62007
0.62007
0.62007
0.62007
0.62007
0.62007
0.62007
0.62007
0.62007
0.62007
0.62007
0.62007
0.62007
0.62007
0.62007
0.62007
0.62007
0.62007
0.62007
0.62007
0.62007
0.62007
0.62007
0.62007
0.62007
0.62007
0.62007
0.62007
0.62007
0.62007
0.62007
0.620071
0.620073
0.620081
0.620113
0.620233
0.620694
0.62229
0.62007
0.62007
0.62007
0.62007
0.62007
0.62007
0.62007
0.62007
0.62007
0.62007
0.62007
0.62007
0.62007
0.62007
0.62007
0.62007
0.62007
0.62007
0.62007
0.62007
0.62007
0.62007
0.62007
0.62007
0.62007
0.62007
0.62007
0.62007
0.62007
0.62007
0.62007
0.62007
0.62007
0.62007
0.62007
0.62007
0.62007
0.62007
0.62007
0.62007
0.62007
0.62007
0.62007
0.62007
0.62007
0.62007
0.62007
0.62007
0.62007
0.62007
0.62007
0.62007
0.62007
0.62007
0.62007
0.62007
0.62007
0.62007
0.62007
0.62007
0.62007
0.620071
0.620073
0.620081
0.620113
0.620233
0.620694
0.62229
0.62007
0.62007
0.62007
0.62007
0.62007
0.62007
0.62007
0.62007
0.62007
0.62007
0.62007
0.62007
0.62007
0.62007
0.62007
0.62007
0.62007
0.62007
0.62007
0.62007
0.62007
0.62007
0.62007
0.62007
0.62007
0.62007
0.62007
0.62007
0.62007
0.62007
0.62007
0.62007
0.62007
0.62007
0.62007
0.62007
0.62007
0.62007
0.62007
0.62007
0.62007
0.62007
0.62007
0.62007
0.62007
0.62007
0.62007
0.62007
0.62007
0.62007
0.62007
0.62007
0.62007
0.62007
0.62007
0.62007
0.62007
0.62007
0.62007
0.62007
0.62007
0.620071
0.620073
0.620081
0.620113
0.620233
0.620694
0.62229
0.62007
0.62007
0.62007
0.62007
0.62007
0.62007
0.62007
0.62007
0.62007
0.62007
0.62007
0.62007
0.62007
0.62007
0.62007
0.62007
0.62007
0.62007
0.62007
0.62007
0.62007
0.62007
0.62007
0.62007
0.62007
0.62007
0.62007
0.62007
0.62007
0.62007
0.62007
0.62007
0.62007
0.62007
0.62007
0.62007
0.62007
0.62007
0.62007
0.62007
0.62007
0.62007
0.62007
0.62007
0.62007
0.62007
0.62007
0.62007
0.62007
0.62007
0.62007
0.62007
0.62007
0.62007
0.62007
0.62007
0.62007
0.62007
0.62007
0.62007
0.62007
0.620071
0.620073
0.620081
0.620113
0.620233
0.620694
0.62229
0.62007
0.62007
0.62007
0.62007
0.62007
0.62007
0.62007
0.62007
0.62007
0.62007
0.62007
0.62007
0.62007
0.62007
0.62007
0.62007
0.62007
0.62007
0.62007
0.62007
0.62007
0.62007
0.62007
0.62007
0.62007
0.62007
0.62007
0.62007
0.62007
0.62007
0.62007
0.62007
0.62007
0.62007
0.62007
0.62007
0.62007
0.62007
0.62007
0.62007
0.62007
0.62007
0.62007
0.62007
0.62007
0.62007
0.62007
0.62007
0.62007
0.62007
0.62007
0.62007
0.62007
0.62007
0.62007
0.62007
0.62007
0.62007
0.62007
0.62007
0.62007
0.620071
0.620073
0.620081
0.620113
0.620233
0.620694
0.62229
0.62007
0.62007
0.62007
0.62007
0.62007
0.62007
0.62007
0.62007
0.62007
0.62007
0.62007
0.62007
0.62007
0.62007
0.62007
0.62007
0.62007
0.62007
0.62007
0.62007
0.62007
0.62007
0.62007
0.62007
0.62007
0.62007
0.62007
0.62007
0.62007
0.62007
0.62007
0.62007
0.62007
0.62007
0.62007
0.62007
0.62007
0.62007
0.62007
0.62007
0.62007
0.62007
0.62007
0.62007
0.62007
0.62007
0.62007
0.62007
0.62007
0.62007
0.62007
0.62007
0.62007
0.62007
0.62007
0.62007
0.62007
0.62007
0.62007
0.62007
0.62007
0.620071
0.620073
0.620081
0.620113
0.620233
0.620694
0.62229
0.62007
0.62007
0.62007
0.62007
0.62007
0.62007
0.62007
0.62007
0.62007
0.62007
0.62007
0.62007
0.62007
0.62007
0.62007
0.62007
0.62007
0.62007
0.62007
0.62007
0.62007
0.62007
0.62007
0.62007
0.62007
0.62007
0.62007
0.62007
0.62007
0.62007
0.62007
0.62007
0.62007
0.62007
0.62007
0.62007
0.62007
0.62007
0.62007
0.62007
0.62007
0.62007
0.62007
0.62007
0.62007
0.62007
0.62007
0.62007
0.62007
0.62007
0.62007
0.62007
0.62007
0.62007
0.62007
0.62007
0.62007
0.62007
0.62007
0.62007
0.62007
0.620071
0.620073
0.620081
0.620113
0.620233
0.620694
0.62229
0.62007
0.62007
0.62007
0.62007
0.62007
0.62007
0.62007
0.62007
0.62007
0.62007
0.62007
0.62007
0.62007
0.62007
0.62007
0.62007
0.62007
0.62007
0.62007
0.62007
0.62007
0.62007
0.62007
0.62007
0.62007
0.62007
0.62007
0.62007
0.62007
0.62007
0.62007
0.62007
0.62007
0.62007
0.62007
0.62007
0.62007
0.62007
0.62007
0.62007
0.62007
0.62007
0.62007
0.62007
0.62007
0.62007
0.62007
0.62007
0.62007
0.62007
0.62007
0.62007
0.62007
0.62007
0.62007
0.62007
0.62007
0.62007
0.62007
0.62007
0.62007
0.620071
0.620073
0.620081
0.620113
0.620233
0.620694
0.62229
0.62007
0.62007
0.62007
0.62007
0.62007
0.62007
0.62007
0.62007
0.62007
0.62007
0.62007
0.62007
0.62007
0.62007
0.62007
0.62007
0.62007
0.62007
0.62007
0.62007
0.62007
0.62007
0.62007
0.62007
0.62007
0.62007
0.62007
0.62007
0.62007
0.62007
0.62007
0.62007
0.62007
0.62007
0.62007
0.62007
0.62007
0.62007
0.62007
0.62007
0.62007
0.62007
0.62007
0.62007
0.62007
0.62007
0.62007
0.62007
0.62007
0.62007
0.62007
0.62007
0.62007
0.62007
0.62007
0.62007
0.62007
0.62007
0.62007
0.62007
0.62007
0.620071
0.620073
0.620081
0.620113
0.620233
0.620694
0.62229
0.62007
0.62007
0.62007
0.62007
0.62007
0.62007
0.62007
0.62007
0.62007
0.62007
0.62007
0.62007
0.62007
0.62007
0.62007
0.62007
0.62007
0.62007
0.62007
0.62007
0.62007
0.62007
0.62007
0.62007
0.62007
0.62007
0.62007
0.62007
0.62007
0.62007
0.62007
0.62007
0.62007
0.62007
0.62007
0.62007
0.62007
0.62007
0.62007
0.62007
0.62007
0.62007
0.62007
0.62007
0.62007
0.62007
0.62007
0.62007
0.62007
0.62007
0.62007
0.62007
0.62007
0.62007
0.62007
0.62007
0.62007
0.62007
0.62007
0.62007
0.62007
0.620071
0.620073
0.620081
0.620113
0.620233
0.620694
0.62229
0.62007
0.62007
0.62007
0.62007
0.62007
0.62007
0.62007
0.62007
0.62007
0.62007
0.62007
0.62007
0.62007
0.62007
0.62007
0.62007
0.62007
0.62007
0.62007
0.62007
0.62007
0.62007
0.62007
0.62007
0.62007
0.62007
0.62007
0.62007
0.62007
0.62007
0.62007
0.62007
0.62007
0.62007
0.62007
0.62007
0.62007
0.62007
0.62007
0.62007
0.62007
0.62007
0.62007
0.62007
0.62007
0.62007
0.62007
0.62007
0.62007
0.62007
0.62007
0.62007
0.62007
0.62007
0.62007
0.62007
0.62007
0.62007
0.62007
0.62007
0.62007
0.620071
0.620073
0.620081
0.620113
0.620233
0.620694
0.62229
0.62007
0.62007
0.62007
0.62007
0.62007
0.62007
0.62007
0.62007
0.62007
0.62007
0.62007
0.62007
0.62007
0.62007
0.62007
0.62007
0.62007
0.62007
0.62007
0.62007
0.62007
0.62007
0.62007
0.62007
0.62007
0.62007
0.62007
0.62007
0.62007
0.62007
0.62007
0.62007
0.62007
0.62007
0.62007
0.62007
0.62007
0.62007
0.62007
0.62007
0.62007
0.62007
0.62007
0.62007
0.62007
0.62007
0.62007
0.62007
0.62007
0.62007
0.62007
0.62007
0.62007
0.62007
0.62007
0.62007
0.62007
0.62007
0.62007
0.62007
0.62007
0.620071
0.620073
0.620081
0.620113
0.620233
0.620694
0.62229
0.62007
0.62007
0.62007
0.62007
0.62007
0.62007
0.62007
0.62007
0.62007
0.62007
0.62007
0.62007
0.62007
0.62007
0.62007
0.62007
0.62007
0.62007
0.62007
0.62007
0.62007
0.62007
0.62007
0.62007
0.62007
0.62007
0.62007
0.62007
0.62007
0.62007
0.62007
0.62007
0.62007
0.62007
0.62007
0.62007
0.62007
0.62007
0.62007
0.62007
0.62007
0.62007
0.62007
0.62007
0.62007
0.62007
0.62007
0.62007
0.62007
0.62007
0.62007
0.62007
0.62007
0.62007
0.62007
0.62007
0.62007
0.62007
0.62007
0.62007
0.62007
0.620071
0.620073
0.620081
0.620113
0.620233
0.620694
0.62229
0.62007
0.62007
0.62007
0.62007
0.62007
0.62007
0.62007
0.62007
0.62007
0.62007
0.62007
0.62007
0.62007
0.62007
0.62007
0.62007
0.62007
0.62007
0.62007
0.62007
0.62007
0.62007
0.62007
0.62007
0.62007
0.62007
0.62007
0.62007
0.62007
0.62007
0.62007
0.62007
0.62007
0.62007
0.62007
0.62007
0.62007
0.62007
0.62007
0.62007
0.62007
0.62007
0.62007
0.62007
0.62007
0.62007
0.62007
0.62007
0.62007
0.62007
0.62007
0.62007
0.62007
0.62007
0.62007
0.62007
0.62007
0.62007
0.62007
0.62007
0.62007
0.620071
0.620073
0.620081
0.620113
0.620233
0.620694
0.62229
0.62007
0.62007
0.62007
0.62007
0.62007
0.62007
0.62007
0.62007
0.62007
0.62007
0.62007
0.62007
0.62007
0.62007
0.62007
0.62007
0.62007
0.62007
0.62007
0.62007
0.62007
0.62007
0.62007
0.62007
0.62007
0.62007
0.62007
0.62007
0.62007
0.62007
0.62007
0.62007
0.62007
0.62007
0.62007
0.62007
0.62007
0.62007
0.62007
0.62007
0.62007
0.62007
0.62007
0.62007
0.62007
0.62007
0.62007
0.62007
0.62007
0.62007
0.62007
0.62007
0.62007
0.62007
0.62007
0.62007
0.62007
0.62007
0.62007
0.62007
0.62007
0.620071
0.620073
0.620081
0.620113
0.620233
0.620694
0.62229
0.62007
0.62007
0.62007
0.62007
0.62007
0.62007
0.62007
0.62007
0.62007
0.62007
0.62007
0.62007
0.62007
0.62007
0.62007
0.62007
0.62007
0.62007
0.62007
0.62007
0.62007
0.62007
0.62007
0.62007
0.62007
0.62007
0.62007
0.62007
0.62007
0.62007
0.62007
0.62007
0.62007
0.62007
0.62007
0.62007
0.62007
0.62007
0.62007
0.62007
0.62007
0.62007
0.62007
0.62007
0.62007
0.62007
0.62007
0.62007
0.62007
0.62007
0.62007
0.62007
0.62007
0.62007
0.62007
0.62007
0.62007
0.62007
0.62007
0.62007
0.62007
0.620071
0.620073
0.620081
0.620113
0.620233
0.620694
0.62229
0.62007
0.62007
0.62007
0.62007
0.62007
0.62007
0.62007
0.62007
0.62007
0.62007
0.62007
0.62007
0.62007
0.62007
0.62007
0.62007
0.62007
0.62007
0.62007
0.62007
0.62007
0.62007
0.62007
0.62007
0.62007
0.62007
0.62007
0.62007
0.62007
0.62007
0.62007
0.62007
0.62007
0.62007
0.62007
0.62007
0.62007
0.62007
0.62007
0.62007
0.62007
0.62007
0.62007
0.62007
0.62007
0.62007
0.62007
0.62007
0.62007
0.62007
0.62007
0.62007
0.62007
0.62007
0.62007
0.62007
0.62007
0.62007
0.62007
0.62007
0.62007
0.620071
0.620073
0.620081
0.620113
0.620233
0.620694
0.62229
0.62007
0.62007
0.62007
0.62007
0.62007
0.62007
0.62007
0.62007
0.62007
0.62007
0.62007
0.62007
0.62007
0.62007
0.62007
0.62007
0.62007
0.62007
0.62007
0.62007
0.62007
0.62007
0.62007
0.62007
0.62007
0.62007
0.62007
0.62007
0.62007
0.62007
0.62007
0.62007
0.62007
0.62007
0.62007
0.62007
0.62007
0.62007
0.62007
0.62007
0.62007
0.62007
0.62007
0.62007
0.62007
0.62007
0.62007
0.62007
0.62007
0.62007
0.62007
0.62007
0.62007
0.62007
0.62007
0.62007
0.62007
0.62007
0.62007
0.62007
0.62007
0.620071
0.620073
0.620081
0.620113
0.620233
0.620694
0.62229
0.62007
0.62007
0.62007
0.62007
0.62007
0.62007
0.62007
0.62007
0.62007
0.62007
0.62007
0.62007
0.62007
0.62007
0.62007
0.62007
0.62007
0.62007
0.62007
0.62007
0.62007
0.62007
0.62007
0.62007
0.62007
0.62007
0.62007
0.62007
0.62007
0.62007
0.62007
0.62007
0.62007
0.62007
0.62007
0.62007
0.62007
0.62007
0.62007
0.62007
0.62007
0.62007
0.62007
0.62007
0.62007
0.62007
0.62007
0.62007
0.62007
0.62007
0.62007
0.62007
0.62007
0.62007
0.62007
0.62007
0.62007
0.62007
0.62007
0.62007
0.62007
0.620071
0.620073
0.620081
0.620113
0.620233
0.620694
0.62229
0.62007
0.62007
0.62007
0.62007
0.62007
0.62007
0.62007
0.62007
0.62007
0.62007
0.62007
0.62007
0.62007
0.62007
0.62007
0.62007
0.62007
0.62007
0.62007
0.62007
0.62007
0.62007
0.62007
0.62007
0.62007
0.62007
0.62007
0.62007
0.62007
0.62007
0.62007
0.62007
0.62007
0.62007
0.62007
0.62007
0.62007
0.62007
0.62007
0.62007
0.62007
0.62007
0.62007
0.62007
0.62007
0.62007
0.62007
0.62007
0.62007
0.62007
0.62007
0.62007
0.62007
0.62007
0.62007
0.62007
0.62007
0.62007
0.62007
0.62007
0.62007
0.620071
0.620073
0.620081
0.620113
0.620233
0.620694
0.62229
0.62007
0.62007
0.62007
0.62007
0.62007
0.62007
0.62007
0.62007
0.62007
0.62007
0.62007
0.62007
0.62007
0.62007
0.62007
0.62007
0.62007
0.62007
0.62007
0.62007
0.62007
0.62007
0.62007
0.62007
0.62007
0.62007
0.62007
0.62007
0.62007
0.62007
0.62007
0.62007
0.62007
0.62007
0.62007
0.62007
0.62007
0.62007
0.62007
0.62007
0.62007
0.62007
0.62007
0.62007
0.62007
0.62007
0.62007
0.62007
0.62007
0.62007
0.62007
0.62007
0.62007
0.62007
0.62007
0.62007
0.62007
0.62007
0.62007
0.62007
0.62007
0.620071
0.620073
0.620081
0.620113
0.620233
0.620694
0.62229
0.62007
0.62007
0.62007
0.62007
0.62007
0.62007
0.62007
0.62007
0.62007
0.62007
0.62007
0.62007
0.62007
0.62007
0.62007
0.62007
0.62007
0.62007
0.62007
0.62007
0.62007
0.62007
0.62007
0.62007
0.62007
0.62007
0.62007
0.62007
0.62007
0.62007
0.62007
0.62007
0.62007
0.62007
0.62007
0.62007
0.62007
0.62007
0.62007
0.62007
0.62007
0.62007
0.62007
0.62007
0.62007
0.62007
0.62007
0.62007
0.62007
0.62007
0.62007
0.62007
0.62007
0.62007
0.62007
0.62007
0.62007
0.62007
0.62007
0.62007
0.62007
0.620071
0.620073
0.620081
0.620113
0.620233
0.620694
0.62229
0.62007
0.62007
0.62007
0.62007
0.62007
0.62007
0.62007
0.62007
0.62007
0.62007
0.62007
0.62007
0.62007
0.62007
0.62007
0.62007
0.62007
0.62007
0.62007
0.62007
0.62007
0.62007
0.62007
0.62007
0.62007
0.62007
0.62007
0.62007
0.62007
0.62007
0.62007
0.62007
0.62007
0.62007
0.62007
0.62007
0.62007
0.62007
0.62007
0.62007
0.62007
0.62007
0.62007
0.62007
0.62007
0.62007
0.62007
0.62007
0.62007
0.62007
0.62007
0.62007
0.62007
0.62007
0.62007
0.62007
0.62007
0.62007
0.62007
0.62007
0.62007
0.620071
0.620073
0.620081
0.620113
0.620233
0.620694
0.62229
0.62007
0.62007
0.62007
0.62007
0.62007
0.62007
0.62007
0.62007
0.62007
0.62007
0.62007
0.62007
0.62007
0.62007
0.62007
0.62007
0.62007
0.62007
0.62007
0.62007
0.62007
0.62007
0.62007
0.62007
0.62007
0.62007
0.62007
0.62007
0.62007
0.62007
0.62007
0.62007
0.62007
0.62007
0.62007
0.62007
0.62007
0.62007
0.62007
0.62007
0.62007
0.62007
0.62007
0.62007
0.62007
0.62007
0.62007
0.62007
0.62007
0.62007
0.62007
0.62007
0.62007
0.62007
0.62007
0.62007
0.62007
0.62007
0.62007
0.62007
0.62007
0.620071
0.620073
0.620081
0.620113
0.620233
0.620694
0.62229
0.62007
0.62007
0.62007
0.62007
0.62007
0.62007
0.62007
0.62007
0.62007
0.62007
0.62007
0.62007
0.62007
0.62007
0.62007
0.62007
0.62007
0.62007
0.62007
0.62007
0.62007
0.62007
0.62007
0.62007
0.62007
0.62007
0.62007
0.62007
0.62007
0.62007
0.62007
0.62007
0.62007
0.62007
0.62007
0.62007
0.62007
0.62007
0.62007
0.62007
0.62007
0.62007
0.62007
0.62007
0.62007
0.62007
0.62007
0.62007
0.62007
0.62007
0.62007
0.62007
0.62007
0.62007
0.62007
0.62007
0.62007
0.62007
0.62007
0.62007
0.62007
0.620071
0.620073
0.620081
0.620113
0.620233
0.620694
0.62229
0.62007
0.62007
0.62007
0.62007
0.62007
0.62007
0.62007
0.62007
0.62007
0.62007
0.62007
0.62007
0.62007
0.62007
0.62007
0.62007
0.62007
0.62007
0.62007
0.62007
0.62007
0.62007
0.62007
0.62007
0.62007
0.62007
0.62007
0.62007
0.62007
0.62007
0.62007
0.62007
0.62007
0.62007
0.62007
0.62007
0.62007
0.62007
0.62007
0.62007
0.62007
0.62007
0.62007
0.62007
0.62007
0.62007
0.62007
0.62007
0.62007
0.62007
0.62007
0.62007
0.62007
0.62007
0.62007
0.62007
0.62007
0.62007
0.62007
0.62007
0.62007
0.620071
0.620073
0.620081
0.620113
0.620233
0.620694
0.62229
0.62007
0.62007
0.62007
0.62007
0.62007
0.62007
0.62007
0.62007
0.62007
0.62007
0.62007
0.62007
0.62007
0.62007
0.62007
0.62007
0.62007
0.62007
0.62007
0.62007
0.62007
0.62007
0.62007
0.62007
0.62007
0.62007
0.62007
0.62007
0.62007
0.62007
0.62007
0.62007
0.62007
0.62007
0.62007
0.62007
0.62007
0.62007
0.62007
0.62007
0.62007
0.62007
0.62007
0.62007
0.62007
0.62007
0.62007
0.62007
0.62007
0.62007
0.62007
0.62007
0.62007
0.62007
0.62007
0.62007
0.62007
0.62007
0.62007
0.62007
0.62007
0.620071
0.620073
0.620081
0.620113
0.620233
0.620694
0.62229
0.62007
0.62007
0.62007
0.62007
0.62007
0.62007
0.62007
0.62007
0.62007
0.62007
0.62007
0.62007
0.62007
0.62007
0.62007
0.62007
0.62007
0.62007
0.62007
0.62007
0.62007
0.62007
0.62007
0.62007
0.62007
0.62007
0.62007
0.62007
0.62007
0.62007
0.62007
0.62007
0.62007
0.62007
0.62007
0.62007
0.62007
0.62007
0.62007
0.62007
0.62007
0.62007
0.62007
0.62007
0.62007
0.62007
0.62007
0.62007
0.62007
0.62007
0.62007
0.62007
0.62007
0.62007
0.62007
0.62007
0.62007
0.62007
0.62007
0.62007
0.62007
0.620071
0.620073
0.620081
0.620113
0.620233
0.620694
0.62229
0.62007
0.62007
0.62007
0.62007
0.62007
0.62007
0.62007
0.62007
0.62007
0.62007
0.62007
0.62007
0.62007
0.62007
0.62007
0.62007
0.62007
0.62007
0.62007
0.62007
0.62007
0.62007
0.62007
0.62007
0.62007
0.62007
0.62007
0.62007
0.62007
0.62007
0.62007
0.62007
0.62007
0.62007
0.62007
0.62007
0.62007
0.62007
0.62007
0.62007
0.62007
0.62007
0.62007
0.62007
0.62007
0.62007
0.62007
0.62007
0.62007
0.62007
0.62007
0.62007
0.62007
0.62007
0.62007
0.62007
0.759785
0.471182
0.467354
0.487294
0.513019
0.528802
0.531498
0.530238
0.533201
0.540595
0.549794
0.559884
0.566689
0.564462
0.557243
0.552302
0.550811
0.548891
0.548257
0.536329
0.966961
0.692536
0.573635
0.526175
0.518008
0.526013
0.531719
0.533448
0.536334
0.543174
0.551854
0.561222
0.56737
0.56501
0.557685
0.552636
0.550999
0.549724
0.549005
0.536926
1.05644
0.796398
0.618531
0.553822
0.524296
0.526309
0.53498
0.538742
0.542245
0.548577
0.556788
0.565709
0.571454
0.568899
0.561395
0.556171
0.554256
0.552307
0.551383
0.539156
1.11606
0.890972
0.694293
0.598423
0.533596
0.531082
0.535629
0.542778
0.548102
0.554817
0.562519
0.570481
0.57596
0.573408
0.565773
0.560342
0.558135
0.556345
0.555439
0.543018
1.16044
0.962792
0.771536
0.640626
0.556741
0.537826
0.538064
0.543644
0.551534
0.559203
0.566549
0.573896
0.580101
0.578081
0.570774
0.565247
0.562942
0.561035
0.560104
0.547606
1.19355
1.01914
0.842213
0.696873
0.601696
0.553763
0.53919
0.543195
0.55257
0.561389
0.568314
0.57521
0.582338
0.581192
0.574481
0.568929
0.566642
0.56496
0.564143
0.551689
1.21849
1.0653
0.904204
0.753598
0.648612
0.572566
0.542569
0.545524
0.554046
0.562859
0.569308
0.575997
0.583651
0.583507
0.577415
0.571881
0.569677
0.568038
0.567142
0.554755
1.23744
1.10391
0.956429
0.807989
0.697994
0.607803
0.558319
0.550584
0.555186
0.562992
0.570151
0.577008
0.584145
0.58495
0.579376
0.573945
0.571766
0.570183
0.569237
0.556896
1.25188
1.13653
1.0007
0.859046
0.744167
0.651373
0.577061
0.557082
0.556572
0.562726
0.570995
0.577851
0.584304
0.585975
0.580887
0.57555
0.573369
0.571859
0.570909
0.558552
1.26349
1.1629
1.04059
0.904023
0.790622
0.692386
0.610507
0.572389
0.559615
0.564169
0.572343
0.57846
0.584141
0.586411
0.58201
0.576829
0.574645
0.573066
0.57213
0.559813
1.27277
1.18543
1.07529
0.94317
0.836888
0.727332
0.652178
0.586759
0.564774
0.567373
0.57373
0.578846
0.584066
0.586754
0.58302
0.577894
0.57572
0.573846
0.572847
0.560624
1.28006
1.20509
1.10471
0.980026
0.876609
0.766029
0.689483
0.609463
0.580886
0.571144
0.573936
0.579017
0.584534
0.587574
0.584047
0.578711
0.576478
0.574251
0.573256
0.561199
1.28576
1.22161
1.13067
1.01315
0.912428
0.805462
0.722375
0.642723
0.599271
0.570899
0.573663
0.579258
0.584994
0.588229
0.584641
0.57922
0.576901
0.574413
0.573571
0.561728
1.29025
1.23579
1.15311
1.04388
0.944433
0.843214
0.755051
0.676989
0.621347
0.576939
0.57552
0.579235
0.585111
0.588416
0.584766
0.579731
0.577348
0.574658
0.574028
0.562391
1.29396
1.24828
1.17296
1.07177
0.974685
0.87722
0.787934
0.709453
0.646867
0.591738
0.579736
0.580218
0.585057
0.588133
0.58468
0.580575
0.578102
0.575147
0.574559
0.563023
1.2973
1.25914
1.19134
1.09681
1.00329
0.908784
0.818641
0.741725
0.6735
0.610673
0.589213
0.581803
0.584816
0.587513
0.584301
0.581089
0.578773
0.575696
0.574988
0.563406
1.30016
1.26857
1.20779
1.12006
1.02955
0.938549
0.847975
0.771371
0.701889
0.633561
0.602657
0.583356
0.586062
0.587921
0.583817
0.581176
0.579159
0.576189
0.575314
0.563584
1.3023
1.27635
1.22241
1.14121
1.05403
0.965903
0.876922
0.798913
0.729987
0.658842
0.618369
0.588244
0.590047
0.588727
0.583602
0.581312
0.579383
0.576559
0.575443
0.563583
1.30352
1.28243
1.23507
1.16042
1.07727
0.990916
0.904904
0.826321
0.756125
0.686693
0.63474
0.599121
0.593334
0.590435
0.584366
0.581529
0.579475
0.576768
0.575591
0.563618
1.3041
1.28722
1.24621
1.17768
1.09938
1.01513
0.930912
0.853802
0.781957
0.714292
0.652341
0.619182
0.594229
0.592732
0.58596
0.58184
0.579663
0.576972
0.575691
0.563643
1.30455
1.29107
1.25605
1.19392
1.11985
1.03912
0.956004
0.880103
0.807942
0.741099
0.672701
0.640243
0.600291
0.595806
0.586613
0.582215
0.579938
0.576989
0.575766
0.563697
1.30523
1.29451
1.26488
1.209
1.13964
1.06169
0.981147
0.905374
0.833186
0.766882
0.696601
0.65852
0.612997
0.601038
0.587302
0.582816
0.580395
0.577103
0.575988
0.563794
1.30615
1.29762
1.27284
1.22294
1.15841
1.08335
1.00519
0.930055
0.858353
0.790802
0.721977
0.677676
0.632318
0.608596
0.586748
0.583812
0.580775
0.577023
0.576247
0.563866
1.30708
1.30035
1.27985
1.23571
1.17595
1.10389
1.02821
0.95383
0.882788
0.814417
0.746367
0.698459
0.652857
0.620038
0.589093
0.586151
0.581155
0.576812
0.576478
0.56393
1.30781
1.30242
1.28571
1.24709
1.19212
1.12331
1.05003
0.976867
0.906257
0.837614
0.769565
0.720591
0.673021
0.634013
0.596159
0.589806
0.581265
0.576412
0.576564
0.563841
1.30832
1.30399
1.29036
1.25703
1.20684
1.14148
1.07088
0.998837
0.929021
0.860271
0.791884
0.742729
0.693866
0.64969
0.606713
0.593637
0.581192
0.575971
0.576561
0.563643
1.30882
1.30527
1.2941
1.26553
1.2202
1.15851
1.09057
1.02002
0.950911
0.882403
0.813884
0.764204
0.714936
0.667585
0.620184
0.598109
0.581819
0.576409
0.576621
0.563334
1.30942
1.30645
1.29724
1.2729
1.23225
1.17436
1.10934
1.04018
0.972157
0.904078
0.835561
0.785429
0.736062
0.6862
0.635855
0.604966
0.585027
0.577507
0.576663
0.562832
1.31019
1.30762
1.30006
1.27946
1.24323
1.18919
1.12708
1.05968
0.992758
0.925183
0.857205
0.80646
0.756597
0.705827
0.653597
0.612947
0.59061
0.578936
0.577185
0.562763
1.31076
1.30851
1.30248
1.28534
1.25332
1.20314
1.14402
1.07845
1.01295
0.945882
0.878218
0.827749
0.776769
0.72541
0.672414
0.623999
0.597597
0.581062
0.57803
0.562617
1.31095
1.30888
1.30426
1.29047
1.26259
1.21642
1.16028
1.09673
1.03259
0.966273
0.898759
0.848707
0.79693
0.745163
0.69093
0.639629
0.604608
0.583153
0.579484
0.562802
1.31081
1.30885
1.30525
1.29449
1.27082
1.22885
1.17595
1.11447
1.05175
0.986034
0.919177
0.869231
0.817032
0.764742
0.709747
0.656264
0.614427
0.58616
0.581846
0.563215
1.31043
1.30859
1.3056
1.2972
1.27761
1.2402
1.19077
1.13166
1.07034
1.0052
0.939364
0.889558
0.836987
0.784139
0.728745
0.67294
0.627702
0.591426
0.58383
0.563225
1.31017
1.30825
1.30554
1.29895
1.28297
1.25018
1.20457
1.14808
1.08828
1.02387
0.959117
0.910144
0.856441
0.803523
0.747327
0.690571
0.641479
0.60078
0.586258
0.563161
1.31018
1.30813
1.30558
1.30032
1.2873
1.25887
1.21717
1.16368
1.10559
1.04211
0.978837
0.930288
0.876147
0.822527
0.765607
0.708315
0.656937
0.611747
0.590053
0.563984
1.31037
1.30825
1.30588
1.30161
1.29101
1.26654
1.22875
1.17846
1.12236
1.05996
0.998553
0.950293
0.895542
0.841489
0.783753
0.725565
0.673354
0.624176
0.596187
0.565746
1.31087
1.30874
1.30652
1.30292
1.29429
1.27345
1.23945
1.19254
1.13859
1.07762
1.01804
0.970252
0.914675
0.860262
0.80176
0.74269
0.689756
0.638305
0.604232
0.568044
1.31139
1.30919
1.30702
1.30384
1.29687
1.27949
1.24935
1.20593
1.1543
1.09495
1.03754
0.989847
0.933781
0.878834
0.819403
0.759913
0.706004
0.65295
0.614536
0.571715
1.31158
1.30918
1.307
1.30413
1.29857
1.28446
1.25825
1.21853
1.16935
1.11191
1.05674
1.00931
0.952666
0.897265
0.836944
0.776642
0.722516
0.667957
0.626263
0.577221
1.31147
1.30886
1.30665
1.30403
1.29962
1.28837
1.26601
1.23016
1.18364
1.12847
1.07569
1.0286
0.971414
0.915519
0.854268
0.793276
0.738683
0.6834
0.639116
0.58372
1.31125
1.30859
1.30628
1.30391
1.30044
1.29157
1.27276
1.24084
1.19717
1.14464
1.09452
1.04759
0.990133
0.933499
0.871244
0.80995
0.754694
0.698817
0.652928
0.592035
1.31108
1.30855
1.30612
1.30409
1.30119
1.29427
1.27866
1.25057
1.20994
1.16056
1.11312
1.06659
1.00848
0.951252
0.888161
0.826127
0.770967
0.714275
0.666963
0.60153
1.31093
1.3086
1.30609
1.30422
1.3015
1.2961
1.28353
1.25935
1.22205
1.17636
1.13167
1.08528
1.02666
0.968631
0.904626
0.842717
0.786805
0.72969
0.681619
0.612088
1.31072
1.3085
1.30595
1.30395
1.30124
1.29695
1.28717
1.26686
1.23322
1.19193
1.15006
1.10368
1.0444
0.985603
0.921113
0.858869
0.802979
0.745086
0.696038
0.623489
1.3104
1.30823
1.30565
1.30327
1.30076
1.29733
1.28976
1.27304
1.24327
1.20713
1.16807
1.12171
1.06162
1.0023
0.93733
0.875252
0.818893
0.760256
0.710716
0.635444
1.31022
1.30803
1.30548
1.30273
1.3004
1.29751
1.29174
1.27809
1.25203
1.22167
1.18563
1.13914
1.07844
1.01861
0.953513
0.891541
0.834778
0.775416
0.725111
0.647777
1.3102
1.30811
1.30558
1.30271
1.30023
1.29769
1.29332
1.28207
1.25972
1.23571
1.20255
1.156
1.0947
1.03469
0.969596
0.907759
0.850662
0.790309
0.739505
0.66041
1.31013
1.30825
1.30587
1.30311
1.30038
1.29793
1.2945
1.28532
1.26701
1.24946
1.21878
1.17209
1.11044
1.05049
0.985552
0.924002
0.866373
0.805182
0.75379
0.673226
1.30984
1.30802
1.30582
1.30333
1.30051
1.29809
1.29536
1.28798
1.27386
1.26252
1.23381
1.18713
1.12558
1.06602
1.00146
0.940106
0.88209
0.819923
0.768013
0.686209
1.30951
1.30762
1.30547
1.30305
1.30046
1.29821
1.29635
1.29048
1.28055
1.27396
1.24684
1.20084
1.14016
1.08144
1.01729
0.95618
0.897672
0.834648
0.78221
0.699276
1.30925
1.30735
1.30509
1.30249
1.30008
1.29805
1.29724
1.29274
1.28681
1.28364
1.25795
1.21344
1.15442
1.09679
1.03312
0.97215
0.913174
0.849351
0.796375
0.7124
1.30877
1.30712
1.30488
1.30208
1.29946
1.29732
1.29711
1.29439
1.29342
1.29268
1.2681
1.22547
1.16848
1.11212
1.0489
0.988037
0.928538
0.864037
0.810564
0.725575
1.30794
1.30643
1.30444
1.30185
1.29895
1.29664
1.29668
1.2961
1.30039
1.30072
1.27727
1.23689
1.18225
1.12728
1.06457
1.00377
0.943715
0.878682
0.824802
0.738825
1.30756
1.30554
1.30341
1.30119
1.29838
1.29636
1.29645
1.29821
1.30607
1.30574
1.2843
1.24717
1.1955
1.14217
1.08006
1.01927
0.958642
0.893244
0.839119
0.752177
1.30795
1.30537
1.30255
1.3001
1.29748
1.29639
1.29801
1.30179
1.30968
1.30794
1.28911
1.25621
1.20821
1.15678
1.09532
1.03451
0.973308
0.907736
0.853517
0.765623
1.3076
1.30575
1.30282
1.29975
1.297
1.29727
1.30084
1.30512
1.31155
1.30909
1.29308
1.26457
1.22056
1.17117
1.11036
1.04953
0.987842
0.922232
0.867966
0.779118
1.30612
1.30484
1.30303
1.30065
1.29844
1.30001
1.30315
1.30753
1.31325
1.3102
1.2969
1.27253
1.23253
1.18524
1.12513
1.06445
1.00243
0.936836
0.882409
0.792581
1.3047
1.30304
1.3015
1.30096
1.30207
1.30503
1.30569
1.30993
1.31474
1.31103
1.30029
1.27972
1.2436
1.19855
1.13948
1.07933
1.01722
0.951561
0.896761
0.805952
1.30642
1.30233
1.30014
1.29983
1.30392
1.3073
1.30814
1.3135
1.31565
1.31117
1.30229
1.28516
1.25304
1.21068
1.15332
1.09419
1.03213
0.966285
0.910956
0.819211
1.3075
1.30475
1.3017
1.30042
1.3035
1.30754
1.31156
1.31699
1.31584
1.31099
1.303
1.28884
1.26087
1.22171
1.16672
1.10893
1.04691
0.980845
0.925032
0.832435
1.30268
1.30414
1.30544
1.30664
1.30763
1.30923
1.31482
1.31743
1.31511
1.31056
1.30349
1.29161
1.26755
1.23191
1.17986
1.12354
1.06138
0.99513
0.939068
0.845721
1.29797
1.29836
1.30458
1.31037
1.31068
1.31351
1.31792
1.31652
1.31339
1.30969
1.30411
1.29429
1.27362
1.24148
1.19261
1.13784
1.07545
1.00917
0.953149
0.859124
1.30131
1.30078
1.30362
1.30585
1.31
1.31789
1.31883
1.31542
1.31179
1.30859
1.30416
1.29632
1.27894
1.25028
1.20463
1.15148
1.08904
1.02292
0.967158
0.872555
1.27593
1.3168
1.32091
1.31471
1.317
1.31957
1.31834
1.31419
1.31064
1.30773
1.30383
1.29685
1.28259
1.25778
1.21547
1.16419
1.10227
1.03653
0.980942
0.885829
1.12675
1.29428
1.30651
1.31862
1.32307
1.31925
1.31629
1.31227
1.30881
1.30652
1.30328
1.29702
1.28545
1.26403
1.22513
1.17601
1.11528
1.05016
0.994492
0.898896
0.816427
1.13885
1.25979
1.31678
1.32427
1.32077
1.31691
1.31169
1.30661
1.30425
1.3021
1.2976
1.2875
1.26896
1.23361
1.18719
1.12829
1.06401
1.00795
0.911844
0.651709
0.844716
1.13297
1.27868
1.3029
1.31003
1.31361
1.31273
1.30834
1.30436
1.3012
1.29735
1.28891
1.27242
1.24075
1.19766
1.14105
1.07792
1.02154
0.924939
0.637021
0.697518
0.880142
1.09604
1.27087
1.29968
1.30878
1.30884
1.30832
1.3047
1.3
1.29617
1.28866
1.27435
1.24663
1.20727
1.15306
1.09137
1.03521
0.938304
0.637382
0.689689
0.750945
0.864078
1.09153
1.23844
1.30921
1.30681
1.30925
1.3029
1.29697
1.29396
1.28756
1.2755
1.25173
1.21611
1.16425
1.10423
1.04884
0.951888
0.637422
0.691732
0.739492
0.764256
0.856809
1.07521
1.25618
1.28629
1.30592
1.29708
1.29243
1.29185
1.28641
1.27639
1.2568
1.22458
1.17508
1.11685
1.06241
0.965577
0.637171
0.693121
0.741739
0.753187
0.7657
0.857653
1.07321
1.25071
1.30049
1.29876
1.2949
1.29093
1.28694
1.2798
1.26173
1.23234
1.18582
1.12967
1.0759
0.979219
0.637064
0.692858
0.743839
0.754163
0.755636
0.766918
0.856992
1.11398
1.2422
1.29759
1.29503
1.28922
1.28649
1.28139
1.26535
1.23874
1.19588
1.14241
1.08912
0.992696
0.637059
0.692736
0.743879
0.754925
0.755656
0.756171
0.767856
0.895289
1.11994
1.27883
1.28744
1.28932
1.28617
1.28029
1.26607
1.24293
1.20426
1.15421
1.10185
1.00601
0.63706
0.692739
0.743843
0.755004
0.755729
0.755908
0.756389
0.777841
0.924396
1.17615
1.25591
1.2894
1.28095
1.277
1.26619
1.2464
1.21125
1.16466
1.114
1.01921
0.63706
0.692742
0.743841
0.754983
0.755782
0.755947
0.755917
0.756925
0.789495
0.979145
1.20919
1.28231
1.27023
1.27435
1.26725
1.24836
1.21689
1.1734
1.1252
1.03207
0.63706
0.692741
0.743845
0.754972
0.755783
0.755974
0.755937
0.755534
0.757716
0.815495
1.06085
1.23023
1.25685
1.27395
1.26676
1.25101
1.22176
1.18053
1.13502
1.04416
0.637061
0.69274
0.743846
0.754973
0.755779
0.755977
0.75595
0.755629
0.754977
0.761516
0.870845
1.10956
1.26307
1.26788
1.26316
1.25259
1.22635
1.18791
1.14401
1.05527
0.637061
0.692741
0.743845
0.754975
0.755778
0.755976
0.755954
0.75567
0.754904
0.754913
0.774516
0.930272
1.19401
1.24367
1.25635
1.25215
1.2291
1.19576
1.1525
1.06529
0.637061
0.692741
0.743844
0.754975
0.755778
0.755976
0.755954
0.755678
0.754953
0.754532
0.755866
0.799488
1.03124
1.21557
1.2618
1.24662
1.22742
1.20237
1.16032
1.07493
0.637061
0.692742
0.743843
0.754975
0.755779
0.755976
0.755953
0.755678
0.754967
0.754524
0.754545
0.759643
0.860243
1.11728
1.24834
1.23236
1.22417
1.20512
1.16575
1.08422
0.637061
0.692742
0.743843
0.754975
0.755779
0.755976
0.755953
0.755676
0.754966
0.75453
0.75453
0.754843
0.774951
0.950673
1.18892
1.23002
1.22867
1.20576
1.16838
1.0918
0.637061
0.692742
0.743843
0.754975
0.755779
0.755976
0.755953
0.755676
0.754964
0.754537
0.754533
0.754643
0.756519
0.81466
1.05401
1.21238
1.22644
1.20292
1.17022
1.09875
0.637061
0.692742
0.743843
0.754975
0.755779
0.755976
0.755953
0.755676
0.754964
0.754538
0.75454
0.754653
0.754871
0.763588
0.891787
1.14265
1.21621
1.20085
1.17486
1.10525
0.637061
0.692742
0.743843
0.754975
0.755779
0.755976
0.755953
0.755676
0.754964
0.754537
0.754542
0.754672
0.754851
0.755496
0.789561
1.00547
1.183
1.19671
1.1772
1.11107
0.637061
0.692742
0.743843
0.754975
0.755779
0.755976
0.755953
0.755676
0.754965
0.754536
0.754538
0.754687
0.754875
0.754967
0.759323
0.860926
1.09941
1.18705
1.17265
1.11788
0.637061
0.692742
0.743843
0.754975
0.755779
0.755976
0.755953
0.755676
0.754965
0.754536
0.754537
0.754685
0.754903
0.754972
0.755228
0.779633
0.964092
1.15178
1.16458
1.122
0.637061
0.692742
0.743843
0.754975
0.755779
0.755976
0.755953
0.755676
0.754965
0.754536
0.754537
0.754679
0.754915
0.754988
0.754963
0.757834
0.834871
1.06681
1.15272
1.12222
0.637061
0.692742
0.743843
0.754975
0.755779
0.755976
0.755953
0.755676
0.754965
0.754536
0.754537
0.754678
0.754914
0.755001
0.754963
0.755066
0.77193
0.935932
1.11603
1.11924
0.637061
0.692742
0.743843
0.754975
0.755779
0.755976
0.755953
0.755676
0.754965
0.754536
0.754537
0.754678
0.754911
0.755005
0.754969
0.75488
0.756743
0.822656
1.03416
1.1043
0.637061
0.692742
0.743843
0.754975
0.755779
0.755976
0.755953
0.755676
0.754965
0.754536
0.754537
0.754678
0.754909
0.755005
0.754975
0.754884
0.754966
0.76958
0.918775
1.07058
0.637061
0.692742
0.743843
0.754975
0.755779
0.755976
0.755953
0.755676
0.754965
0.754536
0.754537
0.754678
0.754908
0.755005
0.754977
0.754894
0.754835
0.756712
0.818318
1.00613
0.637061
0.692742
0.743843
0.754975
0.755779
0.755976
0.755953
0.755676
0.754965
0.754536
0.754537
0.754679
0.754908
0.755005
0.754977
0.754898
0.754832
0.754994
0.76967
0.924566
0.637061
0.692742
0.743843
0.754975
0.755779
0.755976
0.755953
0.755676
0.754965
0.754536
0.754537
0.754678
0.754909
0.755004
0.754977
0.7549
0.754837
0.754796
0.756894
0.851807
0.637061
0.692742
0.743843
0.754975
0.755779
0.755976
0.755953
0.755676
0.754965
0.754536
0.754537
0.754678
0.754909
0.755004
0.754976
0.7549
0.754841
0.754784
0.754862
0.803628
0.637061
0.692742
0.743843
0.754975
0.755779
0.755976
0.755953
0.755676
0.754965
0.754536
0.754537
0.754678
0.75491
0.755003
0.754976
0.7549
0.754845
0.754784
0.754455
0.778681
0.637061
0.692742
0.743843
0.754975
0.755779
0.755976
0.755953
0.755676
0.754965
0.754536
0.754537
0.754678
0.75491
0.755003
0.754975
0.754899
0.754847
0.754772
0.754294
0.767391
0.637061
0.692742
0.743843
0.754975
0.755779
0.755976
0.755953
0.755676
0.754965
0.754536
0.754537
0.754678
0.75491
0.755003
0.754975
0.754899
0.754849
0.754755
0.754199
0.762034
0.637061
0.692742
0.743843
0.754975
0.755779
0.755976
0.755953
0.755676
0.754965
0.754536
0.754537
0.754678
0.75491
0.755003
0.754975
0.754898
0.754851
0.754743
0.754141
0.75899
0.637061
0.692742
0.743843
0.754975
0.755779
0.755976
0.755953
0.755676
0.754965
0.754536
0.754537
0.754678
0.75491
0.755004
0.754975
0.754898
0.754852
0.754739
0.754126
0.756948
0.637061
0.692742
0.743843
0.754975
0.755779
0.755976
0.755953
0.755676
0.754965
0.754536
0.754537
0.754678
0.75491
0.755004
0.754975
0.754898
0.754852
0.754745
0.754152
0.75546
0.637061
0.692742
0.743843
0.754975
0.755779
0.755976
0.755953
0.755676
0.754965
0.754536
0.754537
0.754678
0.75491
0.755004
0.754975
0.754898
0.754851
0.754753
0.754236
0.75436
0.637061
0.692742
0.743843
0.754975
0.755779
0.755976
0.755953
0.755676
0.754965
0.754536
0.754537
0.754678
0.75491
0.755004
0.754975
0.754898
0.75485
0.75476
0.754329
0.753555
)
;

boundaryField
{
    inlet
    {
        type            calculated;
        value           nonuniform List<scalar> 0();
    }
    outlet
    {
        type            calculated;
        value           nonuniform List<scalar> 
102
(
0.536329
0.536926
0.539156
0.543018
0.547606
0.551689
0.554755
0.556896
0.558552
0.559813
0.560624
0.561199
0.561728
0.562391
0.563023
0.563406
0.563584
0.563583
0.563618
0.563643
0.563697
0.563794
0.563866
0.56393
0.563841
0.563643
0.563334
0.562832
0.562763
0.562617
0.562802
0.563215
0.563225
0.563161
0.563984
0.565746
0.568044
0.571715
0.577221
0.58372
0.592035
0.60153
0.612088
0.623489
0.635444
0.647777
0.66041
0.673226
0.686209
0.699276
0.7124
0.725575
0.738825
0.752177
0.765623
0.779118
0.792581
0.805952
0.819211
0.832435
0.845721
0.859124
0.872555
0.885829
0.898896
0.911844
0.924939
0.938304
0.951888
0.965577
0.979219
0.992696
1.00601
1.01921
1.03207
1.04416
1.05527
1.06529
1.07493
1.08422
1.0918
1.09875
1.10525
1.11107
1.11788
1.122
1.12222
1.11924
1.1043
1.07058
1.00613
0.924566
0.851807
0.803628
0.778681
0.767391
0.762034
0.75899
0.756948
0.75546
0.75436
0.753555
)
;
    }
    bottom
    {
        type            symmetryPlane;
    }
    top
    {
        type            calculated;
        value           nonuniform List<scalar> 0();
    }
    obstacle
    {
        type            calculated;
        value           nonuniform List<scalar> 
88
(
1.49167
1.50353
1.5102
1.51273
1.51253
1.51093
1.50831
1.50549
1.50249
1.49913
1.49544
1.4915
1.48748
1.48345
1.47941
1.47539
1.47137
1.46734
1.46339
1.45958
1.45591
1.45235
1.44876
1.44496
1.44086
1.43654
1.43222
1.42815
1.4244
1.42081
1.41721
1.41344
1.40947
1.40539
1.40135
1.39758
1.39431
1.39142
1.38855
1.38542
1.38189
1.37793
1.37381
1.36985
1.36627
1.36307
1.35996
1.35669
1.35308
1.34919
1.34521
1.3412
1.33724
1.33354
1.33028
1.32733
1.3244
1.32148
1.31853
1.31558
1.31274
1.30989
1.30715
1.30432
1.30159
1.2976
1.29496
1.28915
0.759785
0.471182
0.467354
0.487294
0.513019
0.528802
0.531498
0.530238
0.533201
0.540595
0.549794
0.559884
0.566689
0.564462
0.557243
0.552302
0.550811
0.548891
0.548257
0.536329
)
;
    }
    defaultFaces
    {
        type            empty;
    }
    procBoundary1to0
    {
        type            processor;
        value           nonuniform List<scalar> 
103
(
1.47344
1.48181
1.48328
1.48608
1.49211
1.49935
1.50569
1.50595
1.50603
1.5068
1.51165
1.48526
1.34119
0.906949
0.637301
0.62015
0.62007
0.62007
0.62007
0.62007
0.62007
0.62007
0.62007
0.62007
0.62007
0.62007
0.62007
0.62007
0.62007
0.62007
0.62007
0.62007
0.62007
0.62007
0.62007
0.62007
0.62007
0.62007
0.62007
0.62007
0.62007
0.62007
0.62007
0.62007
0.62007
0.62007
0.62007
0.62007
0.62007
0.62007
0.62007
0.62007
0.62007
0.62007
0.62007
0.62007
0.62007
0.62007
0.62007
0.62007
0.62007
0.62007
0.62007
0.62007
0.62007
0.62007
0.62007
0.62007
0.62007
0.62007
0.62007
0.62007
0.62007
0.62007
0.62007
0.62007
0.62007
0.62007
0.62007
0.62007
0.62007
0.62007
0.62007
0.62007
0.62007
0.62007
0.62007
0.62007
0.62007
0.62007
0.62007
0.62007
0.62007
0.62007
0.62007
0.62007
0.62007
0.62007
0.62007
0.62007
0.62007
0.62007
0.62007
)
;
    }
    procBoundary1to3
    {
        type            processor;
        value           nonuniform List<scalar> 
89
(
0.62007
0.62007
0.62007
0.62007
0.62007
0.620071
0.620073
0.620081
0.620113
0.620233
0.620694
0.62229
0.62007
0.62007
0.62007
0.62007
0.62007
0.62007
0.62007
0.62007
0.62007
0.62007
0.62007
0.62007
0.62007
0.62007
0.62007
0.62007
0.62007
0.62007
0.62007
0.62007
0.62007
0.62007
0.62007
0.62007
0.62007
0.62007
0.62007
0.62007
0.62007
0.62007
0.62007
0.62007
0.62007
0.62007
0.62007
0.62007
0.62007
0.62007
0.62007
0.62007
0.62007
0.62007
0.62007
0.62007
0.62007
0.62007
0.62007
0.62007
0.62007
0.62007
0.62007
0.62007
0.62007
0.62007
0.62007
0.62007
0.62007
0.637061
0.692742
0.743843
0.754975
0.755779
0.755976
0.755953
0.755676
0.754965
0.754536
0.754537
0.754678
0.75491
0.755004
0.754975
0.754899
0.754848
0.754764
0.754349
0.753052
)
;
    }
}


// ************************************************************************* //
