/*--------------------------------*- C++ -*----------------------------------*\
| =========                 |                                                 |
| \\      /  F ield         | OpenFOAM: The Open Source CFD Toolbox           |
|  \\    /   O peration     | Version:  2306                                  |
|   \\  /    A nd           | Website:  www.openfoam.com                      |
|    \\/     M anipulation  |                                                 |
\*---------------------------------------------------------------------------*/
FoamFile
{
    version     2.0;
    format      ascii;
    arch        "LSB;label=32;scalar=64";
    class       volScalarField;
    location    "3e-05";
    object      T;
}
// * * * * * * * * * * * * * * * * * * * * * * * * * * * * * * * * * * * * * //

dimensions      [0 0 0 1 0 0 0];

internalField   nonuniform List<scalar> 
9032
(
274.312
275.295
275.894
276.262
276.364
276.298
276.179
276.053
275.913
275.739
275.526
275.279
275.009
274.724
274.436
274.153
273.877
273.607
273.342
273.082
272.826
272.579
272.344
272.124
271.917
271.72
271.535
271.369
271.223
271.086
270.953
270.815
270.667
270.504
270.328
270.151
269.992
269.851
269.721
269.609
269.521
269.458
269.416
269.392
269.385
269.388
269.389
269.386
269.392
269.404
269.427
269.479
269.566
269.661
269.72
269.733
269.722
269.679
269.618
269.595
269.605
269.662
269.798
269.993
270.255
270.452
270.934
270.811
275.575
276.403
276.68
276.8
276.737
276.574
276.403
276.239
276.048
275.824
275.569
275.298
275.018
274.732
274.445
274.159
273.875
273.595
273.321
273.052
272.789
272.533
272.291
272.069
271.867
271.68
271.505
271.34
271.186
271.039
270.9
270.762
270.62
270.473
270.32
270.164
270.004
269.843
269.692
269.564
269.47
269.415
269.39
269.378
269.366
269.347
269.323
269.303
269.307
269.323
269.359
269.428
269.531
269.641
269.703
269.708
269.689
269.638
269.577
269.565
269.582
269.644
269.767
269.92
270.139
270.307
270.792
270.685
276.994
277.561
277.551
277.509
277.366
277.202
277.026
276.81
276.55
276.262
275.961
275.667
275.377
275.084
274.789
274.49
274.193
273.907
273.632
273.36
273.086
272.817
272.564
272.337
272.139
271.961
271.794
271.627
271.461
271.298
271.144
270.998
270.856
270.715
270.573
270.428
270.27
270.103
269.94
269.796
269.69
269.628
269.599
269.583
269.564
269.532
269.483
269.436
269.425
269.432
269.464
269.533
269.631
269.728
269.775
269.775
269.748
269.689
269.618
269.595
269.603
269.64
269.712
269.811
269.977
270.126
270.582
270.505
278.168
278.267
278.205
278.127
277.969
277.791
277.572
277.287
276.973
276.655
276.353
276.077
275.807
275.531
275.25
274.969
274.691
274.418
274.147
273.872
273.594
273.322
273.07
272.849
272.659
272.487
272.319
272.144
271.959
271.774
271.601
271.446
271.309
271.182
271.053
270.909
270.744
270.564
270.382
270.224
270.108
270.038
269.999
269.969
269.929
269.865
269.773
269.679
269.632
269.632
269.663
269.726
269.804
269.864
269.879
269.867
269.827
269.756
269.672
269.619
269.58
269.58
269.6
269.656
269.768
269.896
270.271
270.246
278.453
278.41
278.336
278.247
278.103
277.936
277.723
277.445
277.152
276.867
276.606
276.37
276.142
275.908
275.674
275.444
275.22
274.997
274.767
274.524
274.271
274.019
273.783
273.574
273.387
273.214
273.039
272.854
272.656
272.454
272.264
272.094
271.946
271.813
271.683
271.545
271.39
271.216
271.035
270.867
270.734
270.64
270.571
270.507
270.432
270.334
270.21
270.08
269.979
269.931
269.93
269.947
269.973
269.985
269.977
269.945
269.883
269.798
269.69
269.593
269.503
269.47
269.456
269.477
269.532
269.625
269.866
269.897
278.037
278.104
278.14
278.095
277.99
277.835
277.632
277.39
277.144
276.911
276.692
276.478
276.266
276.062
275.875
275.709
275.554
275.393
275.215
275.014
274.799
274.579
274.365
274.165
273.983
273.81
273.635
273.447
273.244
273.034
272.829
272.643
272.481
272.34
272.213
272.086
271.945
271.781
271.596
271.409
271.247
271.126
271.032
270.946
270.854
270.747
270.616
270.457
270.295
270.172
270.112
270.087
270.069
270.047
270.017
269.967
269.885
269.77
269.628
269.499
269.4
269.335
269.279
269.279
269.286
269.329
269.412
269.485
277.55
277.735
277.889
277.88
277.812
277.669
277.489
277.311
277.136
276.959
276.761
276.543
276.326
276.133
275.983
275.869
275.769
275.66
275.526
275.363
275.179
274.985
274.787
274.596
274.415
274.236
274.052
273.852
273.637
273.419
273.205
273.007
272.833
272.685
272.554
272.422
272.271
272.096
271.909
271.724
271.562
271.446
271.359
271.276
271.179
271.061
270.911
270.723
270.509
270.314
270.194
270.136
270.095
270.053
270.002
269.923
269.803
269.648
269.499
269.371
269.261
269.173
269.094
269.053
269.009
268.992
268.955
269.015
277.219
277.56
277.842
277.835
277.76
277.611
277.462
277.352
277.246
277.099
276.899
276.663
276.426
276.228
276.094
276.008
275.938
275.857
275.746
275.598
275.421
275.224
275.019
274.815
274.617
274.418
274.214
274.001
273.788
273.581
273.374
273.171
272.988
272.835
272.697
272.558
272.41
272.254
272.094
271.925
271.757
271.627
271.528
271.434
271.323
271.185
271.016
270.815
270.579
270.358
270.207
270.12
270.054
269.984
269.893
269.772
269.627
269.472
269.328
269.183
269.076
268.971
268.88
268.786
268.707
268.623
268.487
268.519
277.558
278.039
278.141
278.102
278.004
277.859
277.747
277.671
277.565
277.391
277.153
276.879
276.617
276.41
276.286
276.21
276.137
276.043
275.913
275.743
275.535
275.305
275.071
274.838
274.614
274.401
274.195
274.006
273.834
273.651
273.448
273.241
273.056
272.902
272.762
272.623
272.482
272.335
272.175
271.993
271.805
271.649
271.524
271.404
271.276
271.125
270.953
270.765
270.552
270.32
270.124
269.993
269.892
269.788
269.671
269.537
269.39
269.226
269.077
268.952
268.838
268.728
268.63
268.493
268.369
268.236
268.029
268.024
278.712
278.88
278.802
278.696
278.545
278.379
278.287
278.187
278.033
277.816
277.541
277.239
276.953
276.726
276.574
276.454
276.329
276.185
276.015
275.809
275.561
275.295
275.032
274.787
274.567
274.374
274.197
274.035
273.869
273.677
273.454
273.22
273.017
272.852
272.707
272.57
272.435
272.296
272.127
271.922
271.713
271.534
271.375
271.225
271.083
270.936
270.779
270.615
270.435
270.23
270.009
269.816
269.663
269.523
269.382
269.237
269.085
268.928
268.794
268.667
268.551
268.435
268.325
268.164
268.006
267.84
267.617
267.565
279.8
279.703
279.464
279.305
279.131
278.954
278.838
278.695
278.496
278.249
277.957
277.63
277.303
277.029
276.824
276.649
276.471
276.284
276.082
275.848
275.577
275.285
275.015
274.776
274.56
274.372
274.202
274.038
273.861
273.648
273.39
273.122
272.915
272.745
272.597
272.46
272.321
272.169
271.989
271.764
271.512
271.289
271.111
270.958
270.808
270.651
270.49
270.326
270.163
269.985
269.781
269.569
269.378
269.205
269.037
268.87
268.708
268.569
268.442
268.32
268.204
268.081
267.958
267.795
267.626
267.45
267.253
267.149
280.514
280.127
279.752
279.655
279.519
279.335
279.175
278.984
278.761
278.507
278.208
277.873
277.528
277.221
276.963
276.743
276.533
276.323
276.101
275.849
275.567
275.278
275.007
274.759
274.537
274.344
274.166
273.983
273.775
273.516
273.219
272.957
272.742
272.553
272.385
272.234
272.076
271.904
271.717
271.511
271.29
271.06
270.839
270.636
270.453
270.284
270.123
269.964
269.798
269.621
269.427
269.218
269.013
268.819
268.636
268.468
268.319
268.186
268.061
267.94
267.821
267.693
267.563
267.409
267.243
267.071
266.896
266.756
281.177
279.958
279.892
279.917
279.8
279.579
279.338
279.091
278.853
278.583
278.274
277.936
277.584
277.257
276.972
276.721
276.491
276.273
276.047
275.796
275.526
275.247
274.966
274.698
274.454
274.237
274.034
273.818
273.573
273.292
272.992
272.729
272.508
272.304
272.112
271.935
271.757
271.573
271.385
271.194
271.004
270.811
270.603
270.376
270.143
269.935
269.748
269.57
269.396
269.217
269.024
268.824
268.623
268.427
268.244
268.084
267.943
267.815
267.691
267.566
267.441
267.308
267.172
267.022
266.856
266.689
266.524
266.359
273.837
278.593
280.245
280.098
279.923
279.656
279.385
279.099
278.816
278.518
278.201
277.861
277.512
277.179
276.877
276.607
276.366
276.138
275.902
275.65
275.382
275.11
274.829
274.547
274.276
274.025
273.791
273.545
273.28
273.002
272.73
272.481
272.256
272.045
271.841
271.641
271.442
271.246
271.054
270.87
270.69
270.508
270.314
270.099
269.861
269.611
269.385
269.185
268.995
268.82
268.644
268.455
268.262
268.073
267.896
267.739
267.598
267.47
267.344
267.216
267.082
266.94
266.789
266.63
266.456
266.288
266.132
265.957
240.44
278.592
281.082
280.361
280.035
279.658
279.315
278.969
278.647
278.332
278.017
277.691
277.353
277.014
276.695
276.413
276.164
275.924
275.673
275.414
275.149
274.873
274.589
274.296
274.009
273.735
273.481
273.226
272.961
272.704
272.464
272.238
272.021
271.813
271.604
271.388
271.161
270.941
270.734
270.541
270.363
270.189
269.995
269.785
269.558
269.308
269.059
268.847
268.654
268.473
268.306
268.132
267.95
267.772
267.6
267.439
267.292
267.156
267.025
266.888
266.739
266.581
266.408
266.233
266.052
265.88
265.734
265.567
189.752
256.689
280.141
280.035
279.714
279.299
278.965
278.627
278.331
278.063
277.781
277.476
277.149
276.825
276.517
276.238
275.981
275.717
275.428
275.141
274.86
274.577
274.293
274
273.707
273.422
273.156
272.904
272.654
272.42
272.207
272.002
271.802
271.604
271.395
271.165
270.914
270.656
270.415
270.19
269.991
269.815
269.632
269.427
269.215
268.991
268.757
268.548
268.369
268.199
268.043
267.883
267.71
267.532
267.354
267.18
267.014
266.86
266.711
266.559
266.392
266.217
266.031
265.846
265.661
265.492
265.358
265.212
180.079
202.087
265.041
279.957
279.311
278.789
278.55
278.289
278.063
277.837
277.573
277.272
276.936
276.617
276.331
276.058
275.789
275.503
275.191
274.882
274.585
274.299
274.019
273.735
273.436
273.137
272.867
272.628
272.408
272.194
271.986
271.783
271.58
271.377
271.162
270.923
270.663
270.385
270.101
269.838
269.606
269.407
269.231
269.048
268.854
268.659
268.462
268.279
268.117
267.965
267.821
267.666
267.495
267.313
267.121
266.925
266.732
266.548
266.375
266.205
266.027
265.847
265.663
265.483
265.309
265.157
265.031
264.9
180
180.464
216.033
271.942
277.456
278.281
278.226
278.118
277.923
277.674
277.384
277.051
276.69
276.371
276.094
275.828
275.545
275.238
274.917
274.6
274.308
274.041
273.789
273.525
273.221
272.904
272.633
272.402
272.196
271.991
271.774
271.55
271.323
271.096
270.869
270.633
270.371
270.091
269.801
269.513
269.256
269.044
268.864
268.702
268.536
268.366
268.196
268.035
267.882
267.737
267.591
267.434
267.262
267.073
266.867
266.649
266.426
266.213
266.017
265.834
265.658
265.488
265.321
265.162
265.013
264.882
264.759
264.621
180
180.001
181.825
233.619
274.669
278.938
278.253
278.115
277.882
277.548
277.178
276.768
276.381
276.064
275.788
275.501
275.188
274.87
274.559
274.26
274.017
273.812
273.605
273.36
273.051
272.72
272.447
272.212
271.994
271.781
271.541
271.285
271.024
270.764
270.512
270.273
270.028
269.76
269.494
269.233
268.98
268.759
268.584
268.428
268.274
268.111
267.946
267.785
267.629
267.475
267.319
267.155
266.978
266.783
266.568
266.336
266.094
265.861
265.651
265.468
265.305
265.156
265.016
264.882
264.756
264.629
264.499
264.348
180
180
180.007
186.411
246.03
276.181
278.156
278.138
277.793
277.34
276.87
276.399
276.028
275.698
275.394
275.106
274.795
274.496
274.202
273.935
273.727
273.551
273.376
273.156
272.863
272.542
272.268
272.013
271.77
271.538
271.271
270.977
270.674
270.378
270.101
269.855
269.636
269.408
269.18
268.97
268.762
268.558
268.385
268.226
268.057
267.881
267.705
267.529
267.351
267.174
266.997
266.819
266.635
266.438
266.221
265.988
265.742
265.506
265.298
265.125
264.98
264.85
264.731
264.612
264.495
264.365
264.228
264.077
180
180
180
180.041
192.916
254.448
278.058
278.003
277.381
276.923
276.427
276.034
275.697
275.329
274.971
274.675
274.4
274.157
273.917
273.696
273.492
273.304
273.125
272.915
272.644
272.341
272.054
271.771
271.5
271.247
270.964
270.645
270.314
269.993
269.706
269.466
269.273
269.085
268.899
268.728
268.554
268.372
268.203
268.041
267.861
267.674
267.479
267.278
267.075
266.872
266.67
266.466
266.263
266.058
265.842
265.616
265.379
265.155
264.964
264.805
264.669
264.551
264.444
264.336
264.222
264.096
263.976
263.829
180
180
180
180
180.138
200.968
260.891
276.481
276.709
276.495
276.108
275.791
275.426
275.015
274.639
274.335
274.089
273.891
273.731
273.567
273.358
273.13
272.892
272.636
272.362
272.071
271.764
271.46
271.169
270.899
270.612
270.294
269.974
269.65
269.359
269.13
268.945
268.781
268.628
268.48
268.321
268.151
267.989
267.825
267.649
267.46
267.257
267.041
266.816
266.586
266.354
266.12
265.892
265.672
265.456
265.24
265.02
264.819
264.648
264.502
264.376
264.269
264.173
264.075
263.972
263.861
263.751
263.603
180
180
180
180
180
180.403
209.715
263.398
276.956
276.432
275.872
275.526
275.14
274.789
274.478
274.168
273.932
273.765
273.631
273.491
273.253
272.948
272.626
272.315
272.014
271.711
271.393
271.067
270.758
270.479
270.211
269.923
269.638
269.357
269.086
268.86
268.683
268.531
268.393
268.249
268.084
267.916
267.754
267.588
267.414
267.224
267.016
266.788
266.549
266.298
266.043
265.791
265.549
265.319
265.101
264.892
264.693
264.513
264.361
264.231
264.117
264.021
263.934
263.844
263.75
263.643
263.533
263.374
180
180
180
180
180
180.001
180.988
216.594
269.462
274.506
275.335
275.212
274.915
274.684
274.441
274.107
273.874
273.694
273.528
273.356
273.072
272.693
272.305
271.953
271.622
271.309
270.987
270.646
270.324
270.046
269.809
269.576
269.345
269.123
268.902
268.697
268.523
268.369
268.219
268.053
267.867
267.688
267.511
267.333
267.146
266.941
266.715
266.474
266.225
265.973
265.72
265.472
265.23
265.002
264.786
264.582
264.4
264.241
264.105
263.992
263.888
263.798
263.713
263.625
263.524
263.413
263.295
263.115
180
180
180
180
180
180
180.002
181.982
227.339
267.171
275.796
275.138
274.907
274.749
274.405
274.038
273.809
273.6
273.401
273.144
272.781
272.361
271.955
271.591
271.256
270.957
270.635
270.296
269.967
269.675
269.451
269.268
269.088
268.909
268.733
268.558
268.395
268.236
268.068
267.881
267.683
267.483
267.281
267.077
266.862
266.634
266.391
266.137
265.879
265.631
265.396
265.161
264.936
264.724
264.519
264.319
264.147
264.002
263.875
263.77
263.675
263.586
263.493
263.393
263.273
263.146
263.01
262.801
180
180
180
180
180
180
180
180.007
184.043
229.097
271.265
275.118
274.882
274.602
274.163
273.837
273.615
273.431
273.211
272.876
272.466
272.03
271.641
271.28
270.951
270.673
270.377
270.078
269.772
269.455
269.201
269.02
268.861
268.702
268.537
268.369
268.203
268.038
267.867
267.679
267.484
267.277
267.055
266.825
266.58
266.323
266.057
265.785
265.522
265.288
265.086
264.876
264.673
264.48
264.288
264.096
263.929
263.788
263.66
263.553
263.459
263.364
263.252
263.13
262.986
262.835
262.679
262.446
180
180
180
180
180
180
180
180
180.019
185.063
235.2
269.217
274.371
273.948
273.746
273.552
273.366
273.175
272.912
272.564
272.148
271.726
271.341
270.979
270.676
270.423
270.157
269.901
269.642
269.356
269.089
268.878
268.686
268.499
268.308
268.112
267.915
267.73
267.564
267.389
267.197
266.998
266.78
266.532
266.275
266.006
265.728
265.454
265.204
264.993
264.814
264.623
264.436
264.258
264.078
263.895
263.733
263.586
263.45
263.336
263.232
263.122
262.991
262.845
262.681
262.507
262.338
262.092
180
180
180
180
180
180
180
180
180
180.027
186.923
235.984
270.17
273.806
273.618
273.446
273.186
272.835
272.497
272.125
271.749
271.409
271.065
270.737
270.464
270.194
269.926
269.674
269.439
269.221
269.01
268.806
268.591
268.347
268.09
267.836
267.58
267.351
267.172
267.015
266.835
266.649
266.448
266.208
265.952
265.699
265.439
265.183
264.949
264.754
264.58
264.396
264.217
264.047
263.875
263.704
263.542
263.386
263.24
263.114
262.997
262.87
262.725
262.564
262.388
262.2
262.024
261.778
180
180
180
180
180
180
180
180
180
180
180.046
187.695
236.01
269.382
273.726
273.47
272.715
272.296
271.928
271.63
271.363
271.076
270.811
270.575
270.293
269.994
269.674
269.377
269.146
268.97
268.832
268.659
268.458
268.204
267.888
267.575
267.274
267.002
266.796
266.636
266.457
266.278
266.087
265.86
265.628
265.403
265.174
264.946
264.735
264.546
264.364
264.179
264.007
263.841
263.675
263.509
263.34
263.178
263.025
262.882
262.747
262.606
262.457
262.293
262.116
261.927
261.753
261.518
180
180
180
180
180
180
180
180
180
180
180
180.052
187.742
235.808
269.642
272.293
272.09
272.06
271.597
271.204
270.961
270.749
270.558
270.408
270.143
269.829
269.435
269.076
268.82
268.643
268.544
268.413
268.22
267.974
267.651
267.324
267.021
266.744
266.523
266.341
266.145
265.952
265.748
265.524
265.316
265.118
264.922
264.731
264.546
264.352
264.152
263.964
263.79
263.625
263.458
263.29
263.12
262.953
262.79
262.628
262.477
262.327
262.177
262.02
261.851
261.67
261.504
261.274
180
180
180
180
180
180
180
180
180
180
180
180
180.055
187.648
235.844
266.559
272.955
272.388
271.463
270.945
270.657
270.445
270.371
270.269
270.004
269.663
269.22
268.813
268.527
268.32
268.215
268.096
267.906
267.66
267.361
267.073
266.801
266.554
266.345
266.138
265.919
265.701
265.473
265.248
265.053
264.868
264.697
264.534
264.349
264.138
263.932
263.733
263.554
263.384
263.215
263.045
262.876
262.707
262.534
262.357
262.196
262.04
261.89
261.741
261.587
261.419
261.262
261.033
180
180
180
180
180
180
180
180
180
180
180
180
180
180.055
187.509
230.137
267.636
271.343
271.009
270.719
270.416
270.254
270.213
270.055
269.785
269.404
268.974
268.602
268.313
268.091
267.937
267.778
267.572
267.326
267.064
266.826
266.603
266.397
266.192
265.96
265.719
265.477
265.235
265.015
264.818
264.637
264.481
264.323
264.122
263.909
263.692
263.484
263.301
263.126
262.951
262.779
262.614
262.449
262.272
262.094
261.93
261.772
261.622
261.479
261.337
261.179
261.027
260.803
180
180
180
180
180
180
180
180
180
180
180
180
180
180
180.05
185.594
229.153
263.294
270.97
271.072
270.388
270.102
270.002
269.802
269.465
269.048
268.688
268.396
268.153
267.949
267.726
267.499
267.269
267.024
266.797
266.595
266.41
266.226
266.008
265.759
265.505
265.253
265.016
264.799
264.596
264.415
264.259
264.085
263.877
263.662
263.441
263.233
263.045
262.86
262.678
262.507
262.354
262.201
262.031
261.859
261.695
261.538
261.386
261.241
261.102
260.947
260.794
260.574
180
180
180
180
180
180
180
180
180
180
180
180
180
180
180
180.033
184.695
223.064
261.852
270.288
270.149
269.973
269.782
269.459
269.039
268.637
268.342
268.129
267.95
267.739
267.494
267.225
266.98
266.773
266.592
266.416
266.236
266.033
265.791
265.531
265.274
265.031
264.8
264.58
264.375
264.191
264.025
263.837
263.632
263.422
263.207
263.003
262.808
262.614
262.429
262.263
262.116
261.972
261.814
261.649
261.486
261.326
261.171
261.019
260.872
260.711
260.555
260.345
180
180
180
180
180
180
180
180
180
180
180
180
180
180
180
180
180.024
183.333
216.139
259.097
268.001
269.47
269.518
269.161
268.734
268.325
268.041
267.855
267.678
267.442
267.182
266.92
266.707
266.538
266.391
266.23
266.033
265.805
265.552
265.295
265.055
264.827
264.601
264.378
264.165
263.97
263.787
263.593
263.393
263.191
262.993
262.794
262.59
262.39
262.204
262.039
261.892
261.751
261.607
261.452
261.286
261.119
260.959
260.798
260.64
260.472
260.318
260.119
180
180
180
180
180
180
180
180
180
180
180
180
180
180
180
180
180
180.014
181.807
211.959
252.156
268.937
269.545
269.173
268.503
268.07
267.813
267.642
267.417
267.134
266.858
266.625
266.434
266.274
266.128
265.951
265.737
265.512
265.277
265.051
264.841
264.629
264.407
264.178
263.952
263.741
263.542
263.345
263.156
262.972
262.786
262.591
262.385
262.182
261.992
261.822
261.668
261.524
261.385
261.241
261.075
260.903
260.738
260.57
260.406
260.239
260.089
259.902
180
180
180
180
180
180
180
180
180
180
180
180
180
180
180
180
180
180
180.006
181.183
202.704
247.526
266.574
268.565
268.25
267.99
267.792
267.599
267.264
266.949
266.664
266.442
266.244
266.044
265.836
265.616
265.383
265.17
264.969
264.781
264.595
264.396
264.18
263.95
263.718
263.5
263.293
263.101
262.922
262.744
262.563
262.374
262.175
261.977
261.788
261.615
261.455
261.303
261.156
261.011
260.854
260.685
260.518
260.352
260.189
260.027
259.881
259.707
180
180
180
180
180
180
180
180
180
180
180
180
180
180
180
180
180
180
180
180.003
180.494
195.917
240.52
262.708
268.251
268.252
268.111
267.64
267.164
266.829
266.547
266.33
266.16
265.933
265.66
265.377
265.109
264.882
264.686
264.508
264.326
264.127
263.915
263.696
263.47
263.252
263.053
262.868
262.69
262.509
262.325
262.141
261.954
261.766
261.581
261.409
261.246
261.086
260.927
260.774
260.622
260.465
260.307
260.15
259.993
259.837
259.692
259.521
180
180
180
180
180
180
180
180
180
180
180
180
180
180
180
180
180
180
180
180
180.001
180.226
190.751
227.776
260.174
267.65
267.696
267.237
266.62
266.371
266.254
266.155
266.063
265.87
265.581
265.268
264.964
264.703
264.481
264.275
264.065
263.846
263.629
263.429
263.226
263.025
262.837
262.656
262.476
262.287
262.093
261.909
261.731
261.545
261.371
261.205
261.039
260.871
260.701
260.539
260.39
260.248
260.106
259.964
259.815
259.66
259.506
259.321
180
180
180
180
180
180
180
180
180
180
180
180
180
180
180
180
180
180
180
180
180
180
180.093
184.951
216.723
256.539
265.04
266.09
266.095
265.877
265.738
265.786
265.777
265.573
265.258
264.983
264.743
264.525
264.309
264.08
263.836
263.597
263.375
263.19
263.011
262.825
262.646
262.464
262.276
262.079
261.877
261.687
261.507
261.332
261.169
261.005
260.837
260.662
260.485
260.317
260.169
260.038
259.915
259.787
259.645
259.484
259.319
259.115
180
180
180
180
180
180
180
180
180
180
180
180
180
180
180
180
180
180
180
180
180
180
180
180.025
181.973
208.229
244.5
264.373
266.944
266.1
265.663
265.398
265.276
265.075
264.803
264.608
264.455
264.296
264.103
263.873
263.608
263.36
263.138
262.957
262.796
262.627
262.453
262.27
262.078
261.88
261.677
261.484
261.301
261.136
260.979
260.812
260.637
260.458
260.28
260.116
259.973
259.849
259.735
259.61
259.468
259.3
259.131
258.915
180
180
180
180
180
180
180
180
180
180
180
180
180
180
180
180
180
180
180
180
180
180
180
180
180.006
180.824
195.199
233.772
260.13
265.255
265.775
265.495
264.984
264.639
264.425
264.312
264.201
264.047
263.854
263.622
263.364
263.122
262.912
262.74
262.59
262.432
262.259
262.066
261.86
261.66
261.46
261.267
261.095
260.94
260.787
260.621
260.443
260.267
260.101
259.946
259.804
259.678
259.557
259.423
259.275
259.107
258.941
258.728
180
180
180
180
180
180
180
180
180
180
180
180
180
180
180
180
180
180
180
180
180
180
180
180
180
180.001
180.198
187.018
221.085
251.657
265.03
265.607
265
264.58
264.451
264.195
263.983
263.786
263.584
263.359
263.13
262.919
262.73
262.568
262.413
262.25
262.071
261.861
261.633
261.416
261.218
261.04
260.886
260.745
260.598
260.433
260.258
260.085
259.931
259.783
259.635
259.5
259.369
259.228
259.075
258.908
258.749
258.545
180
180
180
180
180
180
180
180
180
180
180
180
180
180
180
180
180
180
180
180
180
180
180
180
180
180
180
180.047
182.863
204.294
243.815
259.849
263.741
264.669
264.443
264.056
263.735
263.538
263.331
263.117
262.904
262.712
262.534
262.363
262.199
262.042
261.876
261.667
261.425
261.184
260.978
260.821
260.688
260.557
260.417
260.254
260.075
259.896
259.743
259.594
259.442
259.302
259.167
259.027
258.874
258.71
258.555
258.357
180
180
180
180
180
180
180
180
180
180
180
180
180
180
180
180
180
180
180
180
180
180
180
180
180
180
180
180
180.01
180.612
193.611
227.742
254.815
263.815
263.98
263.695
263.565
263.433
263.113
262.884
262.668
262.468
262.297
262.109
261.946
261.801
261.652
261.466
261.231
260.979
260.763
260.603
260.488
260.374
260.241
260.079
259.893
259.701
259.532
259.381
259.226
259.085
258.952
258.817
258.671
258.515
258.364
258.176
180
180
180
180
180
180
180
180
180
180
180
180
180
180
180
180
180
180
180
180
180
180
180
180
180
180
180
180
180
180.001
180.155
185.056
210.091
246.572
259.096
263.422
263.886
263.59
262.99
262.629
262.413
262.235
262.075
261.887
261.717
261.558
261.407
261.247
261.039
260.799
260.577
260.403
260.279
260.174
260.048
259.891
259.705
259.507
259.325
259.172
259.024
258.882
258.749
258.614
258.473
258.329
258.188
258.014
180
180
180
180
180
180
180
180
180
180
180
180
180
180
180
180
180
180
180
180
180
180
180
180
180
180
180
180
180
180
180
180.025
181.082
196.912
228.737
254.888
262.39
262.556
262.433
262.378
262.309
262.104
261.924
261.739
261.544
261.365
261.209
261.048
260.853
260.622
260.402
260.216
260.073
259.96
259.844
259.698
259.52
259.332
259.153
258.998
258.854
258.709
258.57
258.43
258.292
258.157
258.029
257.871
180
180
180
180
180
180
180
180
180
180
180
180
180
180
180
180
180
180
180
180
180
180
180
180
180
180
180
180
180
180
180
180
180.002
180.241
185.636
210.53
244.492
257.543
262.678
262.907
262.618
262.03
261.741
261.508
261.3
261.155
261.018
260.852
260.659
260.438
260.232
260.055
259.912
259.787
259.665
259.515
259.337
259.153
258.98
258.828
258.692
258.548
258.403
258.258
258.123
257.994
257.877
257.727
180
180
180
180
180
180
180
180
180
180
180
180
180
180
180
180
180
180
180
180
180
180
180
180
180
180
180
180
180
180
180
180
180
180
180.03
181.125
195.815
225.338
252.381
260.173
261.22
261.324
261.34
261.23
261.062
260.952
260.832
260.689
260.496
260.269
260.064
259.894
259.754
259.624
259.488
259.325
259.145
258.964
258.796
258.65
258.521
258.383
258.234
258.086
257.953
257.828
257.716
257.569
180
180
180
180
180
180
180
180
180
180
180
180
180
180
180
180
180
180
180
180
180
180
180
180
180
180
180
180
180
180
180
180
180
180
180
180.002
180.212
184.392
206.331
239.063
254.931
261.327
261.709
261.469
260.99
260.792
260.591
260.447
260.273
260.05
259.832
259.662
259.526
259.421
259.304
259.143
258.967
258.793
258.63
258.485
258.356
258.222
258.076
257.928
257.799
257.674
257.56
257.412
180
180
180
180
180
180
180
180
180
180
180
180
180
180
180
180
180
180
180
180
180
180
180
180
180
180
180
180
180
180
180
180
180
180
180
180
180
180.02
180.741
191.578
217.835
246.636
257.387
260.358
260.75
260.43
260.198
260.054
259.984
259.817
259.609
259.431
259.307
259.223
259.147
258.998
258.827
258.656
258.497
258.353
258.218
258.08
257.93
257.787
257.655
257.526
257.406
257.246
180
180
180
180
180
180
180
180
180
180
180
180
180
180
180
180
180
180
180
180
180
180
180
180
180
180
180
180
180
180
180
180
180
180
180
180
180
180
180.001
180.112
182.333
198.713
229.057
249.916
259.828
260.115
259.752
259.736
259.859
259.765
259.556
259.346
259.2
259.085
258.997
258.842
258.66
258.478
258.32
258.178
258.041
257.891
257.739
257.603
257.472
257.347
257.222
257.051
180
180
180
180
180
180
180
180
180
180
180
180
180
180
180
180
180
180
180
180
180
180
180
180
180
180
180
180
180
180
180
180
180
180
180
180
180
180
180
180
180.007
180.317
185.909
206.218
237.045
252.332
258.604
260.214
260.145
259.893
259.531
259.215
258.985
258.838
258.725
258.573
258.401
258.22
258.069
257.939
257.812
257.662
257.521
257.397
257.277
257.158
257.033
256.862
180
180
180
180
180
180
180
180
180
180
180
180
180
180
180
180
180
180
180
180
180
180
180
180
180
180
180
180
180
180
180
180
180
180
180
180
180
180
180
180
180
180
180.031
180.785
189.781
214.869
240.532
255.436
257.644
258.637
258.928
258.828
258.578
258.465
258.416
258.309
258.157
258.001
257.861
257.745
257.634
257.499
257.372
257.251
257.129
257.012
256.888
256.732
180
180
180
180
180
180
180
180
180
180
180
180
180
180
180
180
180
180
180
180
180
180
180
180
180
180
180
180
180
180
180
180
180
180
180
180
180
180
180
180
180
180
180
180.001
180.082
181.858
193.64
221.143
242.657
255.999
259.031
258.788
258.456
258.454
258.49
258.327
258.122
257.984
257.843
257.707
257.562
257.425
257.31
257.187
257.051
256.913
256.782
256.64
180
180
180
180
180
180
180
180
180
180
180
180
180
180
180
180
180
180
180
180
180
180
180
180
180
180
180
180
180
180
180
180
180
180
180
180
180
180
180
180
180
180
180
180
180
180.005
180.164
183.066
198.016
224.427
246.302
254.097
258.243
258.857
258.844
258.385
258.007
257.833
257.725
257.566
257.397
257.246
257.135
257.015
256.877
256.723
256.595
256.464
180
180
180
180
180
180
180
180
180
180
180
180
180
180
180
180
180
180
180
180
180
180
180
180
180
180
180
180
180
180
180
180
180
180
180
180
180
180
180
180
180
180
180
180
180
180
180
180.011
180.311
184.023
201.996
225.982
247.905
254.389
256.881
257.392
257.281
257.179
257.232
257.25
257.099
256.951
256.839
256.729
256.619
256.479
256.379
256.258
180
180
180
180
180
180
180
180
180
180
180
180
180
180
180
180
180
180
180
180
180
180
180
180
180
180
180
180
180
180
180
180
180
180
180
180
180
180
180
180
180
180
180
180
180
180
180
180
180
180.017
180.49
185.105
203.35
228.662
246.402
256.533
257.11
256.969
257.071
257.201
257.067
256.852
256.697
256.573
256.493
256.382
256.297
256.177
180
180
180
180
180
180
180
180
180
180
180
180
180
180
180
180
180
180
180
180
180
180
180
180
180
180
180
180
180
180
180
180
180
180
180
180
180
180
180
180
180
180
180
180
180
180
180
180
180
180
180.001
180.026
180.559
186.445
203.811
230.33
245.506
253.965
257.409
257.78
257.53
257.197
257.044
256.811
256.615
256.52
256.443
256.317
180
180
180
180
180
180
180
180
180
180
180
180
180
180
180
180
180
180
180
180
180
180
180
180
180
180
180
180
180
180
180
180
180
180
180
180
180
180
180
180
180
180
180
180
180
180
180
180
180
180
180
180
180.001
180.037
180.63
186.426
204.598
227.805
246.748
252.376
255.212
256.469
256.777
256.669
256.367
256.322
256.305
256.14
180
180
180
180
180
180
180
180
180
180
180
180
180
180
180
180
180
180
180
180
180
180
180
180
180
180
180
180
180
180
180
180
180
180
180
180
180
180
180
180
180
180
180
180
180
180
180
180
180
180
180
180
180
180
180.001
180.038
180.7
185.838
203.993
225.423
245.124
253.082
254.557
255.397
255.65
255.655
255.641
255.453
180
180
180
180
180
180
180
180
180
180
180
180
180
180
180
180
180
180
180
180
180
180
180
180
180
180
180
180
180
180
180
180
180
180
180
180
180
180
180
180
180
180
180
180
180
180
180
180
180
180
180
180
180
180
180
180
180.001
180.033
180.631
185.116
201.189
224.699
240.736
252.946
255.857
255.821
255.702
255.344
180
180
180
180
180
180
180
180
180
180
180
180
180
180
180
180
180
180
180
180
180
180
180
180
180
180
180
180
180
180
180
180
180
180
180
180
180
180
180
180
180
180
180
180
180
180
180
180
180
180
180
180
180
180
180
180
180
180
180.001
180.026
180.459
184.675
197.961
221.238
238.843
250.157
254.62
255.762
180
180
180
180
180
180
180
180
180
180
180
180
180
180
180
180
180
180
180
180
180
180
180
180
180
180
180
180
180
180
180
180
180
180
180
180
180
180
180
180
180
180
180
180
180
180
180
180
180
180
180
180
180
180
180
180
180
180
180
180
180.001
180.021
180.33
183.246
195.59
216.564
235.373
247.854
180
180
180
180
180
180
180
180
180
180
180
180
180
180
180
180
180
180
180
180
180
180
180
180
180
180
180
180
180
180
180
180
180
180
180
180
180
180
180
180
180
180
180
180
180
180
180
180
180
180
180
180
180
180
180
180
180
180
180
180
180
180
180.001
180.012
180.241
182.199
192.72
208.768
180
180
180
180
180
180
180
180
180
180
180
180
180
180
180
180
180
180
180
180
180
180
180
180
180
180
180
180
180
180
180
180
180
180
180
180
180
180
180
180
180
180
180
180
180
180
180
180
180
180
180
180
180
180
180
180
180
180
180
180
180
180
180
180.001
180.006
180.022
180.399
179.664
180
180
180
180
180
180
180
180
180
180
180
180
180
180
180
180
180
180
180
180
180
180
180
180
180
180
180
180
180
180
180
180
180
180
180
180
180
180
180
180
180
180
180
180
180
180
180
180
180
180
180
180
180
180
180
180
180
180
180
180
180
180
180
180.001
180.005
180.019
180.072
180.235
180
180
180
180
180
180
180
180
180
180
180
180
180
180
180
180
180
180
180
180
180
180
180
180
180
180
180
180
180
180
180
180
180
180
180
180
180
180
180
180
180
180
180
180
180
180
180
180
180
180
180
180
180
180
180
180
180
180
180
180
180
180
180
180.001
180.005
180.019
180.072
180.256
180
180
180
180
180
180
180
180
180
180
180
180
180
180
180
180
180
180
180
180
180
180
180
180
180
180
180
180
180
180
180
180
180
180
180
180
180
180
180
180
180
180
180
180
180
180
180
180
180
180
180
180
180
180
180
180
180
180
180
180
180
180
180
180.001
180.005
180.019
180.073
180.254
180
180
180
180
180
180
180
180
180
180
180
180
180
180
180
180
180
180
180
180
180
180
180
180
180
180
180
180
180
180
180
180
180
180
180
180
180
180
180
180
180
180
180
180
180
180
180
180
180
180
180
180
180
180
180
180
180
180
180
180
180
180
180
180.001
180.005
180.019
180.073
180.255
180
180
180
180
180
180
180
180
180
180
180
180
180
180
180
180
180
180
180
180
180
180
180
180
180
180
180
180
180
180
180
180
180
180
180
180
180
180
180
180
180
180
180
180
180
180
180
180
180
180
180
180
180
180
180
180
180
180
180
180
180
180
180
180.001
180.005
180.019
180.072
180.256
180
180
180
180
180
180
180
180
180
180
180
180
180
180
180
180
180
180
180
180
180
180
180
180
180
180
180
180
180
180
180
180
180
180
180
180
180
180
180
180
180
180
180
180
180
180
180
180
180
180
180
180
180
180
180
180
180
180
180
180
180
180
180
180.001
180.005
180.019
180.072
180.257
180
180
180
180
180
180
180
180
180
180
180
180
180
180
180
180
180
180
180
180
180
180
180
180
180
180
180
180
180
180
180
180
180
180
180
180
180
180
180
180
180
180
180
180
180
180
180
180
180
180
180
180
180
180
180
180
180
180
180
180
180
180
180
180.001
180.005
180.019
180.072
180.257
180
180
180
180
180
180
180
180
180
180
180
180
180
180
180
180
180
180
180
180
180
180
180
180
180
180
180
180
180
180
180
180
180
180
180
180
180
180
180
180
180
180
180
180
180
180
180
180
180
180
180
180
180
180
180
180
180
180
180
180
180
180
180
180.001
180.005
180.019
180.072
180.257
180
180
180
180
180
180
180
180
180
180
180
180
180
180
180
180
180
180
180
180
180
180
180
180
180
180
180
180
180
180
180
180
180
180
180
180
180
180
180
180
180
180
180
180
180
180
180
180
180
180
180
180
180
180
180
180
180
180
180
180
180
180
180
180.001
180.005
180.019
180.072
180.257
180
180
180
180
180
180
180
180
180
180
180
180
180
180
180
180
180
180
180
180
180
180
180
180
180
180
180
180
180
180
180
180
180
180
180
180
180
180
180
180
180
180
180
180
180
180
180
180
180
180
180
180
180
180
180
180
180
180
180
180
180
180
180
180.001
180.005
180.019
180.072
180.257
180
180
180
180
180
180
180
180
180
180
180
180
180
180
180
180
180
180
180
180
180
180
180
180
180
180
180
180
180
180
180
180
180
180
180
180
180
180
180
180
180
180
180
180
180
180
180
180
180
180
180
180
180
180
180
180
180
180
180
180
180
180
180
180.001
180.005
180.019
180.072
180.257
180
180
180
180
180
180
180
180
180
180
180
180
180
180
180
180
180
180
180
180
180
180
180
180
180
180
180
180
180
180
180
180
180
180
180
180
180
180
180
180
180
180
180
180
180
180
180
180
180
180
180
180
180
180
180
180
180
180
180
180
180
180
180
180.001
180.005
180.019
180.072
180.257
180
180
180
180
180
180
180
180
180
180
180
180
180
180
180
180
180
180
180
180
180
180
180
180
180
180
180
180
180
180
180
180
180
180
180
180
180
180
180
180
180
180
180
180
180
180
180
180
180
180
180
180
180
180
180
180
180
180
180
180
180
180
180
180.001
180.005
180.019
180.072
180.257
180
180
180
180
180
180
180
180
180
180
180
180
180
180
180
180
180
180
180
180
180
180
180
180
180
180
180
180
180
180
180
180
180
180
180
180
180
180
180
180
180
180
180
180
180
180
180
180
180
180
180
180
180
180
180
180
180
180
180
180
180
180
180
180.001
180.005
180.019
180.072
180.257
180
180
180
180
180
180
180
180
180
180
180
180
180
180
180
180
180
180
180
180
180
180
180
180
180
180
180
180
180
180
180
180
180
180
180
180
180
180
180
180
180
180
180
180
180
180
180
180
180
180
180
180
180
180
180
180
180
180
180
180
180
180
180
180.001
180.005
180.019
180.072
180.257
180
180
180
180
180
180
180
180
180
180
180
180
180
180
180
180
180
180
180
180
180
180
180
180
180
180
180
180
180
180
180
180
180
180
180
180
180
180
180
180
180
180
180
180
180
180
180
180
180
180
180
180
180
180
180
180
180
180
180
180
180
180
180
180.001
180.005
180.019
180.072
180.257
180
180
180
180
180
180
180
180
180
180
180
180
180
180
180
180
180
180
180
180
180
180
180
180
180
180
180
180
180
180
180
180
180
180
180
180
180
180
180
180
180
180
180
180
180
180
180
180
180
180
180
180
180
180
180
180
180
180
180
180
180
180
180
180.001
180.005
180.019
180.072
180.257
180
180
180
180
180
180
180
180
180
180
180
180
180
180
180
180
180
180
180
180
180
180
180
180
180
180
180
180
180
180
180
180
180
180
180
180
180
180
180
180
180
180
180
180
180
180
180
180
180
180
180
180
180
180
180
180
180
180
180
180
180
180
180
180.001
180.005
180.019
180.072
180.257
180
180
180
180
180
180
180
180
180
180
180
180
180
180
180
180
180
180
180
180
180
180
180
180
180
180
180
180
180
180
180
180
180
180
180
180
180
180
180
180
180
180
180
180
180
180
180
180
180
180
180
180
180
180
180
180
180
180
180
180
180
180
180
180.001
180.005
180.019
180.072
180.257
180
180
180
180
180
180
180
180
180
180
180
180
180
180
180
180
180
180
180
180
180
180
180
180
180
180
180
180
180
180
180
180
180
180
180
180
180
180
180
180
180
180
180
180
180
180
180
180
180
180
180
180
180
180
180
180
180
180
180
180
180
180
180
180.001
180.005
180.019
180.072
180.257
180
180
180
180
180
180
180
180
180
180
180
180
180
180
180
180
180
180
180
180
180
180
180
180
180
180
180
180
180
180
180
180
180
180
180
180
180
180
180
180
180
180
180
180
180
180
180
180
180
180
180
180
180
180
180
180
180
180
180
180
180
180
180
180.001
180.005
180.019
180.072
180.257
180
180
180
180
180
180
180
180
180
180
180
180
180
180
180
180
180
180
180
180
180
180
180
180
180
180
180
180
180
180
180
180
180
180
180
180
180
180
180
180
180
180
180
180
180
180
180
180
180
180
180
180
180
180
180
180
180
180
180
180
180
180
180
180.001
180.005
180.019
180.072
180.257
180
180
180
180
180
180
180
180
180
180
180
180
180
180
180
180
180
180
180
180
180
180
180
180
180
180
180
180
180
180
180
180
180
180
180
180
180
180
180
180
180
180
180
180
180
180
180
180
180
180
180
180
180
180
180
180
180
180
180
180
180
180
180
180.001
180.005
180.019
180.072
180.257
180
180
180
180
180
180
180
180
180
180
180
180
180
180
180
180
180
180
180
180
180
180
180
180
180
180
180
180
180
180
180
180
180
180
180
180
180
180
180
180
180
180
180
180
180
180
180
180
180
180
180
180
180
180
180
180
180
180
180
180
180
180
180
180.001
180.005
180.019
180.072
180.257
180
180
180
180
180
180
180
180
180
180
180
180
180
180
180
180
180
180
180
180
180
180
180
180
180
180
180
180
180
180
180
180
180
180
180
180
180
180
180
180
180
180
180
180
180
180
180
180
180
180
180
180
180
180
180
180
180
180
180
180
180
180
180
180.001
180.005
180.019
180.072
180.257
180
180
180
180
180
180
180
180
180
180
180
180
180
180
180
180
180
180
180
180
180
180
180
180
180
180
180
180
180
180
180
180
180
180
180
180
180
180
180
180
180
180
180
180
180
180
180
180
180
180
180
180
180
180
180
180
180
180
180
180
180
180
180
180.001
180.005
180.019
180.072
180.257
180
180
180
180
180
180
180
180
180
180
180
180
180
180
180
180
180
180
180
180
180
180
180
180
180
180
180
180
180
180
180
180
180
180
180
180
180
180
180
180
180
180
180
180
180
180
180
180
180
180
180
180
180
180
180
180
180
180
180
180
180
180
180
180.001
180.005
180.019
180.072
180.257
180
180
180
180
180
180
180
180
180
180
180
180
180
180
180
180
180
180
180
180
180
180
180
180
180
180
180
180
180
180
180
180
180
180
180
180
180
180
180
180
180
180
180
180
180
180
180
180
180
180
180
180
180
180
180
180
180
180
180
180
180
180
180
180.001
180.005
180.019
180.072
180.257
180
180
180
180
180
180
180
180
180
180
180
180
180
180
180
180
180
180
180
180
180
180
180
180
180
180
180
180
180
180
180
180
180
180
180
180
180
180
180
180
180
180
180
180
180
180
180
180
180
180
180
180
180
180
180
180
180
180
180
180
180
180
180
180.001
180.005
180.019
180.072
180.257
180
180
180
180
180
180
180
180
180
180
180
180
180
180
180
180
180
180
180
180
180
180
180
180
180
180
180
180
180
180
180
180
180
180
180
180
180
180
180
180
180
180
180
180
180
180
180
180
180
180
180
180
180
180
180
180
180
180
180
180
180
180
180
180.001
180.005
180.019
180.072
180.257
180
180
180
180
180
180
180
180
180
180
180
180
180
180
180
180
180
180
180
180
180
180
180
180
180
180
180
180
180
180
180
180
180
180
180
180
180
180
180
180
180
180
180
180
180
180
180
180
180
180
180
180
180
180
180
180
180
180
180
180
180
180
180
180.001
180.005
180.019
180.072
180.257
180
180
180
180
180
180
180
180
180
180
180
180
180
180
180
180
180
180
180
180
180
180
180
180
180
180
180
180
180
180
180
180
180
180
180
180
180
180
180
180
180
180
180
180
180
180
180
180
180
180
180
180
180
180
180
180
180
180
180
180
180
180
180
180.001
180.005
180.019
180.072
180.257
180
180
180
180
180
180
180
180
180
180
180
180
180
180
180
180
180
180
180
180
180
180
180
180
180
180
180
180
180
180
180
180
180
180
180
180
180
180
180
180
180
180
180
180
180
180
180
180
180
180
180
180
180
180
180
180
180
180
180
180
180
180
180
180.001
180.005
180.019
180.072
180.257
180
180
180
180
180
180
180
180
180
180
180
180
180
180
180
180
180
180
180
180
180
180
180
180
180
180
180
180
180
180
180
180
180
180
180
180
180
180
180
180
180
180
180
180
180
180
180
180
180
180
180
180
180
180
180
180
180
180
180
180
180
180
180
180.001
180.005
180.019
180.072
180.257
180
180
180
180
180
180
180
180
180
180
180
180
180
180
180
180
180
180
180
180
180
180
180
180
180
180
180
180
180
180
180
180
180
180
180
180
180
180
180
180
180
180
180
180
180
180
180
180
180
180
180
180
180
180
180
180
180
180
180
180
180
180
180
180.001
180.005
180.019
180.072
180.257
180
180
180
180
180
180
180
180
180
180
180
180
180
180
180
180
180
180
180
180
180
180
180
180
180
180
180
180
180
180
180
180
180
180
180
180
180
180
180
180
180
180
180
180
180
180
180
180
180
180
180
180
180
180
180
180
180
180
180
180
180
180
180
180.001
180.005
180.019
180.072
180.257
180
180
180
180
180
180
180
180
180
180
180
180
180
180
180
180
180
180
180
180
180
180
180
180
180
180
180
180
180
180
180
180
180
180
180
180
180
180
180
180
180
180
180
180
180
180
180
180
180
180
180
180
180
180
180
180
221.857
192.613
192.923
196.606
200.665
202.372
203.339
203.815
204.507
204.381
202.594
199.12
196.609
194.814
193.885
193.708
193.447
192.914
192.706
190.946
243.077
217.378
204.407
198.888
198.853
199.965
201.521
203.118
203.907
203.739
201.964
198.536
196.053
194.311
193.436
193.295
193.068
192.65
192.437
190.668
250.859
226.261
206.794
198.479
195.732
196.441
198.751
201.231
202.225
202.006
200.334
197.139
194.819
193.178
192.42
192.375
192.234
191.804
191.579
189.823
255.806
235.027
214.034
202.304
194.163
194.842
196.449
199.054
200.218
199.994
198.403
195.319
193.032
191.404
190.704
190.728
190.665
190.367
190.167
188.418
259.271
241.62
221.985
207.18
195.672
194.838
195.394
197.069
198.69
198.505
197.004
193.978
191.597
189.846
189.063
189.089
189.053
188.791
188.592
186.821
261.571
246.476
229.029
213.445
201.267
195.265
194.7
195.652
197.634
197.581
196.237
193.298
190.741
188.789
187.783
187.763
187.708
187.448
187.235
185.4
263.021
250.097
234.845
219.254
207.048
197.029
194.231
195.221
197.068
197.079
195.884
193.111
190.373
188.228
186.968
186.891
186.811
186.511
186.244
184.323
263.914
252.85
239.361
224.488
212.431
201.29
195.161
195.432
196.38
196.565
195.667
193.152
190.189
187.866
186.376
186.27
186.179
185.859
185.55
183.552
264.459
255.022
242.917
229.155
216.996
206.252
196.781
195.368
195.566
196.012
195.453
193.206
190.081
187.581
185.904
185.776
185.692
185.383
185.05
182.998
264.829
256.67
245.982
233.059
221.41
210.483
200.539
196.114
195.294
195.64
195.291
193.231
189.968
187.271
185.483
185.333
185.266
184.968
184.626
182.552
265.067
258.04
248.563
236.308
225.705
213.824
205.179
196.932
195.208
195.468
195.173
193.207
189.862
186.997
185.135
184.939
184.884
184.573
184.213
182.14
265.181
259.21
250.69
239.327
229.258
217.54
209.089
199.123
196.372
195.568
194.894
193.071
189.792
186.834
184.879
184.594
184.533
184.196
183.826
181.765
265.176
260.136
252.53
241.994
232.399
221.319
212.367
202.87
197.744
195.309
194.573
192.917
189.708
186.691
184.643
184.296
184.219
183.863
183.5
181.449
265.102
260.89
254.072
244.444
235.154
224.903
215.579
206.685
199.814
195.796
194.481
192.703
189.618
186.549
184.396
184.066
183.982
183.613
183.261
181.212
264.958
261.504
255.393
246.626
237.727
228.069
218.802
210.154
202.591
197.071
194.841
192.576
189.574
186.389
184.146
183.916
183.826
183.439
183.081
181.025
264.789
261.983
256.58
248.529
240.115
230.953
221.772
213.5
205.595
198.859
195.599
192.793
189.57
186.157
183.873
183.751
183.674
183.284
182.912
180.841
264.61
262.353
257.589
250.243
242.248
233.616
224.572
216.486
208.769
201.174
196.739
193.086
189.772
185.99
183.617
183.564
183.496
183.115
182.735
180.651
264.417
262.607
258.44
251.744
244.174
235.987
227.283
219.188
211.797
203.811
198.264
193.678
190.219
185.846
183.464
183.409
183.319
182.931
182.535
180.449
264.192
262.749
259.13
253.053
245.944
238.068
229.823
221.82
214.482
206.742
200.005
194.66
190.493
185.94
183.439
183.259
183.136
182.743
182.346
180.254
263.954
262.813
259.7
254.171
247.562
240.007
232.077
224.382
217.028
209.6
201.949
196.512
190.571
186.14
183.448
183.093
182.962
182.578
182.165
180.061
263.727
262.812
260.16
255.177
248.985
241.858
234.159
226.73
219.489
212.303
204.164
198.602
191.2
186.476
183.278
182.961
182.825
182.404
181.988
179.877
263.516
262.792
260.541
256.07
250.313
243.514
236.171
228.889
221.782
214.815
206.671
200.481
192.416
187.092
183.164
182.871
182.72
182.241
181.828
179.706
263.302
262.734
260.85
256.855
251.521
245.044
238.02
230.925
224
217.061
209.232
202.478
194.297
187.945
183
182.812
182.583
182.045
181.675
179.542
263.058
262.621
261.06
257.522
252.599
246.442
239.736
232.83
226.097
219.233
211.621
204.614
196.36
189.178
183.208
182.881
182.417
181.828
181.531
179.389
262.762
262.427
261.151
258.055
253.547
247.73
241.327
234.649
228.076
221.33
213.847
206.841
198.416
190.654
183.953
183.095
182.226
181.603
181.385
179.23
262.422
262.173
261.139
258.477
254.385
248.917
242.837
236.371
229.984
223.354
215.959
209.014
200.538
192.302
185.109
183.352
182.073
181.417
181.244
179.055
262.074
261.894
261.074
258.807
255.136
250.031
244.264
238.033
231.812
225.314
218.016
211.076
202.642
194.173
186.591
183.685
182.031
181.365
181.105
178.844
261.752
261.619
260.974
259.073
255.815
251.078
245.633
239.618
233.583
227.219
220.015
213.074
204.702
196.075
188.308
184.325
182.309
181.363
180.95
178.615
261.481
261.374
260.872
259.304
256.44
252.07
246.933
241.15
235.291
229.053
221.978
215.011
206.642
198.037
190.236
185.133
182.88
181.407
180.851
178.456
261.234
261.147
260.771
259.506
257.016
253.005
248.17
242.614
236.946
230.823
223.836
216.916
208.485
199.939
192.253
186.344
183.588
181.544
180.809
178.312
260.986
260.911
260.646
259.661
257.527
253.877
249.336
244.014
238.522
232.525
225.594
218.717
210.257
201.811
194.186
188.113
184.281
181.664
180.837
178.223
260.725
260.657
260.473
259.723
257.938
254.657
250.424
245.333
240.016
234.122
227.276
220.4
211.951
203.613
196.121
189.976
185.324
181.886
180.975
178.173
260.459
260.398
260.258
259.692
258.234
255.332
251.412
246.566
241.416
235.613
228.865
221.986
213.561
205.351
198.049
191.805
186.783
182.38
181.084
178.08
260.213
260.144
260.019
259.594
258.414
255.886
252.293
247.704
242.722
237.009
230.346
223.523
215.062
207.054
199.907
193.716
188.292
183.374
181.265
178.009
259.992
259.911
259.792
259.46
258.509
256.331
253.067
248.753
243.943
238.324
231.763
224.954
216.541
208.692
201.711
195.61
189.983
184.564
181.622
178.036
259.784
259.7
259.592
259.325
258.557
256.694
253.751
249.722
245.1
239.573
233.13
226.322
217.956
210.308
203.485
197.422
191.755
185.92
182.263
178.165
259.598
259.516
259.419
259.201
258.576
257.001
254.37
250.635
246.204
240.781
234.435
227.644
219.322
211.897
205.226
199.193
193.5
187.46
183.124
178.384
259.42
259.332
259.241
259.054
258.56
257.261
254.941
251.501
247.266
241.944
235.707
228.899
220.671
213.458
206.915
200.948
195.199
189.042
184.246
178.785
259.224
259.119
259.026
258.862
258.483
257.443
255.444
252.317
248.278
243.06
236.919
230.11
221.987
215.001
208.579
202.624
196.902
190.645
185.523
179.416
259.009
258.885
258.79
258.641
258.349
257.538
255.858
253.058
249.224
244.12
238.073
231.275
223.281
216.523
210.206
204.265
198.537
192.278
186.924
180.17
258.798
258.665
258.563
258.428
258.202
257.575
256.187
253.715
250.094
245.117
239.174
232.38
224.566
218.016
211.787
205.886
200.134
193.887
188.42
181.14
258.6
258.47
258.359
258.25
258.061
257.574
256.445
254.286
250.882
246.056
240.21
233.458
225.817
219.491
213.35
207.434
201.734
195.481
189.929
182.244
258.411
258.29
258.17
258.072
257.9
257.536
256.636
254.773
251.59
246.937
241.194
234.484
227.06
220.937
214.86
209.003
203.269
197.051
191.492
183.46
258.226
258.099
257.973
257.868
257.697
257.422
256.723
255.141
252.188
247.748
242.114
235.469
228.281
222.355
216.362
210.509
204.818
198.601
193.012
184.761
258.041
257.898
257.765
257.641
257.49
257.273
256.72
255.387
252.654
248.469
242.957
236.419
229.479
223.76
217.828
212.018
206.321
200.111
194.545
186.107
257.875
257.709
257.569
257.429
257.303
257.123
256.696
255.539
252.973
249.076
243.721
237.327
230.675
225.139
219.278
213.498
207.805
201.603
196.031
187.479
257.732
257.554
257.4
257.254
257.133
256.985
256.646
255.593
253.162
249.584
244.4
238.212
231.861
226.504
220.701
214.951
209.272
203.053
197.501
188.866
257.59
257.417
257.259
257.126
256.997
256.856
256.555
255.573
253.255
250.017
245.006
239.073
233.037
227.844
222.094
216.387
210.707
204.486
198.943
190.255
257.428
257.254
257.108
256.988
256.863
256.719
256.419
255.456
253.237
250.341
245.514
239.902
234.196
229.154
223.46
217.791
212.128
205.892
200.362
191.644
257.265
257.085
256.935
256.816
256.708
256.567
256.265
255.257
253.12
250.468
245.888
240.697
235.336
230.442
224.797
219.176
213.523
207.282
201.763
193.024
257.107
256.932
256.772
256.628
256.521
256.376
256.073
254.973
252.842
250.437
246.184
241.477
236.468
231.706
226.112
220.535
214.897
208.656
203.145
194.394
256.934
256.787
256.627
256.458
256.316
256.13
255.776
254.553
252.503
250.37
246.492
242.275
237.59
232.948
227.401
221.872
216.247
210.014
204.514
195.753
256.737
256.611
256.471
256.305
256.128
255.878
255.375
254.015
252.174
250.278
246.832
243.082
238.687
234.153
228.662
223.183
217.568
211.356
205.874
197.106
256.583
256.425
256.269
256.121
255.934
255.615
254.907
253.438
251.74
250.008
247.102
243.84
239.735
235.315
229.891
224.465
218.858
212.679
207.228
198.456
256.504
256.298
256.08
255.901
255.696
255.299
254.502
252.858
251.173
249.587
247.27
244.523
240.728
236.435
231.091
225.716
220.116
213.984
208.58
199.804
256.392
256.227
255.971
255.74
255.439
254.962
254.02
252.136
250.525
249.203
247.438
245.164
241.678
237.526
232.266
226.943
221.355
215.281
209.925
201.143
256.189
256.064
255.881
255.661
255.26
254.669
253.349
251.316
249.991
248.941
247.651
245.778
242.582
238.579
233.416
228.158
222.593
216.578
211.258
202.464
255.976
255.805
255.652
255.501
255.205
254.431
252.543
250.568
249.589
248.766
247.867
246.316
243.39
239.561
234.527
229.363
223.84
217.874
212.568
203.759
255.978
255.6
255.399
255.174
254.913
253.854
251.663
250.063
249.272
248.621
247.978
246.682
244.036
240.434
235.587
230.553
225.082
219.153
213.845
205.024
255.949
255.652
255.324
254.896
254.351
252.904
250.875
249.722
248.996
248.537
247.993
246.88
244.53
241.205
236.597
231.716
226.296
220.399
215.091
206.271
255.462
255.47
255.405
255.033
253.87
251.826
250.189
249.318
248.79
248.477
247.978
246.985
244.929
241.909
237.576
232.852
227.467
221.604
216.318
207.518
254.931
254.873
254.944
254.577
252.947
250.904
249.669
248.926
248.64
248.399
247.95
247.081
245.296
242.576
238.526
233.957
228.596
222.78
217.548
208.784
255.081
254.732
254.268
253.286
251.565
250.133
249.251
248.816
248.597
248.329
247.907
247.168
245.646
243.215
239.439
235.024
229.697
223.943
218.786
210.073
253.122
255.477
255.013
252.87
250.821
249.622
249.099
248.834
248.622
248.327
247.893
247.212
245.931
243.803
240.301
236.052
230.801
225.126
220.037
211.376
240.446
254.026
253.284
251.689
250.178
249.215
249.075
248.914
248.655
248.326
247.914
247.286
246.221
244.361
241.13
237.062
231.936
226.355
221.307
212.679
207.294
240.6
248.14
250.2
249.866
249.462
249.325
249.09
248.65
248.258
247.922
247.438
246.502
244.875
241.921
238.07
233.115
227.637
222.592
213.969
184.103
208.01
235.613
246.41
248.11
248.784
249.292
249.27
248.838
248.348
247.941
247.527
246.729
245.281
242.621
239.036
234.287
228.928
223.882
215.241
181.945
188.864
209.443
230.388
245.696
248.051
248.993
248.938
248.819
248.394
247.898
247.478
246.761
245.497
243.163
239.895
235.366
230.142
225.135
216.482
181.979
187.906
194.583
207.229
230.219
242.924
248.643
248.634
248.759
248.198
247.643
247.314
246.683
245.56
243.549
240.61
236.301
231.234
226.316
217.677
181.977
188.155
193.407
196.061
206.418
228.412
243.987
246.751
248.309
247.604
247.15
247.054
246.52
245.561
243.876
241.211
237.114
232.222
227.418
218.83
181.948
188.299
193.734
194.837
196.126
206.386
227.725
243.484
247.696
247.515
247.167
246.813
246.395
245.696
244.128
241.682
237.847
233.165
228.463
219.95
181.936
188.259
194.001
194.932
194.994
196.155
206.017
231.665
242.863
247.185
246.997
246.507
246.213
245.663
244.242
242.019
238.502
234.081
229.468
221.05
181.936
188.24
194.02
194.993
194.976
194.964
196.192
210.23
232.032
245.529
246.245
246.367
246.07
245.492
244.198
242.232
239.062
234.942
230.441
222.149
181.936
188.24
194.014
195.004
194.982
194.921
194.947
197.308
213.155
236.949
243.624
246.342
245.599
245.125
244.105
242.436
239.572
235.734
231.393
223.254
181.936
188.241
194.012
195.006
194.986
194.928
194.89
195.012
198.632
218.641
239.725
245.773
244.696
244.813
244.142
242.569
240.011
236.415
232.291
224.341
181.936
188.241
194.012
195.005
194.986
194.931
194.889
194.883
195.148
201.494
226.727
241.464
243.518
244.683
244.072
242.773
240.389
236.965
233.084
225.362
181.936
188.241
194.012
195.005
194.986
194.93
194.893
194.877
194.884
195.595
207.539
230.727
243.941
244.159
243.767
242.884
240.709
237.512
233.807
226.286
181.936
188.241
194.012
195.005
194.986
194.93
194.893
194.88
194.878
194.89
196.999
213.371
238.262
242.286
243.19
242.801
240.85
238.087
234.48
227.093
181.936
188.241
194.012
195.005
194.986
194.93
194.893
194.882
194.876
194.859
194.983
199.63
223.546
239.996
243.529
242.276
240.661
238.569
235.087
227.837
181.936
188.241
194.012
195.005
194.986
194.93
194.893
194.882
194.876
194.865
194.834
195.355
206.124
231.505
242.404
241.051
240.315
238.739
235.487
228.522
181.936
188.241
194.012
195.005
194.986
194.93
194.893
194.882
194.876
194.867
194.832
194.852
196.976
215.498
237.463
240.795
240.617
238.746
235.642
229.048
181.936
188.241
194.012
195.005
194.986
194.93
194.893
194.882
194.876
194.868
194.832
194.831
195.022
201.241
225.414
239.358
240.374
238.458
235.698
229.52
181.936
188.241
194.012
195.005
194.986
194.93
194.893
194.882
194.876
194.868
194.833
194.832
194.853
195.776
209.277
233.514
239.502
238.206
235.983
229.961
181.936
188.241
194.012
195.005
194.986
194.93
194.893
194.882
194.876
194.867
194.833
194.833
194.854
194.927
198.519
220.822
236.687
237.796
236.14
230.329
181.936
188.241
194.012
195.005
194.986
194.93
194.892
194.882
194.876
194.867
194.833
194.835
194.858
194.873
195.325
206.05
229.229
237.032
235.759
230.68
181.936
188.241
194.012
195.005
194.986
194.93
194.892
194.882
194.876
194.867
194.833
194.835
194.861
194.874
194.899
197.454
216.326
234.309
234.855
230.763
181.936
188.241
194.012
195.005
194.986
194.93
194.892
194.882
194.876
194.867
194.833
194.834
194.863
194.875
194.87
195.165
203.193
226.827
233.726
230.603
181.936
188.241
194.012
195.005
194.986
194.93
194.893
194.882
194.876
194.867
194.833
194.834
194.863
194.877
194.87
194.878
196.632
213.76
230.871
229.925
181.936
188.241
194.012
195.005
194.986
194.93
194.893
194.882
194.876
194.867
194.833
194.834
194.863
194.877
194.871
194.859
195.051
201.911
223.682
228.415
181.936
188.241
194.012
195.005
194.986
194.93
194.893
194.882
194.876
194.867
194.833
194.834
194.862
194.877
194.872
194.859
194.867
196.377
212.009
225.804
181.936
188.241
194.012
195.005
194.986
194.93
194.893
194.882
194.876
194.867
194.833
194.834
194.862
194.877
194.872
194.86
194.854
195.047
201.441
220.627
181.936
188.241
194.012
195.005
194.986
194.93
194.893
194.882
194.876
194.867
194.833
194.834
194.862
194.877
194.872
194.861
194.854
194.871
196.381
213.07
181.936
188.241
194.012
195.005
194.986
194.93
194.893
194.882
194.876
194.867
194.833
194.834
194.862
194.877
194.872
194.861
194.854
194.85
195.066
205.356
181.936
188.241
194.012
195.005
194.986
194.93
194.893
194.882
194.876
194.867
194.833
194.834
194.862
194.877
194.872
194.861
194.855
194.849
194.857
200.069
181.936
188.241
194.012
195.005
194.986
194.93
194.893
194.882
194.876
194.867
194.833
194.834
194.862
194.877
194.872
194.861
194.855
194.849
194.815
197.386
181.936
188.241
194.012
195.005
194.986
194.93
194.893
194.882
194.876
194.867
194.833
194.834
194.862
194.877
194.872
194.861
194.855
194.848
194.799
196.191
181.936
188.241
194.012
195.005
194.986
194.93
194.893
194.882
194.876
194.867
194.833
194.834
194.862
194.877
194.872
194.861
194.855
194.846
194.789
195.625
181.936
188.241
194.012
195.005
194.986
194.93
194.893
194.882
194.876
194.867
194.833
194.834
194.862
194.877
194.872
194.86
194.856
194.845
194.782
195.301
181.936
188.241
194.012
195.005
194.986
194.93
194.893
194.882
194.876
194.867
194.833
194.834
194.862
194.877
194.872
194.86
194.856
194.845
194.778
195.083
181.936
188.241
194.012
195.005
194.986
194.93
194.893
194.882
194.876
194.867
194.833
194.834
194.862
194.877
194.872
194.86
194.856
194.845
194.775
194.922
181.936
188.241
194.012
195.005
194.986
194.93
194.893
194.882
194.876
194.867
194.833
194.834
194.862
194.877
194.872
194.86
194.856
194.846
194.776
194.802
181.936
188.241
194.012
195.005
194.986
194.93
194.893
194.882
194.876
194.867
194.833
194.834
194.862
194.877
194.872
194.86
194.855
194.847
194.789
194.715
)
;

boundaryField
{
    inlet
    {
        type            fixedValue;
        value           nonuniform List<scalar> 0();
    }
    outlet
    {
        type            zeroGradient;
    }
    bottom
    {
        type            symmetryPlane;
    }
    top
    {
        type            zeroGradient;
    }
    obstacle
    {
        type            zeroGradient;
    }
    defaultFaces
    {
        type            empty;
    }
    procBoundary1to0
    {
        type            processor;
        value           nonuniform List<scalar> 
103
(
272.962
274.262
275.841
277.32
278.029
277.811
277.371
276.943
276.99
278.172
280.17
280.049
267.083
219.406
182.425
180.01
180
180
180
180
180
180
180
180
180
180
180
180
180
180
180
180
180
180
180
180
180
180
180
180
180
180
180
180
180
180
180
180
180
180
180
180
180
180
180
180
180
180
180
180
180
180
180
180
180
180
180
180
180
180
180
180
180
180
180
180
180
180
180
180
180
180
180
180
180
180
180
180
180
180
180
180
180
180
180
180
180
180
180
180
180
180
180
)
;
    }
    procBoundary1to3
    {
        type            processor;
        value           nonuniform List<scalar> 
89
(
180
180
180
180
180
180
180
180.001
180.005
180.019
180.072
180.257
180
180
180
180
180
180
180
180
180
180
180
180
180
180
180
180
180
180
180
180
180
180
180
180
180
180
180
180
180
180
180
180
180
180
180
180
180
180
180
180
180
180
180
180
180
180
180
180
180
180
180
180
180
180
180
180
180
181.936
188.241
194.012
195.005
194.986
194.93
194.893
194.882
194.876
194.867
194.833
194.834
194.862
194.877
194.872
194.861
194.855
194.847
194.798
194.666
)
;
    }
}


// ************************************************************************* //
