/*--------------------------------*- C++ -*----------------------------------*\
| =========                 |                                                 |
| \\      /  F ield         | OpenFOAM: The Open Source CFD Toolbox           |
|  \\    /   O peration     | Version:  2306                                  |
|   \\  /    A nd           | Website:  www.openfoam.com                      |
|    \\/     M anipulation  |                                                 |
\*---------------------------------------------------------------------------*/
FoamFile
{
    version     2.0;
    format      ascii;
    arch        "LSB;label=32;scalar=64";
    class       volScalarField;
    location    "6e-05";
    object      rho;
}
// * * * * * * * * * * * * * * * * * * * * * * * * * * * * * * * * * * * * * //

dimensions      [1 -3 0 0 0 0 0];

internalField   nonuniform List<scalar> 
9032
(
1.42137
1.42045
1.41865
1.41705
1.41666
1.41679
1.41739
1.41791
1.4182
1.41788
1.41717
1.41701
1.41712
1.41752
1.41769
1.41769
1.41749
1.41715
1.41682
1.41654
1.41624
1.41588
1.41547
1.41523
1.41544
1.41597
1.41672
1.4175
1.41876
1.4211
1.42529
1.43185
1.43908
1.44442
1.44747
1.44926
1.45001
1.45021
1.45021
1.4502
1.45028
1.4504
1.45036
1.45004
1.44949
1.44868
1.44769
1.44664
1.44573
1.44492
1.44412
1.44325
1.44231
1.44133
1.4403
1.43921
1.43806
1.43679
1.43534
1.43367
1.43178
1.42979
1.42789
1.42623
1.4249
1.42375
1.42285
1.42238
1.41861
1.41762
1.41661
1.41591
1.41587
1.41617
1.41655
1.41669
1.41655
1.41581
1.4152
1.41511
1.41536
1.41601
1.41624
1.41612
1.41572
1.41528
1.41513
1.41517
1.41534
1.41545
1.41549
1.41547
1.41555
1.41588
1.41641
1.41731
1.41894
1.42188
1.42721
1.43485
1.44209
1.44656
1.44865
1.44962
1.44992
1.44998
1.44997
1.44993
1.4499
1.44984
1.44965
1.44924
1.44864
1.4479
1.44705
1.44615
1.44522
1.4443
1.44339
1.44246
1.44149
1.44046
1.43938
1.43825
1.43705
1.43576
1.43436
1.43284
1.43119
1.42947
1.42773
1.42618
1.4249
1.42381
1.42264
1.42163
1.41278
1.41286
1.41287
1.41307
1.41327
1.41371
1.41429
1.41451
1.41431
1.41361
1.41295
1.41278
1.41288
1.41328
1.41359
1.41346
1.41308
1.41262
1.41251
1.41263
1.41305
1.41373
1.41426
1.4146
1.41487
1.41517
1.41568
1.41669
1.41858
1.42224
1.42872
1.43682
1.44337
1.44658
1.44808
1.44873
1.44893
1.44899
1.44906
1.44911
1.44907
1.44891
1.4486
1.44815
1.4476
1.44697
1.44628
1.44552
1.44465
1.4437
1.44271
1.44172
1.44071
1.43967
1.43857
1.43743
1.43622
1.43494
1.43362
1.43227
1.43087
1.42938
1.4279
1.42641
1.42491
1.42348
1.42211
1.42098
1.40962
1.40947
1.40922
1.40939
1.40984
1.41064
1.41158
1.41223
1.41222
1.41202
1.41167
1.41143
1.41139
1.41145
1.41153
1.41138
1.41117
1.41097
1.41097
1.41117
1.41157
1.41218
1.41269
1.41311
1.41349
1.4139
1.4145
1.41571
1.41821
1.42278
1.43031
1.43848
1.44412
1.4465
1.44763
1.44812
1.44831
1.44839
1.44845
1.4485
1.44843
1.44818
1.44776
1.44729
1.44679
1.44621
1.44554
1.44476
1.44386
1.44287
1.44181
1.44074
1.43968
1.4386
1.43749
1.43631
1.43509
1.43386
1.43267
1.43154
1.43043
1.42928
1.42795
1.42646
1.42487
1.4232
1.42151
1.42016
1.40825
1.40809
1.40804
1.40822
1.40873
1.40942
1.41039
1.41142
1.41164
1.41159
1.41132
1.41091
1.41071
1.41058
1.41062
1.41056
1.41046
1.41028
1.41018
1.41031
1.41061
1.41114
1.41175
1.4123
1.41272
1.41315
1.41385
1.41526
1.41834
1.424
1.43236
1.44031
1.44487
1.44668
1.44762
1.44802
1.44813
1.44819
1.44819
1.44816
1.44802
1.44773
1.44731
1.44681
1.44624
1.4456
1.44491
1.4441
1.4432
1.44222
1.44119
1.4401
1.43898
1.43784
1.43667
1.43545
1.43421
1.43303
1.4319
1.43081
1.42978
1.42874
1.42758
1.42624
1.42466
1.42292
1.4211
1.41959
1.41127
1.41031
1.40948
1.40931
1.40931
1.40963
1.41048
1.41126
1.41159
1.41174
1.41169
1.41154
1.4114
1.41138
1.41135
1.41123
1.4111
1.41082
1.41062
1.4107
1.41094
1.41137
1.41191
1.41239
1.41276
1.41319
1.41399
1.41568
1.41948
1.42625
1.43512
1.44252
1.44593
1.44727
1.448
1.44833
1.44845
1.44847
1.44843
1.44832
1.44813
1.44782
1.44736
1.44675
1.44603
1.44528
1.44455
1.44377
1.44292
1.44197
1.44093
1.43979
1.43856
1.43731
1.43605
1.43479
1.43359
1.43247
1.43136
1.43025
1.42912
1.42796
1.42681
1.42556
1.42416
1.4226
1.42092
1.41958
1.4141
1.41424
1.41355
1.41224
1.41091
1.4105
1.41091
1.41148
1.41196
1.41236
1.41243
1.41237
1.41239
1.41258
1.41273
1.41282
1.41292
1.41286
1.41254
1.41241
1.4125
1.4127
1.41299
1.41323
1.41344
1.41381
1.41471
1.41686
1.42153
1.42934
1.43828
1.44466
1.44712
1.44817
1.44879
1.44912
1.44925
1.44924
1.44912
1.44894
1.44867
1.44827
1.44776
1.44711
1.44635
1.44556
1.44479
1.44399
1.44311
1.44215
1.44108
1.4399
1.43862
1.43731
1.43599
1.43471
1.43351
1.43237
1.43123
1.43003
1.42876
1.42747
1.42623
1.42501
1.42384
1.42264
1.42127
1.42013
1.41657
1.41796
1.41748
1.41566
1.41399
1.41369
1.41384
1.41417
1.41452
1.41481
1.41486
1.41471
1.41455
1.41454
1.4147
1.41494
1.41516
1.41527
1.41518
1.41506
1.41507
1.41519
1.41529
1.41529
1.41533
1.41564
1.41666
1.41936
1.42491
1.4335
1.44195
1.44696
1.44879
1.44966
1.45026
1.45066
1.45081
1.45076
1.45053
1.45031
1.45002
1.44959
1.44905
1.44839
1.44754
1.44655
1.44563
1.44476
1.44384
1.44285
1.44173
1.44045
1.43904
1.43762
1.43625
1.43495
1.43372
1.43252
1.43133
1.4301
1.42881
1.4275
1.4262
1.42496
1.42378
1.42273
1.42164
1.42083
1.4193
1.42093
1.41965
1.41797
1.41734
1.41735
1.41728
1.41728
1.41752
1.4176
1.41749
1.41728
1.41712
1.41709
1.41719
1.41732
1.41741
1.41744
1.41749
1.41752
1.41746
1.41738
1.4173
1.41713
1.41709
1.4174
1.41865
1.42204
1.42866
1.43784
1.44566
1.44958
1.45088
1.45159
1.45213
1.45251
1.45264
1.45256
1.45224
1.45192
1.45157
1.4511
1.45052
1.44984
1.44901
1.44801
1.44696
1.44597
1.44498
1.44393
1.44275
1.44139
1.43987
1.43837
1.43699
1.4357
1.43449
1.43332
1.43214
1.4309
1.42951
1.42795
1.42645
1.42519
1.42407
1.42312
1.42215
1.42146
1.42438
1.42302
1.42026
1.41963
1.41958
1.41909
1.41849
1.41844
1.41873
1.41873
1.4185
1.4183
1.41825
1.41832
1.41841
1.41854
1.41878
1.41899
1.4192
1.41933
1.41927
1.41904
1.41877
1.41849
1.41842
1.41879
1.42037
1.42436
1.43201
1.4414
1.44869
1.4516
1.45259
1.45323
1.45373
1.45404
1.45412
1.45398
1.45359
1.45319
1.45282
1.45235
1.45176
1.45108
1.45028
1.44932
1.44825
1.44716
1.44608
1.44495
1.44369
1.44224
1.44065
1.43909
1.43769
1.43643
1.43525
1.43412
1.43303
1.43186
1.43058
1.42912
1.42757
1.42613
1.4249
1.42383
1.42278
1.42211
1.43046
1.42366
1.42019
1.42051
1.42041
1.41922
1.4185
1.41859
1.41903
1.41905
1.41882
1.41862
1.41844
1.41844
1.41851
1.41873
1.41907
1.41939
1.4196
1.41973
1.41959
1.41935
1.41904
1.41874
1.41867
1.41922
1.42136
1.42642
1.43512
1.44465
1.45107
1.45304
1.45378
1.45436
1.45481
1.45505
1.4551
1.45495
1.45456
1.45409
1.45369
1.45323
1.45267
1.45197
1.45106
1.45002
1.44892
1.44782
1.44669
1.4455
1.4442
1.44279
1.4413
1.43979
1.43837
1.43712
1.43595
1.43484
1.43377
1.43266
1.43147
1.43018
1.42879
1.42732
1.42585
1.42453
1.42324
1.42245
1.41717
1.41662
1.41874
1.42048
1.41964
1.41807
1.41797
1.41847
1.41873
1.41872
1.41865
1.41868
1.4185
1.41846
1.41852
1.41869
1.41901
1.41939
1.41966
1.41984
1.41967
1.41927
1.41892
1.41866
1.41865
1.41953
1.42234
1.42858
1.43814
1.44755
1.45287
1.45423
1.4547
1.45509
1.45537
1.45547
1.45542
1.45518
1.45474
1.45422
1.45373
1.45323
1.45261
1.45188
1.45101
1.45006
1.44902
1.44793
1.44681
1.44564
1.4444
1.44312
1.4418
1.44041
1.43897
1.43762
1.43642
1.43524
1.4341
1.433
1.4319
1.43076
1.42954
1.42818
1.42665
1.42499
1.4234
1.42229
1.31777
1.40605
1.41885
1.41926
1.41865
1.41782
1.41783
1.41777
1.41753
1.41793
1.41836
1.41863
1.41857
1.41859
1.41866
1.4187
1.41879
1.41891
1.41912
1.41933
1.41933
1.41909
1.41873
1.4185
1.4187
1.42006
1.42372
1.43107
1.44119
1.44999
1.45398
1.45494
1.45522
1.45547
1.45566
1.4557
1.45557
1.45524
1.4547
1.45398
1.45336
1.45282
1.45222
1.4515
1.45075
1.44985
1.44883
1.44772
1.44659
1.44544
1.44424
1.443
1.44174
1.44046
1.43907
1.43764
1.43635
1.43516
1.43404
1.43297
1.43194
1.43087
1.42969
1.42838
1.42691
1.42521
1.42339
1.42193
0.912493
1.32049
1.41312
1.41993
1.4202
1.41909
1.41785
1.41664
1.41631
1.41745
1.41829
1.41865
1.41864
1.41877
1.41896
1.41893
1.41889
1.41875
1.41862
1.41855
1.4184
1.4182
1.41813
1.41827
1.41891
1.42081
1.4254
1.43381
1.4442
1.45206
1.4547
1.4553
1.45539
1.45549
1.45559
1.45558
1.45539
1.455
1.45434
1.45357
1.45293
1.45236
1.45176
1.45105
1.4502
1.44924
1.44814
1.44693
1.44576
1.44469
1.44367
1.44262
1.44146
1.44023
1.43892
1.4375
1.4361
1.43483
1.43369
1.43263
1.43162
1.43054
1.42934
1.42802
1.42659
1.42498
1.42317
1.4215
0.638903
0.918218
1.31267
1.42063
1.42373
1.41827
1.41665
1.41543
1.41598
1.41778
1.41834
1.41852
1.41849
1.41886
1.41931
1.41938
1.41924
1.41887
1.41841
1.41795
1.41761
1.41749
1.41762
1.41805
1.41914
1.42174
1.42744
1.43689
1.44714
1.45364
1.45521
1.45541
1.45531
1.45527
1.45528
1.45522
1.455
1.4546
1.45395
1.45318
1.45257
1.452
1.45142
1.4507
1.44977
1.44872
1.44753
1.44625
1.44498
1.44387
1.44287
1.44193
1.44094
1.43983
1.43863
1.43732
1.43585
1.43439
1.43307
1.4319
1.43085
1.42987
1.42876
1.42744
1.42601
1.42441
1.42269
1.42104
0.620147
0.641138
0.904153
1.31005
1.40288
1.41342
1.41504
1.41568
1.41744
1.41857
1.41814
1.41764
1.41784
1.4187
1.41935
1.41941
1.41928
1.41901
1.4184
1.41752
1.41698
1.41696
1.41721
1.4179
1.41938
1.42283
1.42973
1.44013
1.44984
1.45451
1.45537
1.45538
1.45519
1.45497
1.4549
1.4548
1.45458
1.45417
1.45355
1.45281
1.45219
1.45157
1.45094
1.45022
1.44928
1.44822
1.44703
1.44574
1.4444
1.44314
1.44209
1.44111
1.44023
1.43931
1.43823
1.43703
1.43567
1.43408
1.43248
1.43101
1.42971
1.42854
1.4275
1.42638
1.42509
1.42368
1.42208
1.42052
0.62007
0.620167
0.636741
0.897819
1.29541
1.42058
1.42277
1.41866
1.41818
1.41853
1.41719
1.41655
1.41733
1.41824
1.41881
1.41897
1.41903
1.41895
1.41841
1.4174
1.41668
1.41664
1.41698
1.41786
1.4197
1.42396
1.43212
1.44314
1.45181
1.45482
1.45535
1.45527
1.45503
1.45476
1.4546
1.4545
1.45432
1.45392
1.4533
1.4526
1.45194
1.45122
1.45048
1.44967
1.44874
1.4477
1.44657
1.44535
1.44402
1.44267
1.4415
1.44048
1.43958
1.43875
1.43781
1.4367
1.43541
1.43382
1.43202
1.43024
1.42865
1.42725
1.42598
1.42482
1.42373
1.42254
1.42118
1.41994
0.62007
0.62007
0.620134
0.637422
0.876543
1.27889
1.40237
1.41345
1.41616
1.41734
1.41584
1.41624
1.41764
1.41805
1.4183
1.41848
1.41881
1.41882
1.41837
1.41747
1.4167
1.4164
1.41679
1.41777
1.42
1.42522
1.43461
1.44574
1.45289
1.45489
1.45521
1.45508
1.45483
1.45459
1.45443
1.45431
1.45412
1.45373
1.45313
1.45238
1.45162
1.45081
1.44997
1.44909
1.44816
1.44718
1.44615
1.44503
1.44379
1.44242
1.44113
1.44008
1.43913
1.43829
1.43742
1.43633
1.43505
1.43345
1.43155
1.42961
1.42785
1.42627
1.42485
1.42353
1.42236
1.42132
1.4202
1.41926
0.62007
0.62007
0.62007
0.620141
0.63241
0.863522
1.27402
1.40198
1.41921
1.41824
1.41507
1.41688
1.4187
1.41826
1.41815
1.4184
1.41881
1.41879
1.41816
1.41729
1.41658
1.41624
1.41663
1.4177
1.42044
1.42676
1.43723
1.4478
1.45347
1.45485
1.45504
1.45491
1.45464
1.45444
1.45434
1.4542
1.45396
1.45354
1.45292
1.45212
1.45119
1.45025
1.44931
1.44841
1.44757
1.44671
1.44578
1.44478
1.44362
1.44228
1.44091
1.43975
1.43872
1.43779
1.43689
1.43581
1.43453
1.43297
1.43114
1.42921
1.42739
1.4257
1.42416
1.42276
1.42145
1.42034
1.4193
1.41863
0.62007
0.62007
0.62007
0.62007
0.62011
0.632314
0.831802
1.24276
1.42099
1.42113
1.41195
1.41823
1.42087
1.41863
1.41834
1.41863
1.41864
1.41827
1.41745
1.41685
1.41651
1.41635
1.41678
1.41804
1.42142
1.42891
1.44012
1.44965
1.45383
1.45485
1.45507
1.45496
1.45462
1.45442
1.45433
1.4542
1.45393
1.45343
1.45273
1.45182
1.45076
1.44973
1.44879
1.44792
1.44712
1.44633
1.44544
1.44447
1.44338
1.44211
1.44073
1.43944
1.43831
1.43726
1.43623
1.43512
1.43385
1.43239
1.4308
1.42911
1.42736
1.42558
1.42382
1.42226
1.42091
1.41975
1.41862
1.41804
0.62007
0.62007
0.62007
0.62007
0.62007
0.620109
0.627275
0.81166
1.24512
1.38003
1.40711
1.42722
1.4206
1.4163
1.41766
1.41795
1.41775
1.41711
1.41658
1.41647
1.41658
1.41683
1.41735
1.41893
1.42315
1.43185
1.44331
1.45139
1.45433
1.45511
1.45536
1.45522
1.45475
1.45454
1.45445
1.45432
1.45405
1.45346
1.45265
1.45167
1.45049
1.4494
1.4485
1.44768
1.44691
1.44609
1.44514
1.44412
1.44302
1.44181
1.44047
1.43914
1.43794
1.4368
1.43566
1.43447
1.43321
1.43185
1.43038
1.42886
1.4273
1.42569
1.42399
1.42222
1.42065
1.41942
1.41822
1.41754
0.62007
0.62007
0.62007
0.62007
0.62007
0.62007
0.620087
0.626519
0.787095
1.19488
1.40589
1.43606
1.41755
1.4109
1.41779
1.41791
1.41687
1.41625
1.41635
1.41686
1.41731
1.41785
1.41863
1.42065
1.42585
1.43562
1.44645
1.45295
1.45504
1.45566
1.45587
1.45557
1.45498
1.45479
1.45469
1.45461
1.45438
1.4537
1.45274
1.45161
1.45036
1.44928
1.44843
1.44764
1.4469
1.44603
1.445
1.44386
1.44267
1.44142
1.44022
1.43898
1.4377
1.43644
1.4352
1.43394
1.43265
1.43133
1.42999
1.4286
1.42719
1.42573
1.42419
1.42251
1.42074
1.41928
1.418
1.41713
0.62007
0.62007
0.62007
0.62007
0.62007
0.62007
0.62007
0.620085
0.624232
0.762056
1.18304
1.39047
1.39947
1.41658
1.42101
1.41849
1.41642
1.41589
1.4164
1.41764
1.41846
1.41904
1.4199
1.42248
1.42884
1.43935
1.4489
1.45391
1.45547
1.45616
1.45648
1.45619
1.45546
1.45518
1.45504
1.45492
1.45467
1.45394
1.4529
1.45167
1.45043
1.44935
1.44856
1.44781
1.44704
1.44614
1.44505
1.44375
1.44244
1.44128
1.44009
1.43886
1.43757
1.43618
1.4348
1.43348
1.43216
1.43084
1.42958
1.42833
1.42701
1.42563
1.42421
1.42269
1.42095
1.41927
1.41782
1.41676
0.62007
0.62007
0.62007
0.62007
0.62007
0.62007
0.62007
0.62007
0.620078
0.623097
0.740284
1.1261
1.37781
1.43651
1.4284
1.41804
1.41613
1.41528
1.41607
1.4178
1.4192
1.41976
1.42073
1.42413
1.4318
1.44254
1.4504
1.45416
1.45555
1.45634
1.45685
1.45685
1.45619
1.45564
1.4554
1.45517
1.45489
1.45419
1.45313
1.45182
1.45058
1.44963
1.44887
1.44811
1.44727
1.44627
1.44511
1.44379
1.44254
1.44137
1.44014
1.43886
1.43751
1.43603
1.43448
1.43306
1.43173
1.43044
1.42922
1.42805
1.42681
1.42551
1.42416
1.4227
1.42101
1.41918
1.41755
1.4163
0.62007
0.62007
0.62007
0.62007
0.62007
0.62007
0.62007
0.62007
0.62007
0.620075
0.622199
0.708341
1.08305
1.38787
1.4139
1.41508
1.41614
1.41594
1.41647
1.41785
1.41935
1.42008
1.42156
1.42592
1.43471
1.44512
1.45132
1.45406
1.45561
1.4565
1.45705
1.45722
1.45682
1.45616
1.45573
1.45534
1.45498
1.45429
1.45328
1.45207
1.45095
1.45003
1.44915
1.44826
1.44732
1.44626
1.44496
1.44364
1.44251
1.44141
1.4402
1.43889
1.43745
1.43583
1.43415
1.43265
1.43136
1.43014
1.42895
1.42779
1.42659
1.4253
1.42395
1.42249
1.42081
1.41891
1.41716
1.41568
0.62007
0.62007
0.62007
0.62007
0.62007
0.62007
0.62007
0.62007
0.62007
0.62007
0.620073
0.621116
0.68951
1.03838
1.35306
1.42225
1.41828
1.41705
1.41827
1.41913
1.41958
1.42057
1.42288
1.42815
1.43745
1.44696
1.45193
1.45396
1.45496
1.45572
1.4565
1.45711
1.45715
1.45657
1.45599
1.45548
1.45491
1.45418
1.45339
1.45252
1.45165
1.45073
1.44964
1.44848
1.44735
1.4461
1.44462
1.44338
1.44231
1.44126
1.44005
1.4387
1.43718
1.43549
1.4337
1.43217
1.4309
1.42968
1.42844
1.42724
1.42605
1.42479
1.42347
1.42208
1.42048
1.41857
1.4167
1.415
0.62007
0.62007
0.62007
0.62007
0.62007
0.62007
0.62007
0.62007
0.62007
0.62007
0.62007
0.620071
0.620789
0.666549
0.982337
1.33587
1.41513
1.41966
1.42017
1.41868
1.4192
1.42128
1.4244
1.43013
1.43924
1.44784
1.45247
1.45392
1.45465
1.45528
1.456
1.45668
1.45684
1.45664
1.45582
1.45507
1.4545
1.45403
1.45347
1.45304
1.45241
1.45155
1.45033
1.44888
1.44739
1.44579
1.444
1.44246
1.44133
1.44034
1.43938
1.43812
1.43663
1.43492
1.433
1.43137
1.43016
1.42901
1.42787
1.42669
1.42544
1.42412
1.42279
1.42139
1.41989
1.41808
1.41616
1.41425
0.62007
0.62007
0.62007
0.62007
0.62007
0.62007
0.62007
0.62007
0.62007
0.62007
0.62007
0.62007
0.620071
0.620392
0.653443
0.923006
1.29471
1.4036
1.41711
1.41271
1.41817
1.42193
1.42504
1.43047
1.43973
1.44861
1.45246
1.45392
1.45459
1.4551
1.45575
1.45633
1.45653
1.45634
1.4555
1.45446
1.45377
1.45339
1.45329
1.45328
1.45277
1.45185
1.45057
1.44905
1.44739
1.44553
1.44356
1.44162
1.44001
1.43881
1.43781
1.43686
1.43557
1.43406
1.43216
1.43027
1.42894
1.4278
1.42679
1.42584
1.42469
1.42341
1.42208
1.42062
1.41904
1.41719
1.41524
1.41326
0.62007
0.62007
0.62007
0.62007
0.62007
0.62007
0.62007
0.62007
0.62007
0.62007
0.62007
0.62007
0.62007
0.62007
0.620267
0.638207
0.869334
1.26662
1.39812
1.40889
1.42291
1.42446
1.42401
1.4303
1.44169
1.44966
1.45261
1.45387
1.4545
1.45514
1.45572
1.45623
1.45647
1.45622
1.45537
1.45417
1.4533
1.45278
1.45267
1.45292
1.45269
1.45171
1.45037
1.44878
1.44704
1.44514
1.44319
1.44123
1.43929
1.43774
1.43663
1.43569
1.43449
1.43306
1.43125
1.42918
1.42749
1.42622
1.42511
1.4242
1.42323
1.42202
1.42071
1.41922
1.41756
1.41567
1.41375
1.41177
0.62007
0.62007
0.62007
0.62007
0.62007
0.62007
0.62007
0.62007
0.62007
0.62007
0.62007
0.62007
0.62007
0.62007
0.62007
0.620139
0.632303
0.811835
1.20292
1.39429
1.43642
1.42564
1.41851
1.43099
1.44463
1.45082
1.45295
1.45418
1.45502
1.45567
1.45607
1.45643
1.45653
1.45621
1.45539
1.45413
1.4531
1.45253
1.45222
1.45211
1.45147
1.45026
1.44864
1.44677
1.44509
1.44358
1.44217
1.44074
1.43904
1.43726
1.43601
1.43491
1.43358
1.43206
1.43024
1.42807
1.42602
1.42457
1.42339
1.42238
1.42128
1.42004
1.41868
1.41713
1.4154
1.41348
1.41169
1.40978
0.62007
0.62007
0.62007
0.62007
0.62007
0.62007
0.62007
0.62007
0.62007
0.62007
0.62007
0.62007
0.62007
0.62007
0.62007
0.62007
0.620108
0.625658
0.760024
1.14195
1.40592
1.40772
1.42171
1.43624
1.44678
1.45115
1.45396
1.45562
1.45611
1.45647
1.45688
1.4571
1.45684
1.45636
1.45552
1.45413
1.45287
1.45229
1.45191
1.45132
1.45022
1.44884
1.447
1.44471
1.44259
1.4412
1.44017
1.43921
1.43807
1.43651
1.43506
1.43376
1.43229
1.43066
1.42881
1.42667
1.4245
1.42289
1.42172
1.42064
1.41942
1.41805
1.41654
1.41484
1.41293
1.41091
1.4092
1.40737
0.62007
0.62007
0.62007
0.62007
0.62007
0.62007
0.62007
0.62007
0.62007
0.62007
0.62007
0.62007
0.62007
0.62007
0.62007
0.62007
0.62007
0.620081
0.622883
0.714545
1.08201
1.35116
1.44079
1.45004
1.44924
1.45283
1.4563
1.45735
1.45707
1.45737
1.45791
1.45812
1.45763
1.4568
1.45563
1.45381
1.4522
1.45163
1.45118
1.45026
1.44908
1.44769
1.44587
1.44355
1.4411
1.43942
1.43835
1.43738
1.43633
1.43498
1.43352
1.43215
1.43066
1.42902
1.42723
1.42521
1.42308
1.42133
1.42006
1.41885
1.41754
1.41614
1.41462
1.41289
1.41085
1.4087
1.407
1.40527
0.62007
0.62007
0.62007
0.62007
0.62007
0.62007
0.62007
0.62007
0.62007
0.62007
0.62007
0.62007
0.62007
0.62007
0.62007
0.62007
0.62007
0.62007
0.620074
0.621325
0.680484
0.986056
1.36091
1.43763
1.44634
1.45592
1.45631
1.45581
1.45621
1.45757
1.45844
1.45864
1.45826
1.45729
1.45566
1.4533
1.45132
1.45043
1.44959
1.44857
1.44752
1.44626
1.44468
1.44272
1.44044
1.43845
1.43718
1.43604
1.43481
1.43337
1.43182
1.4304
1.42893
1.42729
1.42554
1.42367
1.42175
1.42002
1.41868
1.41752
1.41631
1.41496
1.41339
1.4115
1.40922
1.40696
1.40526
1.40363
0.62007
0.62007
0.62007
0.62007
0.62007
0.62007
0.62007
0.62007
0.62007
0.62007
0.62007
0.62007
0.62007
0.62007
0.62007
0.62007
0.62007
0.62007
0.62007
0.620072
0.620578
0.652993
0.92993
1.31027
1.44783
1.46164
1.45469
1.4536
1.45601
1.45721
1.45724
1.45676
1.45638
1.45583
1.45457
1.45239
1.45018
1.44868
1.44747
1.44654
1.44567
1.44455
1.44319
1.4416
1.43972
1.4378
1.43636
1.43504
1.43362
1.43203
1.4303
1.42867
1.4271
1.42547
1.42387
1.42232
1.42078
1.41932
1.4181
1.41698
1.41574
1.41421
1.41241
1.41029
1.40797
1.40594
1.40432
1.40279
0.62007
0.62007
0.62007
0.62007
0.62007
0.62007
0.62007
0.62007
0.62007
0.62007
0.62007
0.62007
0.62007
0.62007
0.62007
0.62007
0.62007
0.62007
0.62007
0.62007
0.620071
0.620254
0.638605
0.862606
1.3058
1.43568
1.44839
1.4557
1.45722
1.45617
1.45456
1.45286
1.45223
1.45203
1.45144
1.45023
1.44853
1.44693
1.44566
1.44479
1.44399
1.44298
1.44176
1.4404
1.43887
1.43713
1.4356
1.43414
1.43255
1.43081
1.42896
1.42712
1.42546
1.42396
1.4226
1.42129
1.41998
1.41867
1.41746
1.41625
1.41488
1.41319
1.41129
1.40922
1.40717
1.40538
1.40381
1.40237
0.62007
0.62007
0.62007
0.62007
0.62007
0.62007
0.62007
0.62007
0.62007
0.62007
0.62007
0.62007
0.62007
0.62007
0.62007
0.62007
0.62007
0.62007
0.62007
0.62007
0.62007
0.62007
0.620142
0.63044
0.824822
1.25029
1.44728
1.46236
1.45991
1.45486
1.45364
1.45207
1.45098
1.44951
1.44837
1.44792
1.44694
1.44579
1.44443
1.44344
1.44262
1.44182
1.44078
1.43955
1.43817
1.43647
1.43464
1.433
1.43136
1.42961
1.4278
1.426
1.42434
1.42295
1.42169
1.42043
1.4191
1.41774
1.41648
1.41519
1.41374
1.41206
1.41029
1.40846
1.40663
1.40497
1.40354
1.40219
0.62007
0.62007
0.62007
0.62007
0.62007
0.62007
0.62007
0.62007
0.62007
0.62007
0.62007
0.62007
0.62007
0.62007
0.62007
0.62007
0.62007
0.62007
0.62007
0.62007
0.62007
0.62007
0.62007
0.620099
0.626386
0.78223
1.23551
1.42393
1.45023
1.45126
1.45426
1.4555
1.45227
1.44905
1.4476
1.4472
1.44659
1.44544
1.44392
1.44254
1.44153
1.44081
1.4402
1.43911
1.43775
1.43591
1.43363
1.43171
1.43007
1.42848
1.42689
1.42532
1.42374
1.4223
1.42105
1.41975
1.41834
1.41689
1.41555
1.41425
1.41285
1.41131
1.40965
1.40798
1.40626
1.40475
1.40343
1.40219
0.62007
0.62007
0.62007
0.62007
0.62007
0.62007
0.62007
0.62007
0.62007
0.62007
0.62007
0.62007
0.62007
0.62007
0.62007
0.62007
0.62007
0.62007
0.62007
0.62007
0.62007
0.62007
0.62007
0.62007
0.620084
0.6238
0.758165
1.17149
1.4361
1.45581
1.4601
1.45795
1.45281
1.44925
1.44776
1.44728
1.44669
1.44547
1.44368
1.44196
1.44075
1.43997
1.43971
1.43888
1.43745
1.43531
1.43267
1.4307
1.4291
1.4278
1.4265
1.42506
1.42356
1.42204
1.42058
1.41915
1.41769
1.41623
1.41484
1.41356
1.41222
1.4108
1.40931
1.40781
1.40617
1.40468
1.40338
1.40217
0.62007
0.62007
0.62007
0.62007
0.62007
0.62007
0.62007
0.62007
0.62007
0.62007
0.62007
0.62007
0.62007
0.62007
0.62007
0.62007
0.62007
0.62007
0.62007
0.62007
0.62007
0.62007
0.62007
0.62007
0.62007
0.620076
0.622694
0.722355
1.15386
1.39591
1.44556
1.45062
1.44533
1.44605
1.44625
1.44686
1.44647
1.44517
1.44326
1.44144
1.44016
1.43927
1.43886
1.43807
1.43654
1.43425
1.43175
1.43009
1.42876
1.4277
1.42653
1.4251
1.42353
1.42184
1.42014
1.4186
1.41715
1.41577
1.41436
1.41303
1.41176
1.41057
1.40927
1.40791
1.40638
1.40484
1.40341
1.40214
0.62007
0.62007
0.62007
0.62007
0.62007
0.62007
0.62007
0.62007
0.62007
0.62007
0.62007
0.62007
0.62007
0.62007
0.62007
0.62007
0.62007
0.62007
0.62007
0.62007
0.62007
0.62007
0.62007
0.62007
0.62007
0.62007
0.620074
0.621427
0.705719
1.06521
1.42043
1.45536
1.4497
1.44888
1.44776
1.44795
1.44717
1.4458
1.44375
1.44178
1.44029
1.43911
1.43811
1.4368
1.43502
1.43285
1.43106
1.42975
1.4287
1.42792
1.42689
1.42545
1.42375
1.42166
1.41964
1.41826
1.41705
1.41568
1.41421
1.41276
1.41144
1.4103
1.40915
1.4079
1.40651
1.40503
1.40349
1.40205
0.62007
0.62007
0.62007
0.62007
0.62007
0.62007
0.62007
0.62007
0.62007
0.62007
0.62007
0.62007
0.62007
0.62007
0.62007
0.62007
0.62007
0.62007
0.62007
0.62007
0.62007
0.62007
0.62007
0.62007
0.62007
0.62007
0.62007
0.620072
0.621009
0.673796
1.03555
1.36301
1.45206
1.4583
1.45271
1.45071
1.44953
1.4474
1.44514
1.44307
1.44134
1.43958
1.43787
1.43602
1.43393
1.43204
1.43067
1.42966
1.42896
1.42833
1.42713
1.42553
1.42356
1.42124
1.41954
1.41818
1.41699
1.41572
1.41429
1.41275
1.41127
1.40998
1.4088
1.40767
1.40639
1.40502
1.40353
1.40195
0.62007
0.62007
0.62007
0.62007
0.62007
0.62007
0.62007
0.62007
0.62007
0.62007
0.62007
0.62007
0.62007
0.62007
0.62007
0.62007
0.62007
0.62007
0.62007
0.62007
0.62007
0.62007
0.62007
0.62007
0.62007
0.62007
0.62007
0.62007
0.620071
0.620495
0.658989
0.948527
1.34642
1.45453
1.44892
1.45064
1.45031
1.44706
1.44519
1.44355
1.44187
1.4402
1.43817
1.43585
1.43366
1.43211
1.43103
1.43031
1.42974
1.42861
1.42708
1.42517
1.42281
1.42067
1.41921
1.418
1.41703
1.41597
1.41462
1.41304
1.41131
1.40982
1.40847
1.40731
1.40615
1.40483
1.40341
1.40174
0.62007
0.62007
0.62007
0.62007
0.62007
0.62007
0.62007
0.62007
0.62007
0.62007
0.62007
0.62007
0.62007
0.62007
0.62007
0.62007
0.62007
0.62007
0.62007
0.62007
0.62007
0.62007
0.62007
0.62007
0.62007
0.62007
0.62007
0.62007
0.62007
0.620071
0.620298
0.642246
0.880532
1.31374
1.42878
1.44861
1.44914
1.44663
1.44439
1.4425
1.44153
1.44023
1.43815
1.43573
1.43396
1.43293
1.43222
1.43167
1.43061
1.42895
1.42696
1.42449
1.42197
1.42021
1.41894
1.41803
1.41743
1.41655
1.4152
1.41348
1.41151
1.40987
1.40844
1.40715
1.40598
1.40465
1.40326
1.40153
0.62007
0.62007
0.62007
0.62007
0.62007
0.62007
0.62007
0.62007
0.62007
0.62007
0.62007
0.62007
0.62007
0.62007
0.62007
0.62007
0.62007
0.62007
0.62007
0.62007
0.62007
0.62007
0.62007
0.62007
0.62007
0.62007
0.62007
0.62007
0.62007
0.62007
0.62007
0.620164
0.631546
0.830385
1.2382
1.43933
1.45254
1.44682
1.44269
1.44073
1.44053
1.43943
1.43766
1.43576
1.43448
1.43373
1.43306
1.43235
1.43083
1.42896
1.42673
1.42405
1.42172
1.4203
1.41922
1.41862
1.41814
1.41716
1.41569
1.41379
1.4118
1.41015
1.4087
1.40734
1.40607
1.40469
1.40327
1.40149
0.62007
0.62007
0.62007
0.62007
0.62007
0.62007
0.62007
0.62007
0.62007
0.62007
0.62007
0.62007
0.62007
0.62007
0.62007
0.62007
0.62007
0.62007
0.62007
0.62007
0.62007
0.62007
0.62007
0.62007
0.62007
0.62007
0.62007
0.62007
0.62007
0.62007
0.62007
0.62007
0.620106
0.62652
0.765708
1.17786
1.42175
1.44298
1.44065
1.44038
1.4408
1.43988
1.43867
1.43646
1.43492
1.43386
1.43292
1.43184
1.43015
1.4283
1.42622
1.42389
1.42208
1.42087
1.41995
1.41935
1.41845
1.41712
1.41548
1.41355
1.41181
1.41031
1.4089
1.40758
1.40628
1.40489
1.40344
1.40169
0.62007
0.62007
0.62007
0.62007
0.62007
0.62007
0.62007
0.62007
0.62007
0.62007
0.62007
0.62007
0.62007
0.62007
0.62007
0.62007
0.62007
0.62007
0.62007
0.62007
0.62007
0.62007
0.62007
0.62007
0.62007
0.62007
0.62007
0.62007
0.62007
0.62007
0.62007
0.62007
0.62007
0.620084
0.622969
0.718379
1.11298
1.38242
1.43986
1.44557
1.44538
1.44335
1.44005
1.43803
1.43624
1.43419
1.43241
1.43066
1.42906
1.42747
1.42574
1.42411
1.42285
1.42169
1.42059
1.41947
1.41814
1.4164
1.41463
1.41314
1.41167
1.41026
1.40892
1.40757
1.40622
1.40483
1.40339
1.40184
0.62007
0.62007
0.62007
0.62007
0.62007
0.62007
0.62007
0.62007
0.62007
0.62007
0.62007
0.62007
0.62007
0.62007
0.62007
0.62007
0.62007
0.62007
0.62007
0.62007
0.62007
0.62007
0.62007
0.62007
0.62007
0.62007
0.62007
0.62007
0.62007
0.62007
0.62007
0.62007
0.62007
0.62007
0.620074
0.621407
0.685332
0.999975
1.35361
1.44724
1.44733
1.44356
1.44007
1.43748
1.43583
1.43405
1.43184
1.43041
1.42884
1.42722
1.42581
1.42474
1.42371
1.42242
1.4209
1.41915
1.4172
1.41525
1.41373
1.41253
1.41139
1.41013
1.40874
1.40729
1.40576
1.40429
1.40297
1.40164
0.62007
0.62007
0.62007
0.62007
0.62007
0.62007
0.62007
0.62007
0.62007
0.62007
0.62007
0.62007
0.62007
0.62007
0.62007
0.62007
0.62007
0.62007
0.62007
0.62007
0.62007
0.62007
0.62007
0.62007
0.62007
0.62007
0.62007
0.62007
0.62007
0.62007
0.62007
0.62007
0.62007
0.62007
0.62007
0.620072
0.620634
0.652473
0.907917
1.32281
1.42538
1.43485
1.43553
1.43523
1.4339
1.43312
1.43172
1.4309
1.42946
1.42773
1.42647
1.42562
1.42464
1.42318
1.42141
1.41911
1.41645
1.41439
1.41303
1.41205
1.41119
1.40993
1.40849
1.4068
1.405
1.40353
1.4023
1.4012
0.62007
0.62007
0.62007
0.62007
0.62007
0.62007
0.62007
0.62007
0.62007
0.62007
0.62007
0.62007
0.62007
0.62007
0.62007
0.62007
0.62007
0.62007
0.62007
0.62007
0.62007
0.62007
0.62007
0.62007
0.62007
0.62007
0.62007
0.62007
0.62007
0.62007
0.62007
0.62007
0.62007
0.62007
0.62007
0.62007
0.620071
0.620242
0.635492
0.838334
1.21834
1.42642
1.44648
1.44056
1.43566
1.43277
1.43242
1.43117
1.42917
1.42766
1.42651
1.42563
1.42476
1.42329
1.42162
1.4194
1.41646
1.41423
1.41281
1.41186
1.41124
1.41011
1.40866
1.40678
1.40463
1.40298
1.40164
1.40052
0.62007
0.62007
0.62007
0.62007
0.62007
0.62007
0.62007
0.62007
0.62007
0.62007
0.62007
0.62007
0.62007
0.62007
0.62007
0.62007
0.62007
0.62007
0.62007
0.62007
0.62007
0.62007
0.62007
0.62007
0.62007
0.62007
0.62007
0.62007
0.62007
0.62007
0.62007
0.62007
0.62007
0.62007
0.62007
0.62007
0.62007
0.62007
0.620127
0.626963
0.748786
1.1238
1.39219
1.43332
1.43581
1.43619
1.4351
1.43278
1.42902
1.42649
1.42513
1.42394
1.4232
1.42248
1.42115
1.41925
1.41671
1.41459
1.4131
1.41199
1.4112
1.41013
1.40873
1.40689
1.40473
1.40294
1.4015
1.40016
0.62007
0.62007
0.62007
0.62007
0.62007
0.62007
0.62007
0.62007
0.62007
0.62007
0.62007
0.62007
0.62007
0.62007
0.62007
0.62007
0.62007
0.62007
0.62007
0.62007
0.62007
0.62007
0.62007
0.62007
0.62007
0.62007
0.62007
0.62007
0.62007
0.62007
0.62007
0.62007
0.62007
0.62007
0.62007
0.62007
0.62007
0.62007
0.62007
0.620084
0.622217
0.689264
1.02873
1.32946
1.43058
1.44079
1.43983
1.43343
1.42846
1.42622
1.4245
1.42309
1.42194
1.42095
1.41982
1.41837
1.41648
1.41472
1.41326
1.41208
1.411
1.4097
1.40826
1.4066
1.40484
1.40321
1.40179
1.40031
0.62007
0.62007
0.62007
0.62007
0.62007
0.62007
0.62007
0.62007
0.62007
0.62007
0.62007
0.62007
0.62007
0.62007
0.62007
0.62007
0.62007
0.62007
0.62007
0.62007
0.62007
0.62007
0.62007
0.62007
0.62007
0.62007
0.62007
0.62007
0.62007
0.62007
0.62007
0.62007
0.62007
0.62007
0.62007
0.62007
0.62007
0.62007
0.62007
0.62007
0.620073
0.620744
0.658368
0.890959
1.27945
1.42011
1.42909
1.42822
1.42966
1.42891
1.42756
1.4254
1.42262
1.42058
1.41889
1.41759
1.41641
1.41494
1.41352
1.41214
1.4106
1.40894
1.40736
1.40597
1.40471
1.40351
1.40216
1.40071
0.62007
0.62007
0.62007
0.62007
0.62007
0.62007
0.62007
0.62007
0.62007
0.62007
0.62007
0.62007
0.62007
0.62007
0.62007
0.62007
0.62007
0.62007
0.62007
0.62007
0.62007
0.62007
0.62007
0.62007
0.62007
0.62007
0.62007
0.62007
0.62007
0.62007
0.62007
0.62007
0.62007
0.62007
0.62007
0.62007
0.62007
0.62007
0.62007
0.62007
0.62007
0.620071
0.620302
0.633019
0.793809
1.18103
1.38176
1.43508
1.43505
1.43132
1.42894
1.42631
1.42381
1.4217
1.41966
1.41784
1.41654
1.41534
1.414
1.41243
1.41036
1.40833
1.40679
1.40546
1.40444
1.40363
1.4024
1.401
0.62007
0.62007
0.62007
0.62007
0.62007
0.62007
0.62007
0.62007
0.62007
0.62007
0.62007
0.62007
0.62007
0.62007
0.62007
0.62007
0.62007
0.62007
0.62007
0.62007
0.62007
0.62007
0.62007
0.62007
0.62007
0.62007
0.62007
0.62007
0.62007
0.62007
0.62007
0.62007
0.62007
0.62007
0.62007
0.62007
0.62007
0.62007
0.62007
0.62007
0.62007
0.62007
0.62007
0.620108
0.624175
0.721396
1.03406
1.36304
1.41461
1.42078
1.42158
1.42383
1.42317
1.42174
1.41984
1.41818
1.41697
1.41585
1.41448
1.41266
1.41027
1.4082
1.40668
1.40538
1.4045
1.40389
1.40271
1.40124
0.62007
0.62007
0.62007
0.62007
0.62007
0.62007
0.62007
0.62007
0.62007
0.62007
0.62007
0.62007
0.62007
0.62007
0.62007
0.62007
0.62007
0.62007
0.62007
0.62007
0.62007
0.62007
0.62007
0.62007
0.62007
0.62007
0.62007
0.62007
0.62007
0.62007
0.62007
0.62007
0.62007
0.62007
0.62007
0.62007
0.62007
0.62007
0.62007
0.62007
0.62007
0.62007
0.62007
0.62007
0.620077
0.62141
0.661183
0.914059
1.25709
1.41656
1.43532
1.43118
1.42339
1.42064
1.41894
1.41774
1.41681
1.41585
1.4145
1.41253
1.41013
1.4083
1.40689
1.40573
1.40496
1.40421
1.4029
1.40136
0.62007
0.62007
0.62007
0.62007
0.62007
0.62007
0.62007
0.62007
0.62007
0.62007
0.62007
0.62007
0.62007
0.62007
0.62007
0.62007
0.62007
0.62007
0.62007
0.62007
0.62007
0.62007
0.62007
0.62007
0.62007
0.62007
0.62007
0.62007
0.62007
0.62007
0.62007
0.62007
0.62007
0.62007
0.62007
0.62007
0.62007
0.62007
0.62007
0.62007
0.62007
0.62007
0.62007
0.62007
0.62007
0.620071
0.620341
0.63485
0.785494
1.14211
1.38662
1.41583
1.41565
1.41739
1.41841
1.41772
1.41683
1.41565
1.41425
1.4122
1.4098
1.40821
1.40698
1.40608
1.40543
1.40433
1.4029
1.40124
0.62007
0.62007
0.62007
0.62007
0.62007
0.62007
0.62007
0.62007
0.62007
0.62007
0.62007
0.62007
0.62007
0.62007
0.62007
0.62007
0.62007
0.62007
0.62007
0.62007
0.62007
0.62007
0.62007
0.62007
0.62007
0.62007
0.62007
0.62007
0.62007
0.62007
0.62007
0.62007
0.62007
0.62007
0.62007
0.62007
0.62007
0.62007
0.62007
0.62007
0.62007
0.62007
0.62007
0.62007
0.62007
0.62007
0.62007
0.620118
0.623847
0.698924
1.00954
1.30388
1.4188
1.42895
1.42546
1.42031
1.41736
1.41597
1.41383
1.41205
1.40994
1.40842
1.40726
1.40644
1.40573
1.4043
1.40265
1.40087
0.62007
0.62007
0.62007
0.62007
0.62007
0.62007
0.62007
0.62007
0.62007
0.62007
0.62007
0.62007
0.62007
0.62007
0.62007
0.62007
0.62007
0.62007
0.62007
0.62007
0.62007
0.62007
0.62007
0.62007
0.62007
0.62007
0.62007
0.62007
0.62007
0.62007
0.62007
0.62007
0.62007
0.62007
0.62007
0.62007
0.62007
0.62007
0.62007
0.62007
0.62007
0.62007
0.62007
0.62007
0.62007
0.62007
0.62007
0.62007
0.620076
0.620938
0.653061
0.849127
1.21112
1.39129
1.41483
1.41535
1.41576
1.416
1.41479
1.41273
1.41011
1.40853
1.40717
1.40607
1.40522
1.40386
1.40221
1.40048
0.62007
0.62007
0.62007
0.62007
0.62007
0.62007
0.62007
0.62007
0.62007
0.62007
0.62007
0.62007
0.62007
0.62007
0.62007
0.62007
0.62007
0.62007
0.62007
0.62007
0.62007
0.62007
0.62007
0.62007
0.62007
0.62007
0.62007
0.62007
0.62007
0.62007
0.62007
0.62007
0.62007
0.62007
0.62007
0.62007
0.62007
0.62007
0.62007
0.62007
0.62007
0.62007
0.62007
0.62007
0.62007
0.62007
0.62007
0.62007
0.62007
0.620071
0.620247
0.628364
0.737749
1.07526
1.32268
1.41276
1.42215
1.421
1.41684
1.41192
1.40992
1.40826
1.40668
1.40555
1.40473
1.40376
1.40225
1.40052
0.62007
0.62007
0.62007
0.62007
0.62007
0.62007
0.62007
0.62007
0.62007
0.62007
0.62007
0.62007
0.62007
0.62007
0.62007
0.62007
0.62007
0.62007
0.62007
0.62007
0.62007
0.62007
0.62007
0.62007
0.62007
0.62007
0.62007
0.62007
0.62007
0.62007
0.62007
0.62007
0.62007
0.62007
0.62007
0.62007
0.62007
0.62007
0.62007
0.62007
0.62007
0.62007
0.62007
0.62007
0.62007
0.62007
0.62007
0.62007
0.62007
0.62007
0.62007
0.620089
0.621942
0.671114
0.887884
1.2356
1.3901
1.41461
1.41332
1.41395
1.41204
1.40982
1.40745
1.40598
1.4048
1.40379
1.40228
1.40045
0.62007
0.62007
0.62007
0.62007
0.62007
0.62007
0.62007
0.62007
0.62007
0.62007
0.62007
0.62007
0.62007
0.62007
0.62007
0.62007
0.62007
0.62007
0.62007
0.62007
0.62007
0.62007
0.62007
0.62007
0.62007
0.62007
0.62007
0.62007
0.62007
0.62007
0.62007
0.62007
0.62007
0.62007
0.62007
0.62007
0.62007
0.62007
0.62007
0.62007
0.62007
0.62007
0.62007
0.62007
0.62007
0.62007
0.62007
0.62007
0.62007
0.62007
0.62007
0.62007
0.620072
0.620431
0.632418
0.756283
1.09509
1.32131
1.41225
1.4207
1.41837
1.41078
1.40747
1.40545
1.40409
1.403
1.4016
1.40001
0.62007
0.62007
0.62007
0.62007
0.62007
0.62007
0.62007
0.62007
0.62007
0.62007
0.62007
0.62007
0.62007
0.62007
0.62007
0.62007
0.62007
0.62007
0.62007
0.62007
0.62007
0.62007
0.62007
0.62007
0.62007
0.62007
0.62007
0.62007
0.62007
0.62007
0.62007
0.62007
0.62007
0.62007
0.62007
0.62007
0.62007
0.62007
0.62007
0.62007
0.62007
0.62007
0.62007
0.62007
0.62007
0.62007
0.62007
0.62007
0.62007
0.62007
0.62007
0.62007
0.62007
0.62007
0.620105
0.622526
0.679313
0.894011
1.2496
1.37767
1.40432
1.40368
1.40508
1.40366
1.40293
1.40224
1.40124
1.39997
0.62007
0.62007
0.62007
0.62007
0.62007
0.62007
0.62007
0.62007
0.62007
0.62007
0.62007
0.62007
0.62007
0.62007
0.62007
0.62007
0.62007
0.62007
0.62007
0.62007
0.62007
0.62007
0.62007
0.62007
0.62007
0.62007
0.62007
0.62007
0.62007
0.62007
0.62007
0.62007
0.62007
0.62007
0.62007
0.62007
0.62007
0.62007
0.62007
0.62007
0.62007
0.62007
0.62007
0.62007
0.62007
0.62007
0.62007
0.62007
0.62007
0.62007
0.62007
0.62007
0.62007
0.62007
0.62007
0.620073
0.620554
0.633208
0.767078
1.06704
1.32792
1.4103
1.40988
1.4052
1.40357
1.40382
1.40243
1.4009
0.62007
0.62007
0.62007
0.62007
0.62007
0.62007
0.62007
0.62007
0.62007
0.62007
0.62007
0.62007
0.62007
0.62007
0.62007
0.62007
0.62007
0.62007
0.62007
0.62007
0.62007
0.62007
0.62007
0.62007
0.62007
0.62007
0.62007
0.62007
0.62007
0.62007
0.62007
0.62007
0.62007
0.62007
0.62007
0.62007
0.62007
0.62007
0.62007
0.62007
0.62007
0.62007
0.62007
0.62007
0.62007
0.62007
0.62007
0.62007
0.62007
0.62007
0.62007
0.62007
0.62007
0.62007
0.62007
0.62007
0.620071
0.62011
0.622893
0.672427
0.885353
1.22074
1.35457
1.40728
1.40938
1.40773
1.40366
1.40054
0.62007
0.62007
0.62007
0.62007
0.62007
0.62007
0.62007
0.62007
0.62007
0.62007
0.62007
0.62007
0.62007
0.62007
0.62007
0.62007
0.62007
0.62007
0.62007
0.62007
0.62007
0.62007
0.62007
0.62007
0.62007
0.62007
0.62007
0.62007
0.62007
0.62007
0.62007
0.62007
0.62007
0.62007
0.62007
0.62007
0.62007
0.62007
0.62007
0.62007
0.62007
0.62007
0.62007
0.62007
0.62007
0.62007
0.62007
0.62007
0.62007
0.62007
0.62007
0.62007
0.62007
0.62007
0.62007
0.62007
0.62007
0.62007
0.620074
0.620465
0.63156
0.748273
1.01434
1.31756
1.38371
1.3962
1.39638
1.39735
0.62007
0.62007
0.62007
0.62007
0.62007
0.62007
0.62007
0.62007
0.62007
0.62007
0.62007
0.62007
0.62007
0.62007
0.62007
0.62007
0.62007
0.62007
0.62007
0.62007
0.62007
0.62007
0.62007
0.62007
0.62007
0.62007
0.62007
0.62007
0.62007
0.62007
0.62007
0.62007
0.62007
0.62007
0.62007
0.62007
0.62007
0.62007
0.62007
0.62007
0.62007
0.62007
0.62007
0.62007
0.62007
0.62007
0.62007
0.62007
0.62007
0.62007
0.62007
0.62007
0.62007
0.62007
0.62007
0.62007
0.62007
0.62007
0.62007
0.62007
0.620102
0.622254
0.656609
0.848422
1.14713
1.34711
1.4082
1.4091
0.62007
0.62007
0.62007
0.62007
0.62007
0.62007
0.62007
0.62007
0.62007
0.62007
0.62007
0.62007
0.62007
0.62007
0.62007
0.62007
0.62007
0.62007
0.62007
0.62007
0.62007
0.62007
0.62007
0.62007
0.62007
0.62007
0.62007
0.62007
0.62007
0.62007
0.62007
0.62007
0.62007
0.62007
0.62007
0.62007
0.62007
0.62007
0.62007
0.62007
0.62007
0.62007
0.62007
0.62007
0.62007
0.62007
0.62007
0.62007
0.62007
0.62007
0.62007
0.62007
0.62007
0.62007
0.62007
0.62007
0.62007
0.62007
0.62007
0.62007
0.62007
0.620073
0.620288
0.627758
0.709637
0.957975
1.24771
1.36132
0.62007
0.62007
0.62007
0.62007
0.62007
0.62007
0.62007
0.62007
0.62007
0.62007
0.62007
0.62007
0.62007
0.62007
0.62007
0.62007
0.62007
0.62007
0.62007
0.62007
0.62007
0.62007
0.62007
0.62007
0.62007
0.62007
0.62007
0.62007
0.62007
0.62007
0.62007
0.62007
0.62007
0.62007
0.62007
0.62007
0.62007
0.62007
0.62007
0.62007
0.62007
0.62007
0.62007
0.62007
0.62007
0.62007
0.62007
0.62007
0.62007
0.62007
0.62007
0.62007
0.62007
0.62007
0.62007
0.62007
0.62007
0.62007
0.62007
0.62007
0.62007
0.62007
0.62007
0.620087
0.621161
0.642162
0.779466
1.05801
0.62007
0.62007
0.62007
0.62007
0.62007
0.62007
0.62007
0.62007
0.62007
0.62007
0.62007
0.62007
0.62007
0.62007
0.62007
0.62007
0.62007
0.62007
0.62007
0.62007
0.62007
0.62007
0.62007
0.62007
0.62007
0.62007
0.62007
0.62007
0.62007
0.62007
0.62007
0.62007
0.62007
0.62007
0.62007
0.62007
0.62007
0.62007
0.62007
0.62007
0.62007
0.62007
0.62007
0.62007
0.62007
0.62007
0.62007
0.62007
0.62007
0.62007
0.62007
0.62007
0.62007
0.62007
0.62007
0.62007
0.62007
0.62007
0.62007
0.62007
0.62007
0.62007
0.62007
0.62007
0.620071
0.620157
0.624387
0.644279
0.62007
0.62007
0.62007
0.62007
0.62007
0.62007
0.62007
0.62007
0.62007
0.62007
0.62007
0.62007
0.62007
0.62007
0.62007
0.62007
0.62007
0.62007
0.62007
0.62007
0.62007
0.62007
0.62007
0.62007
0.62007
0.62007
0.62007
0.62007
0.62007
0.62007
0.62007
0.62007
0.62007
0.62007
0.62007
0.62007
0.62007
0.62007
0.62007
0.62007
0.62007
0.62007
0.62007
0.62007
0.62007
0.62007
0.62007
0.62007
0.62007
0.62007
0.62007
0.62007
0.62007
0.62007
0.62007
0.62007
0.62007
0.62007
0.62007
0.62007
0.62007
0.62007
0.62007
0.62007
0.62007
0.62007
0.620091
0.618534
0.62007
0.62007
0.62007
0.62007
0.62007
0.62007
0.62007
0.62007
0.62007
0.62007
0.62007
0.62007
0.62007
0.62007
0.62007
0.62007
0.62007
0.62007
0.62007
0.62007
0.62007
0.62007
0.62007
0.62007
0.62007
0.62007
0.62007
0.62007
0.62007
0.62007
0.62007
0.62007
0.62007
0.62007
0.62007
0.62007
0.62007
0.62007
0.62007
0.62007
0.62007
0.62007
0.62007
0.62007
0.62007
0.62007
0.62007
0.62007
0.62007
0.62007
0.62007
0.62007
0.62007
0.62007
0.62007
0.62007
0.62007
0.62007
0.62007
0.62007
0.62007
0.62007
0.62007
0.62007
0.62007
0.62007
0.62007
0.61991
0.62007
0.62007
0.62007
0.62007
0.62007
0.62007
0.62007
0.62007
0.62007
0.62007
0.62007
0.62007
0.62007
0.62007
0.62007
0.62007
0.62007
0.62007
0.62007
0.62007
0.62007
0.62007
0.62007
0.62007
0.62007
0.62007
0.62007
0.62007
0.62007
0.62007
0.62007
0.62007
0.62007
0.62007
0.62007
0.62007
0.62007
0.62007
0.62007
0.62007
0.62007
0.62007
0.62007
0.62007
0.62007
0.62007
0.62007
0.62007
0.62007
0.62007
0.62007
0.62007
0.62007
0.62007
0.62007
0.62007
0.62007
0.62007
0.62007
0.62007
0.62007
0.62007
0.62007
0.62007
0.62007
0.62007
0.62007
0.620068
0.62007
0.62007
0.62007
0.62007
0.62007
0.62007
0.62007
0.62007
0.62007
0.62007
0.62007
0.62007
0.62007
0.62007
0.62007
0.62007
0.62007
0.62007
0.62007
0.62007
0.62007
0.62007
0.62007
0.62007
0.62007
0.62007
0.62007
0.62007
0.62007
0.62007
0.62007
0.62007
0.62007
0.62007
0.62007
0.62007
0.62007
0.62007
0.62007
0.62007
0.62007
0.62007
0.62007
0.62007
0.62007
0.62007
0.62007
0.62007
0.62007
0.62007
0.62007
0.62007
0.62007
0.62007
0.62007
0.62007
0.62007
0.62007
0.62007
0.62007
0.62007
0.62007
0.62007
0.62007
0.62007
0.62007
0.62007
0.62007
0.62007
0.62007
0.62007
0.62007
0.62007
0.62007
0.62007
0.62007
0.62007
0.62007
0.62007
0.62007
0.62007
0.62007
0.62007
0.62007
0.62007
0.62007
0.62007
0.62007
0.62007
0.62007
0.62007
0.62007
0.62007
0.62007
0.62007
0.62007
0.62007
0.62007
0.62007
0.62007
0.62007
0.62007
0.62007
0.62007
0.62007
0.62007
0.62007
0.62007
0.62007
0.62007
0.62007
0.62007
0.62007
0.62007
0.62007
0.62007
0.62007
0.62007
0.62007
0.62007
0.62007
0.62007
0.62007
0.62007
0.62007
0.62007
0.62007
0.62007
0.62007
0.62007
0.62007
0.62007
0.62007
0.62007
0.62007
0.62007
0.62007
0.62007
0.62007
0.62007
0.62007
0.62007
0.62007
0.62007
0.62007
0.62007
0.62007
0.62007
0.62007
0.62007
0.62007
0.62007
0.62007
0.62007
0.62007
0.62007
0.62007
0.62007
0.62007
0.62007
0.62007
0.62007
0.62007
0.62007
0.62007
0.62007
0.62007
0.62007
0.62007
0.62007
0.62007
0.62007
0.62007
0.62007
0.62007
0.62007
0.62007
0.62007
0.62007
0.62007
0.62007
0.62007
0.62007
0.62007
0.62007
0.62007
0.62007
0.62007
0.62007
0.62007
0.62007
0.62007
0.62007
0.62007
0.62007
0.62007
0.62007
0.62007
0.62007
0.62007
0.62007
0.62007
0.62007
0.62007
0.62007
0.62007
0.62007
0.62007
0.62007
0.62007
0.62007
0.62007
0.62007
0.62007
0.62007
0.62007
0.62007
0.62007
0.62007
0.62007
0.62007
0.62007
0.62007
0.62007
0.62007
0.62007
0.62007
0.62007
0.62007
0.62007
0.62007
0.62007
0.62007
0.62007
0.62007
0.62007
0.62007
0.62007
0.62007
0.62007
0.62007
0.62007
0.62007
0.62007
0.62007
0.62007
0.62007
0.62007
0.62007
0.62007
0.62007
0.62007
0.62007
0.62007
0.62007
0.62007
0.62007
0.62007
0.62007
0.62007
0.62007
0.62007
0.62007
0.62007
0.62007
0.62007
0.62007
0.62007
0.62007
0.62007
0.62007
0.62007
0.62007
0.62007
0.62007
0.62007
0.62007
0.62007
0.62007
0.62007
0.62007
0.62007
0.62007
0.62007
0.62007
0.62007
0.62007
0.62007
0.62007
0.62007
0.62007
0.62007
0.62007
0.62007
0.62007
0.62007
0.62007
0.62007
0.62007
0.62007
0.62007
0.62007
0.62007
0.62007
0.62007
0.62007
0.62007
0.62007
0.62007
0.62007
0.62007
0.62007
0.62007
0.62007
0.62007
0.62007
0.62007
0.62007
0.62007
0.62007
0.62007
0.62007
0.62007
0.62007
0.62007
0.62007
0.62007
0.62007
0.62007
0.62007
0.62007
0.62007
0.62007
0.62007
0.62007
0.62007
0.62007
0.62007
0.62007
0.62007
0.62007
0.62007
0.62007
0.62007
0.62007
0.62007
0.62007
0.62007
0.62007
0.62007
0.62007
0.62007
0.62007
0.62007
0.62007
0.62007
0.62007
0.62007
0.62007
0.62007
0.62007
0.62007
0.62007
0.62007
0.62007
0.62007
0.62007
0.62007
0.62007
0.62007
0.62007
0.62007
0.62007
0.62007
0.62007
0.62007
0.62007
0.62007
0.62007
0.62007
0.62007
0.62007
0.62007
0.62007
0.62007
0.62007
0.62007
0.62007
0.62007
0.62007
0.62007
0.62007
0.62007
0.62007
0.62007
0.62007
0.62007
0.62007
0.62007
0.62007
0.62007
0.62007
0.62007
0.62007
0.62007
0.62007
0.62007
0.62007
0.62007
0.62007
0.62007
0.62007
0.62007
0.62007
0.62007
0.62007
0.62007
0.62007
0.62007
0.62007
0.62007
0.62007
0.62007
0.62007
0.62007
0.62007
0.62007
0.62007
0.62007
0.62007
0.62007
0.62007
0.62007
0.62007
0.62007
0.62007
0.62007
0.62007
0.62007
0.62007
0.62007
0.62007
0.62007
0.62007
0.62007
0.62007
0.62007
0.62007
0.62007
0.62007
0.62007
0.62007
0.62007
0.62007
0.62007
0.62007
0.62007
0.62007
0.62007
0.62007
0.62007
0.62007
0.62007
0.62007
0.62007
0.62007
0.62007
0.62007
0.62007
0.62007
0.62007
0.62007
0.62007
0.62007
0.62007
0.62007
0.62007
0.62007
0.62007
0.62007
0.62007
0.62007
0.62007
0.62007
0.62007
0.62007
0.62007
0.62007
0.62007
0.62007
0.62007
0.62007
0.62007
0.62007
0.62007
0.62007
0.62007
0.62007
0.62007
0.62007
0.62007
0.62007
0.62007
0.62007
0.62007
0.62007
0.62007
0.62007
0.62007
0.62007
0.62007
0.62007
0.62007
0.62007
0.62007
0.62007
0.62007
0.62007
0.62007
0.62007
0.62007
0.62007
0.62007
0.62007
0.62007
0.62007
0.62007
0.62007
0.62007
0.62007
0.62007
0.62007
0.62007
0.62007
0.62007
0.62007
0.62007
0.62007
0.62007
0.62007
0.62007
0.62007
0.62007
0.62007
0.62007
0.62007
0.62007
0.62007
0.62007
0.62007
0.62007
0.62007
0.62007
0.62007
0.62007
0.62007
0.62007
0.62007
0.62007
0.62007
0.62007
0.62007
0.62007
0.62007
0.62007
0.62007
0.62007
0.62007
0.62007
0.62007
0.62007
0.62007
0.62007
0.62007
0.62007
0.62007
0.62007
0.62007
0.62007
0.62007
0.62007
0.62007
0.62007
0.62007
0.62007
0.62007
0.62007
0.62007
0.62007
0.62007
0.62007
0.62007
0.62007
0.62007
0.62007
0.62007
0.62007
0.62007
0.62007
0.62007
0.62007
0.62007
0.62007
0.62007
0.62007
0.62007
0.62007
0.62007
0.62007
0.62007
0.62007
0.62007
0.62007
0.62007
0.62007
0.62007
0.62007
0.62007
0.62007
0.62007
0.62007
0.62007
0.62007
0.62007
0.62007
0.62007
0.62007
0.62007
0.62007
0.62007
0.62007
0.62007
0.62007
0.62007
0.62007
0.62007
0.62007
0.62007
0.62007
0.62007
0.62007
0.62007
0.62007
0.62007
0.62007
0.62007
0.62007
0.62007
0.62007
0.62007
0.62007
0.62007
0.62007
0.62007
0.62007
0.62007
0.62007
0.62007
0.62007
0.62007
0.62007
0.62007
0.62007
0.62007
0.62007
0.62007
0.62007
0.62007
0.62007
0.62007
0.62007
0.62007
0.62007
0.62007
0.62007
0.62007
0.62007
0.62007
0.62007
0.62007
0.62007
0.62007
0.62007
0.62007
0.62007
0.62007
0.62007
0.62007
0.62007
0.62007
0.62007
0.62007
0.62007
0.62007
0.62007
0.62007
0.62007
0.62007
0.62007
0.62007
0.62007
0.62007
0.62007
0.62007
0.62007
0.62007
0.62007
0.62007
0.62007
0.62007
0.62007
0.62007
0.62007
0.62007
0.62007
0.62007
0.62007
0.62007
0.62007
0.62007
0.62007
0.62007
0.62007
0.62007
0.62007
0.62007
0.62007
0.62007
0.62007
0.62007
0.62007
0.62007
0.62007
0.62007
0.62007
0.62007
0.62007
0.62007
0.62007
0.62007
0.62007
0.62007
0.62007
0.62007
0.62007
0.62007
0.62007
0.62007
0.62007
0.62007
0.62007
0.62007
0.62007
0.62007
0.62007
0.62007
0.62007
0.62007
0.62007
0.62007
0.62007
0.62007
0.62007
0.62007
0.62007
0.62007
0.62007
0.62007
0.62007
0.62007
0.62007
0.62007
0.62007
0.62007
0.62007
0.62007
0.62007
0.62007
0.62007
0.62007
0.62007
0.62007
0.62007
0.62007
0.62007
0.62007
0.62007
0.62007
0.62007
0.62007
0.62007
0.62007
0.62007
0.62007
0.62007
0.62007
0.62007
0.62007
0.62007
0.62007
0.62007
0.62007
0.62007
0.62007
0.62007
0.62007
0.62007
0.62007
0.62007
0.62007
0.62007
0.62007
0.62007
0.62007
0.62007
0.62007
0.62007
0.62007
0.62007
0.62007
0.62007
0.62007
0.62007
0.62007
0.62007
0.62007
0.62007
0.62007
0.62007
0.62007
0.62007
0.62007
0.62007
0.62007
0.62007
0.62007
0.62007
0.62007
0.62007
0.62007
0.62007
0.62007
0.62007
0.62007
0.62007
0.62007
0.62007
0.62007
0.62007
0.62007
0.62007
0.62007
0.62007
0.62007
0.62007
0.62007
0.62007
0.62007
0.62007
0.62007
0.62007
0.62007
0.62007
0.62007
0.62007
0.62007
0.62007
0.62007
0.62007
0.62007
0.62007
0.62007
0.62007
0.62007
0.62007
0.62007
0.62007
0.62007
0.62007
0.62007
0.62007
0.62007
0.62007
0.62007
0.62007
0.62007
0.62007
0.62007
0.62007
0.62007
0.62007
0.62007
0.62007
0.62007
0.62007
0.62007
0.62007
0.62007
0.62007
0.62007
0.62007
0.62007
0.62007
0.62007
0.62007
0.62007
0.62007
0.62007
0.62007
0.62007
0.62007
0.62007
0.62007
0.62007
0.62007
0.62007
0.62007
0.62007
0.62007
0.62007
0.62007
0.62007
0.62007
0.62007
0.62007
0.62007
0.62007
0.62007
0.62007
0.62007
0.62007
0.62007
0.62007
0.62007
0.62007
0.62007
0.62007
0.62007
0.62007
0.62007
0.62007
0.62007
0.62007
0.62007
0.62007
0.62007
0.62007
0.62007
0.62007
0.62007
0.62007
0.62007
0.62007
0.62007
0.62007
0.62007
0.62007
0.62007
0.62007
0.62007
0.62007
0.62007
0.62007
0.62007
0.62007
0.62007
0.62007
0.62007
0.62007
0.62007
0.62007
0.62007
0.62007
0.62007
0.62007
0.62007
0.62007
0.62007
0.62007
0.62007
0.62007
0.62007
0.62007
0.62007
0.62007
0.62007
0.62007
0.62007
0.62007
0.62007
0.62007
0.62007
0.62007
0.62007
0.62007
0.62007
0.62007
0.62007
0.62007
0.62007
0.62007
0.62007
0.62007
0.62007
0.62007
0.62007
0.62007
0.62007
0.62007
0.62007
0.62007
0.62007
0.62007
0.62007
0.62007
0.62007
0.62007
0.62007
0.62007
0.62007
0.62007
0.62007
0.62007
0.62007
0.62007
0.62007
0.62007
0.62007
0.62007
0.62007
0.62007
0.62007
0.62007
0.62007
0.62007
0.62007
0.62007
0.62007
0.62007
0.62007
0.62007
0.62007
0.62007
0.62007
0.62007
0.62007
0.62007
0.62007
0.62007
0.62007
0.62007
0.62007
0.62007
0.62007
0.62007
0.62007
0.62007
0.62007
0.62007
0.62007
0.62007
0.62007
0.62007
0.62007
0.62007
0.62007
0.62007
0.62007
0.62007
0.62007
0.62007
0.62007
0.62007
0.62007
0.62007
0.62007
0.62007
0.62007
0.62007
0.62007
0.62007
0.62007
0.62007
0.62007
0.62007
0.62007
0.62007
0.62007
0.62007
0.62007
0.62007
0.62007
0.62007
0.62007
0.62007
0.62007
0.62007
0.62007
0.62007
0.62007
0.62007
0.62007
0.62007
0.62007
0.62007
0.62007
0.62007
0.62007
0.62007
0.62007
0.62007
0.62007
0.62007
0.62007
0.62007
0.62007
0.62007
0.62007
0.62007
0.62007
0.62007
0.62007
0.62007
0.62007
0.62007
0.62007
0.62007
0.62007
0.62007
0.62007
0.62007
0.62007
0.62007
0.62007
0.62007
0.62007
0.62007
0.62007
0.62007
0.62007
0.62007
0.62007
0.62007
0.62007
0.62007
0.62007
0.62007
0.62007
0.62007
0.62007
0.62007
0.62007
0.62007
0.62007
0.62007
0.62007
0.62007
0.62007
0.62007
0.62007
0.62007
0.62007
0.62007
0.62007
0.62007
0.62007
0.62007
0.62007
0.62007
0.62007
0.62007
0.62007
0.62007
0.62007
0.62007
0.62007
0.62007
0.62007
0.62007
0.62007
0.62007
0.62007
0.62007
0.62007
0.62007
0.62007
0.62007
0.62007
0.62007
0.62007
0.62007
0.62007
0.62007
0.62007
0.62007
0.62007
0.62007
0.62007
0.62007
0.62007
0.62007
0.62007
0.62007
0.62007
0.62007
0.62007
0.62007
0.62007
0.62007
0.62007
0.62007
0.62007
0.62007
0.62007
0.62007
0.62007
0.62007
0.62007
0.62007
0.62007
0.62007
0.62007
0.62007
0.62007
0.62007
0.62007
0.62007
0.62007
0.62007
0.62007
0.62007
0.62007
0.62007
0.62007
0.62007
0.62007
0.62007
0.62007
0.62007
0.62007
0.62007
0.62007
0.62007
0.62007
0.62007
0.62007
0.62007
0.62007
0.62007
0.62007
0.62007
0.62007
0.62007
0.62007
0.62007
0.62007
0.62007
0.62007
0.62007
0.62007
0.62007
0.62007
0.62007
0.62007
0.62007
0.62007
0.62007
0.62007
0.62007
0.62007
0.62007
0.62007
0.62007
0.62007
0.62007
0.62007
0.62007
0.62007
0.62007
0.62007
0.62007
0.62007
0.62007
0.62007
0.62007
0.62007
0.62007
0.62007
0.62007
0.62007
0.62007
0.62007
0.62007
0.62007
0.62007
0.62007
0.62007
0.62007
0.62007
0.62007
0.62007
0.62007
0.62007
0.62007
0.62007
0.62007
0.62007
0.62007
0.62007
0.62007
0.62007
0.62007
0.62007
0.62007
0.62007
0.62007
0.62007
0.62007
0.62007
0.62007
0.62007
0.62007
0.62007
0.62007
0.62007
0.62007
0.62007
0.62007
0.62007
0.62007
0.62007
0.62007
0.62007
0.62007
0.62007
0.62007
0.62007
0.62007
0.62007
0.62007
0.62007
0.62007
0.62007
0.62007
0.62007
0.62007
0.62007
0.62007
0.62007
0.62007
0.62007
0.62007
0.62007
0.62007
0.62007
0.62007
0.62007
0.62007
0.62007
0.62007
0.62007
0.62007
0.62007
0.62007
0.62007
0.62007
0.62007
0.62007
0.62007
0.62007
0.62007
0.62007
0.62007
0.62007
0.62007
0.62007
0.62007
0.62007
0.62007
0.62007
0.62007
0.62007
0.62007
0.62007
0.62007
0.62007
0.62007
0.62007
0.62007
0.62007
0.62007
0.62007
0.62007
0.62007
0.62007
0.62007
0.62007
0.62007
0.62007
0.62007
0.62007
0.62007
0.62007
0.62007
0.62007
0.62007
0.62007
0.62007
0.62007
0.62007
0.62007
0.62007
0.62007
0.62007
0.62007
0.62007
0.62007
0.62007
0.62007
0.62007
0.62007
0.62007
0.62007
0.62007
0.62007
0.62007
0.62007
0.62007
0.62007
0.62007
0.62007
0.62007
0.62007
0.62007
0.62007
0.62007
0.62007
0.62007
0.62007
0.62007
0.62007
0.62007
0.62007
0.62007
0.62007
0.62007
0.62007
0.62007
0.62007
0.62007
0.62007
0.62007
0.62007
0.62007
0.62007
0.62007
0.62007
0.62007
0.62007
0.62007
0.62007
0.62007
0.62007
0.62007
0.62007
0.62007
0.62007
0.62007
0.62007
0.62007
0.62007
0.62007
0.62007
0.62007
0.62007
0.62007
0.62007
0.62007
0.62007
0.62007
0.62007
0.62007
0.62007
0.62007
0.62007
0.62007
0.62007
0.62007
0.62007
0.62007
0.62007
0.62007
0.62007
0.62007
0.62007
0.62007
0.62007
0.62007
0.62007
0.62007
0.62007
0.62007
0.62007
0.62007
0.62007
0.62007
0.62007
0.62007
0.62007
0.62007
0.62007
0.62007
0.62007
0.62007
0.62007
0.62007
0.62007
0.62007
0.62007
0.62007
0.62007
0.62007
0.62007
0.62007
0.62007
0.62007
0.62007
0.62007
0.62007
0.62007
0.62007
0.62007
0.62007
0.62007
0.62007
0.62007
0.62007
0.62007
0.62007
0.62007
0.62007
0.62007
0.62007
0.62007
0.62007
0.62007
0.62007
0.62007
0.62007
0.62007
0.62007
0.62007
0.62007
0.62007
0.62007
0.62007
0.62007
0.62007
0.62007
0.62007
0.62007
0.62007
0.62007
0.62007
0.62007
0.62007
0.62007
0.62007
0.62007
0.62007
0.62007
0.62007
0.62007
0.62007
0.62007
0.62007
0.62007
0.62007
0.62007
0.62007
0.62007
0.62007
0.62007
0.62007
0.62007
0.62007
0.62007
0.62007
0.62007
0.62007
0.62007
0.62007
0.62007
0.62007
0.62007
0.62007
0.62007
0.62007
0.62007
0.62007
0.62007
0.62007
0.62007
0.62007
0.62007
0.62007
0.62007
0.62007
0.62007
0.62007
0.62007
0.62007
0.62007
0.62007
0.62007
0.62007
0.62007
0.62007
0.62007
0.62007
0.62007
0.62007
0.62007
0.62007
0.62007
0.62007
0.62007
0.62007
0.62007
0.62007
0.62007
0.62007
0.62007
0.62007
0.62007
0.62007
0.62007
0.62007
0.62007
0.62007
0.62007
0.62007
0.62007
0.62007
0.62007
0.62007
0.62007
0.62007
0.62007
0.62007
0.62007
0.62007
0.62007
0.62007
0.62007
0.62007
0.62007
0.62007
0.62007
0.62007
0.62007
0.62007
0.62007
0.62007
0.62007
0.62007
0.62007
0.62007
0.62007
0.62007
0.62007
0.62007
0.62007
0.62007
0.62007
0.62007
0.62007
0.62007
0.62007
0.62007
0.62007
0.62007
0.62007
0.62007
0.62007
0.62007
0.62007
0.62007
0.62007
0.62007
0.62007
0.62007
0.62007
0.62007
0.62007
0.62007
0.62007
0.62007
0.62007
0.62007
0.62007
0.62007
0.62007
0.62007
0.62007
0.62007
0.62007
0.62007
0.62007
0.62007
0.62007
0.62007
0.62007
0.62007
0.62007
0.62007
0.62007
0.62007
0.62007
0.62007
0.62007
0.62007
0.62007
0.62007
0.62007
0.62007
0.62007
0.62007
0.62007
0.62007
0.62007
0.62007
0.62007
0.62007
0.62007
0.62007
0.62007
0.62007
0.62007
0.62007
0.62007
0.62007
0.62007
0.62007
0.62007
0.62007
0.62007
0.62007
0.62007
0.62007
0.62007
0.62007
0.62007
0.62007
0.62007
0.62007
0.62007
0.62007
0.62007
0.62007
0.62007
0.62007
0.62007
0.62007
0.62007
0.62007
0.62007
0.62007
0.62007
0.62007
0.62007
0.62007
0.62007
0.62007
0.62007
0.62007
0.62007
0.62007
0.62007
0.62007
0.62007
0.62007
0.62007
0.62007
0.62007
0.62007
0.62007
0.62007
0.62007
0.62007
0.62007
0.62007
0.62007
0.62007
0.62007
0.62007
0.62007
0.62007
0.62007
0.62007
0.62007
0.62007
0.62007
0.62007
0.62007
0.62007
0.62007
0.62007
0.62007
0.62007
0.62007
0.62007
0.62007
0.62007
0.62007
0.62007
0.62007
0.62007
0.62007
0.62007
0.62007
0.62007
0.62007
0.62007
0.62007
0.62007
0.62007
0.62007
0.62007
0.62007
0.62007
0.62007
0.62007
0.62007
0.62007
0.62007
0.62007
0.62007
0.62007
0.62007
0.62007
0.62007
0.62007
0.62007
0.62007
0.62007
0.62007
0.62007
0.62007
0.62007
0.62007
0.62007
0.62007
0.62007
0.62007
0.62007
0.62007
0.62007
0.62007
0.62007
0.62007
0.62007
0.62007
0.62007
0.62007
0.62007
0.62007
0.62007
0.62007
0.62007
0.62007
0.62007
0.62007
0.62007
0.62007
0.62007
0.62007
0.62007
0.62007
0.62007
0.62007
0.62007
0.62007
0.62007
0.62007
0.62007
0.62007
0.62007
0.62007
0.62007
0.62007
0.62007
0.62007
0.62007
0.62007
0.62007
0.62007
0.62007
0.62007
0.62007
0.62007
0.62007
0.62007
0.62007
0.62007
0.62007
0.62007
0.62007
0.62007
0.62007
0.62007
0.62007
0.62007
0.62007
0.62007
0.62007
0.62007
0.62007
0.62007
0.62007
0.62007
0.62007
0.62007
0.62007
0.62007
0.62007
0.62007
0.62007
0.62007
0.62007
0.62007
0.62007
0.62007
0.62007
0.62007
0.62007
0.62007
0.62007
0.62007
0.62007
0.62007
0.62007
0.62007
0.62007
0.62007
0.62007
0.62007
0.62007
0.62007
0.62007
0.62007
0.62007
0.62007
0.62007
0.62007
0.62007
0.62007
0.62007
0.62007
0.62007
0.62007
0.62007
0.62007
0.62007
0.62007
0.62007
0.62007
0.62007
0.62007
0.62007
0.62007
0.62007
0.62007
0.62007
0.62007
0.62007
0.62007
0.62007
0.62007
0.62007
0.62007
0.62007
0.62007
0.62007
0.62007
0.62007
0.62007
0.62007
0.62007
0.62007
0.62007
0.62007
0.62007
0.62007
0.62007
0.62007
0.62007
0.62007
0.62007
0.62007
0.62007
0.62007
0.62007
0.62007
0.62007
0.62007
0.62007
0.62007
0.62007
0.62007
0.62007
0.62007
0.62007
0.62007
0.62007
0.62007
0.62007
0.62007
0.62007
0.62007
0.62007
0.62007
0.62007
0.62007
0.62007
0.62007
0.62007
0.62007
0.62007
0.62007
0.62007
0.62007
0.62007
0.62007
0.62007
0.62007
0.62007
0.62007
0.62007
0.62007
0.62007
0.62007
0.62007
0.62007
0.62007
0.62007
0.62007
0.62007
0.62007
0.62007
0.62007
0.62007
0.62007
0.62007
0.62007
0.62007
0.62007
0.62007
0.62007
0.62007
0.62007
0.62007
0.62007
0.62007
0.62007
0.62007
0.62007
0.62007
0.62007
0.62007
0.62007
0.62007
0.62007
0.62007
0.62007
0.62007
0.62007
0.62007
0.62007
0.62007
0.62007
0.62007
0.62007
0.62007
0.62007
0.62007
0.62007
0.62007
0.62007
0.62007
0.62007
0.62007
0.62007
0.62007
0.62007
0.62007
0.842501
0.520308
0.53156
0.543669
0.573794
0.596147
0.594063
0.588464
0.587312
0.586775
0.587135
0.587059
0.586414
0.585049
0.583502
0.581815
0.580297
0.578448
0.576819
0.574758
1.0773
0.749951
0.652883
0.584015
0.583904
0.59301
0.592323
0.591722
0.590658
0.58932
0.588932
0.588559
0.587685
0.586196
0.584528
0.582624
0.580948
0.579114
0.577513
0.575321
1.17301
0.870307
0.704226
0.609582
0.597626
0.590425
0.594438
0.59819
0.596815
0.594415
0.593233
0.592325
0.591084
0.58944
0.58757
0.585313
0.583222
0.580999
0.579245
0.576888
1.23625
0.979609
0.784841
0.655366
0.617029
0.591603
0.594425
0.602695
0.602021
0.600116
0.598634
0.597232
0.595643
0.593831
0.591724
0.589254
0.586951
0.584446
0.582528
0.579817
1.28111
1.06326
0.859627
0.711047
0.641189
0.593583
0.599362
0.605256
0.604086
0.603814
0.602642
0.600817
0.599236
0.597526
0.595441
0.592819
0.590337
0.587774
0.585812
0.582857
1.31337
1.12685
0.931697
0.778003
0.680823
0.605367
0.606296
0.603159
0.604021
0.605647
0.604825
0.602721
0.60116
0.59956
0.597648
0.595273
0.59286
0.590274
0.588354
0.585377
1.33718
1.1769
0.995927
0.842278
0.724623
0.631179
0.614697
0.59984
0.602726
0.606126
0.60555
0.603391
0.602026
0.600477
0.598647
0.596458
0.594181
0.591729
0.589898
0.58697
1.3555
1.21658
1.05171
0.899984
0.774659
0.673176
0.629187
0.602771
0.602688
0.605695
0.605156
0.603498
0.602183
0.600633
0.598964
0.596967
0.594771
0.592401
0.590689
0.587836
1.36957
1.24925
1.09869
0.952604
0.82533
0.716967
0.649744
0.604458
0.605373
0.605753
0.603867
0.603438
0.602463
0.600527
0.598902
0.597108
0.594984
0.592685
0.591059
0.588254
1.38059
1.27631
1.13861
1.00046
0.872039
0.762754
0.680822
0.614194
0.613071
0.606199
0.602797
0.603628
0.602715
0.600607
0.598904
0.597124
0.59508
0.592947
0.59136
0.588497
1.38929
1.2984
1.17366
1.04236
0.916241
0.807396
0.714557
0.63689
0.620131
0.604166
0.602668
0.604079
0.602918
0.600531
0.59902
0.597202
0.595223
0.593281
0.59169
0.588699
1.39581
1.31672
1.20348
1.0799
0.957329
0.848174
0.751661
0.667964
0.630568
0.604595
0.603902
0.604934
0.602503
0.600715
0.599409
0.597485
0.595599
0.593744
0.59208
0.588955
1.40056
1.33198
1.22866
1.11352
0.994369
0.887056
0.788694
0.701502
0.646885
0.607234
0.608088
0.605839
0.602101
0.601267
0.599917
0.597859
0.596112
0.594285
0.592523
0.589291
1.40419
1.34453
1.25067
1.14294
1.02854
0.923182
0.824003
0.736181
0.669259
0.614984
0.613462
0.606825
0.602068
0.601793
0.600283
0.59817
0.59661
0.594801
0.592983
0.589689
1.40694
1.35521
1.2696
1.16903
1.05989
0.956442
0.858042
0.769858
0.694988
0.63116
0.618995
0.605147
0.601835
0.602357
0.600699
0.59851
0.597083
0.595257
0.593414
0.590095
1.40904
1.36426
1.28626
1.19228
1.08818
0.987452
0.890392
0.801525
0.723256
0.653274
0.625412
0.605732
0.602731
0.602966
0.600337
0.598929
0.597625
0.595702
0.593833
0.590468
1.41066
1.37202
1.30099
1.21306
1.11413
1.01614
0.920459
0.832585
0.751287
0.678611
0.636099
0.60697
0.606094
0.603687
0.600157
0.599404
0.598166
0.596123
0.594225
0.590781
1.41191
1.37857
1.31431
1.23148
1.13803
1.04262
0.94899
0.861685
0.779037
0.705783
0.650596
0.610558
0.610128
0.6042
0.600038
0.599863
0.598625
0.596482
0.594577
0.591037
1.4128
1.38422
1.32605
1.24855
1.15957
1.06754
0.975463
0.889584
0.806046
0.732188
0.669614
0.620008
0.614077
0.605038
0.600158
0.600411
0.59889
0.596667
0.594796
0.591228
1.41345
1.38899
1.33665
1.26395
1.1794
1.09085
1.0001
0.915799
0.832621
0.757469
0.691336
0.634524
0.617918
0.603913
0.600333
0.60093
0.598957
0.596768
0.594957
0.591375
1.41389
1.39302
1.34592
1.27824
1.19741
1.1124
1.02384
0.939979
0.85804
0.782762
0.713307
0.65245
0.624064
0.604716
0.601891
0.601306
0.598491
0.596853
0.595152
0.59152
1.41416
1.3964
1.35406
1.29109
1.21422
1.13219
1.04619
0.963361
0.881986
0.80705
0.736058
0.672614
0.632847
0.605925
0.604989
0.601714
0.598146
0.597057
0.595367
0.591669
1.41428
1.39914
1.36119
1.30272
1.22959
1.15076
1.06714
0.985644
0.905136
0.830231
0.758509
0.693977
0.644253
0.608646
0.608561
0.602655
0.597927
0.597315
0.59558
0.591797
1.41414
1.40132
1.36731
1.31312
1.24389
1.1678
1.08713
1.00675
0.927298
0.852847
0.780158
0.715502
0.659146
0.615894
0.61128
0.601872
0.597734
0.597793
0.595832
0.591917
1.41381
1.4029
1.37254
1.32236
1.25698
1.18382
1.10567
1.02708
0.948399
0.874516
0.801715
0.736275
0.676406
0.627262
0.613685
0.601632
0.598015
0.598315
0.5959
0.592071
1.41334
1.40425
1.37716
1.33074
1.2689
1.19859
1.12305
1.04633
0.968631
0.895281
0.82274
0.756777
0.694606
0.641954
0.617701
0.601989
0.599591
0.598706
0.595825
0.592296
1.4127
1.4051
1.3813
1.33834
1.27995
1.21237
1.13923
1.06446
0.988154
0.915064
0.843153
0.776979
0.713202
0.658413
0.623493
0.602489
0.601859
0.599064
0.595682
0.592391
1.41161
1.40533
1.38466
1.34517
1.28978
1.22522
1.15444
1.08163
1.0068
0.934227
0.862837
0.79665
0.731933
0.675651
0.632228
0.603739
0.604593
0.599284
0.595749
0.592547
1.41008
1.40493
1.38716
1.35104
1.29891
1.23681
1.16871
1.09776
1.02467
0.95272
0.88174
0.815883
0.750625
0.69267
0.643806
0.60777
0.606859
0.599414
0.596106
0.592734
1.40836
1.40424
1.38879
1.35584
1.30707
1.24794
1.18213
1.11306
1.04165
0.970548
0.900114
0.834147
0.769499
0.709672
0.657207
0.615873
0.608401
0.598578
0.596262
0.592996
1.40639
1.40307
1.38946
1.35979
1.314
1.25782
1.19476
1.12756
1.05761
0.987679
0.91788
0.851868
0.787444
0.727232
0.671649
0.626171
0.610236
0.598296
0.596527
0.593287
1.40454
1.40163
1.38957
1.36248
1.32028
1.26678
1.2061
1.1411
1.07275
1.00376
0.93504
0.869031
0.804757
0.744471
0.686735
0.638934
0.613542
0.598487
0.597018
0.593506
1.40291
1.40014
1.38943
1.36473
1.32513
1.27488
1.2166
1.15346
1.08697
1.01912
0.951227
0.885611
0.821492
0.761095
0.702428
0.652077
0.618574
0.59948
0.597761
0.593646
1.40196
1.39906
1.38941
1.36684
1.32988
1.28176
1.22593
1.16494
1.10007
1.03359
0.966672
0.901487
0.837519
0.777125
0.718206
0.665631
0.625628
0.601596
0.59867
0.593686
1.40132
1.39848
1.38976
1.36909
1.3342
1.28816
1.23445
1.17541
1.11248
1.04722
0.981279
0.916678
0.853194
0.792232
0.733797
0.679873
0.633771
0.605312
0.599654
0.593615
1.40074
1.3981
1.39021
1.37122
1.33835
1.2943
1.24254
1.18542
1.12404
1.06028
0.995267
0.93113
0.868301
0.807217
0.748545
0.694262
0.6439
0.610696
0.601141
0.593655
1.40059
1.39778
1.39069
1.3733
1.34248
1.3004
1.25046
1.19505
1.13527
1.07271
1.00879
0.945263
0.882674
0.821939
0.763151
0.708252
0.655437
0.617668
0.603657
0.593894
1.40067
1.39775
1.3912
1.37535
1.34658
1.30645
1.25826
1.20448
1.14616
1.0849
1.02192
0.959021
0.896886
0.836139
0.777642
0.72192
0.668116
0.626277
0.606972
0.594389
1.40072
1.39791
1.39179
1.37738
1.35059
1.31237
1.26585
1.21365
1.15683
1.09679
1.03486
0.972563
0.910769
0.850276
0.791901
0.735407
0.681143
0.637051
0.61138
0.59503
1.40062
1.39805
1.39243
1.37934
1.35444
1.31806
1.27319
1.22253
1.1672
1.10847
1.04753
0.985925
0.924552
0.864214
0.805853
0.749103
0.694402
0.648494
0.61797
0.596487
1.40045
1.39806
1.393
1.38113
1.35809
1.32353
1.28023
1.23109
1.17721
1.11979
1.05997
0.999051
0.938129
0.878167
0.819499
0.762511
0.708424
0.660489
0.625528
0.59863
1.40018
1.3979
1.39335
1.38263
1.36138
1.32871
1.28704
1.23931
1.18687
1.13071
1.07207
1.0119
0.951586
0.891816
0.833114
0.775842
0.722373
0.673483
0.634145
0.601344
1.39985
1.39763
1.3935
1.38382
1.36431
1.33357
1.29359
1.24728
1.19614
1.14127
1.08374
1.0245
0.96474
0.905342
0.846414
0.789314
0.736462
0.686396
0.644014
0.605114
1.39957
1.39736
1.39356
1.38484
1.36691
1.3381
1.29986
1.25499
1.20516
1.15144
1.09508
1.03671
0.977703
0.918467
0.859649
0.802925
0.75037
0.699539
0.654556
0.609685
1.39945
1.39718
1.39368
1.3858
1.3693
1.34229
1.30585
1.26246
1.21391
1.16137
1.10605
1.04862
0.990294
0.931347
0.872736
0.81662
0.764361
0.712317
0.665588
0.615421
1.39959
1.39711
1.39378
1.38666
1.37153
1.34624
1.3115
1.2697
1.22247
1.17103
1.11679
1.0602
1.0025
0.943962
0.885864
0.830402
0.778003
0.725003
0.676966
0.621958
1.39971
1.39715
1.39385
1.38741
1.37361
1.34996
1.31693
1.27666
1.23082
1.18051
1.1272
1.0715
1.01436
0.956313
0.899136
0.844168
0.79131
0.737379
0.688547
0.629392
1.39961
1.39724
1.39392
1.38801
1.37551
1.35353
1.32214
1.28344
1.2389
1.18974
1.1374
1.08243
1.02596
0.968665
0.912408
0.857876
0.804274
0.74937
0.70024
0.637607
1.39932
1.39719
1.39395
1.38846
1.37721
1.35695
1.32725
1.28998
1.24674
1.19864
1.14728
1.09316
1.03732
0.981114
0.925811
0.871218
0.8168
0.761243
0.711928
0.646398
1.39892
1.39705
1.39401
1.38894
1.37887
1.36029
1.3322
1.29629
1.25421
1.20724
1.15682
1.10361
1.04877
0.993634
0.939163
0.884166
0.828871
0.772904
0.723691
0.655727
1.3987
1.3968
1.39398
1.38941
1.38045
1.36346
1.33689
1.30225
1.26135
1.21545
1.16611
1.11395
1.06027
1.00637
0.952143
0.896634
0.840622
0.784407
0.73541
0.665483
1.39871
1.39652
1.39391
1.38987
1.38186
1.36628
1.34118
1.30782
1.26811
1.22339
1.17512
1.12431
1.07196
1.01899
0.96479
0.908397
0.852031
0.795935
0.747095
0.675533
1.39886
1.39638
1.39388
1.39028
1.38304
1.36868
1.34501
1.31303
1.2746
1.23108
1.18408
1.13473
1.0838
1.03132
0.976618
0.919783
0.863256
0.807324
0.758751
0.685855
1.39909
1.3965
1.394
1.39064
1.38399
1.37072
1.3485
1.31798
1.2809
1.23868
1.19307
1.14538
1.09545
1.04305
0.987837
0.930595
0.874398
0.818766
0.770292
0.696319
1.39914
1.3965
1.39389
1.39067
1.38465
1.37251
1.35178
1.3228
1.28709
1.24632
1.20228
1.15603
1.10675
1.05393
0.998318
0.941254
0.885476
0.830152
0.781807
0.706907
1.39905
1.39644
1.3937
1.39058
1.38516
1.37418
1.35495
1.32749
1.29327
1.25414
1.21173
1.16654
1.11724
1.06401
1.00832
0.951742
0.896653
0.841528
0.793208
0.717559
1.39883
1.39633
1.39354
1.39051
1.38567
1.37581
1.35804
1.33213
1.29955
1.2623
1.22128
1.17648
1.12677
1.07332
1.0181
0.962326
0.907824
0.852879
0.804572
0.728248
1.3985
1.39609
1.3934
1.39046
1.38616
1.37737
1.36104
1.3368
1.30616
1.27071
1.23055
1.18539
1.13533
1.08224
1.02781
0.972985
0.919043
0.864146
0.815849
0.738963
1.39847
1.39603
1.39344
1.3905
1.38658
1.37879
1.36404
1.34179
1.31323
1.27914
1.23891
1.19322
1.14322
1.09097
1.03762
0.98373
0.930191
0.875342
0.827059
0.749674
1.39834
1.39597
1.39355
1.39071
1.38699
1.38019
1.3673
1.34735
1.32055
1.28681
1.24604
1.20003
1.15076
1.09977
1.04748
0.99443
0.941201
0.886396
0.838175
0.760373
1.39802
1.39595
1.39372
1.39105
1.38758
1.3819
1.37129
1.35357
1.32737
1.29304
1.25178
1.20633
1.15836
1.10869
1.05732
1.00495
0.951994
0.89732
0.84919
0.771038
1.39782
1.39576
1.39348
1.39116
1.38838
1.38435
1.37598
1.35934
1.33266
1.29757
1.25666
1.21257
1.16622
1.11774
1.06705
1.01526
0.962561
0.908104
0.860112
0.781668
1.39852
1.39598
1.39357
1.39175
1.39033
1.38804
1.3804
1.36331
1.3359
1.301
1.26134
1.21904
1.17424
1.1267
1.0766
1.02532
0.972899
0.918743
0.870923
0.792243
1.3979
1.39566
1.39416
1.39402
1.3949
1.39262
1.38335
1.36512
1.33795
1.30441
1.26666
1.22604
1.18237
1.13554
1.08606
1.03528
0.983101
0.929287
0.881671
0.802793
1.39398
1.39307
1.39412
1.39706
1.39876
1.39495
1.3841
1.36539
1.33939
1.30804
1.2725
1.23329
1.19029
1.1441
1.09537
1.04509
0.993168
0.939718
0.892325
0.81329
1.39694
1.39617
1.39965
1.4016
1.39902
1.39304
1.38195
1.36534
1.34188
1.31275
1.27887
1.24043
1.19784
1.15236
1.1045
1.05471
1.0031
0.950055
0.902905
0.823752
1.39313
1.41259
1.41217
1.40708
1.39718
1.38719
1.37836
1.36549
1.34546
1.31841
1.28537
1.24731
1.20518
1.16054
1.11348
1.06414
1.01295
0.960322
0.91339
0.834144
1.34888
1.42
1.41173
1.40111
1.39049
1.3831
1.37755
1.36748
1.34944
1.32361
1.29117
1.25356
1.21216
1.16852
1.1222
1.07326
1.02267
0.970481
0.923724
0.844423
1.07222
1.38699
1.38885
1.38805
1.38571
1.3819
1.37772
1.36907
1.35256
1.32748
1.29598
1.25956
1.21935
1.1766
1.13076
1.08225
1.0324
0.980596
0.933925
0.854584
0.731892
1.19838
1.37139
1.3857
1.38831
1.38369
1.37825
1.36991
1.35434
1.33192
1.30078
1.26527
1.22634
1.18466
1.13929
1.09118
1.04207
0.990589
0.943956
0.864604
0.627509
0.855813
1.27721
1.39131
1.38645
1.37934
1.37463
1.36795
1.35546
1.33449
1.30572
1.27148
1.23356
1.19243
1.14742
1.10004
1.05176
1.00049
0.953863
0.874532
0.620226
0.655889
1.01099
1.35945
1.37817
1.37492
1.37202
1.36749
1.35659
1.33706
1.30915
1.27701
1.2413
1.20039
1.15551
1.10875
1.06123
1.01019
0.963654
0.884379
0.620072
0.621716
0.729187
1.18311
1.35543
1.37527
1.37373
1.36709
1.35607
1.33777
1.31226
1.28299
1.24701
1.20717
1.16333
1.11762
1.07052
1.01958
0.973283
0.894169
0.62007
0.620101
0.630312
0.873563
1.29199
1.38069
1.37548
1.36736
1.35586
1.33862
1.3153
1.28713
1.25325
1.2135
1.17022
1.12583
1.07966
1.02893
0.98283
0.903883
0.62007
0.62007
0.620429
0.668388
1.07133
1.35533
1.37163
1.36594
1.35541
1.34033
1.31895
1.29127
1.25681
1.21909
1.17771
1.13409
1.08806
1.03783
0.992324
0.913615
0.62007
0.62007
0.620076
0.623229
0.785878
1.24614
1.37314
1.36754
1.35727
1.34306
1.32259
1.2949
1.26058
1.22345
1.18397
1.14237
1.09662
1.04663
1.00155
0.923257
0.62007
0.62007
0.62007
0.620165
0.644386
0.99443
1.34466
1.36518
1.35843
1.34605
1.32651
1.29848
1.26451
1.22816
1.19037
1.14878
1.10418
1.05544
1.0109
0.932962
0.62007
0.62007
0.62007
0.620072
0.621409
0.739553
1.20952
1.35791
1.36082
1.35075
1.33076
1.30215
1.26901
1.23366
1.19641
1.15514
1.11106
1.06331
1.01973
0.942574
0.62007
0.62007
0.62007
0.62007
0.620108
0.635228
0.95079
1.32077
1.36459
1.35553
1.33409
1.30592
1.27449
1.24002
1.20251
1.16111
1.11753
1.07117
1.02817
0.951808
0.62007
0.62007
0.62007
0.62007
0.620071
0.620897
0.719679
1.18133
1.36297
1.35848
1.33717
1.3103
1.28077
1.24681
1.20865
1.16726
1.12417
1.07863
1.03616
0.960752
0.62007
0.62007
0.62007
0.62007
0.62007
0.620096
0.632153
0.935706
1.32615
1.35302
1.33864
1.31529
1.28697
1.25333
1.21507
1.174
1.13123
1.08597
1.04365
0.969131
0.62007
0.62007
0.62007
0.62007
0.62007
0.620071
0.620745
0.718357
1.18605
1.34567
1.34139
1.32204
1.29345
1.25992
1.22211
1.18153
1.13885
1.09336
1.051
0.977189
0.62007
0.62007
0.62007
0.62007
0.62007
0.62007
0.620093
0.632934
0.950946
1.31493
1.34395
1.3273
1.29918
1.26633
1.22945
1.18931
1.14656
1.10066
1.05831
0.985006
0.62007
0.62007
0.62007
0.62007
0.62007
0.62007
0.620071
0.620876
0.73415
1.19971
1.33756
1.32985
1.30513
1.27289
1.23675
1.19698
1.15434
1.10829
1.06615
0.993048
0.62007
0.62007
0.62007
0.62007
0.62007
0.62007
0.62007
0.620103
0.638008
0.986191
1.3144
1.33188
1.31094
1.27893
1.24332
1.20405
1.16193
1.11605
1.07428
1.00121
0.62007
0.62007
0.62007
0.62007
0.62007
0.62007
0.62007
0.620071
0.621426
0.767288
1.22864
1.33016
1.31488
1.28407
1.24867
1.2104
1.16935
1.12404
1.08285
1.00979
0.62007
0.62007
0.62007
0.62007
0.62007
0.62007
0.62007
0.62007
0.620138
0.649582
1.04389
1.30019
1.31324
1.28956
1.25424
1.21705
1.17704
1.13245
1.09175
1.01862
0.62007
0.62007
0.62007
0.62007
0.62007
0.62007
0.62007
0.62007
0.620072
0.622896
0.824185
1.25153
1.31496
1.29389
1.26043
1.22387
1.18432
1.14046
1.10027
1.02739
0.62007
0.62007
0.62007
0.62007
0.62007
0.62007
0.62007
0.62007
0.62007
0.620246
0.675009
1.1062
1.2989
1.29582
1.26831
1.23106
1.19132
1.14827
1.10868
1.03628
0.62007
0.62007
0.62007
0.62007
0.62007
0.62007
0.62007
0.62007
0.62007
0.620078
0.627046
0.902055
1.26986
1.30089
1.27564
1.23794
1.19789
1.15567
1.11652
1.04477
0.62007
0.62007
0.62007
0.62007
0.62007
0.62007
0.62007
0.62007
0.62007
0.62007
0.620613
0.723434
1.16811
1.29423
1.28063
1.24506
1.20462
1.16301
1.12425
1.05334
0.62007
0.62007
0.62007
0.62007
0.62007
0.62007
0.62007
0.62007
0.62007
0.62007
0.620103
0.639447
0.990729
1.27877
1.28283
1.25268
1.21181
1.17032
1.13172
1.06158
0.62007
0.62007
0.62007
0.62007
0.62007
0.62007
0.62007
0.62007
0.62007
0.62007
0.620072
0.622047
0.799261
1.21999
1.28112
1.25863
1.21927
1.1774
1.13892
1.0696
0.62007
0.62007
0.62007
0.62007
0.62007
0.62007
0.62007
0.62007
0.62007
0.62007
0.62007
0.620221
0.670721
1.08135
1.26947
1.26293
1.22844
1.18537
1.14672
1.07786
0.62007
0.62007
0.62007
0.62007
0.62007
0.62007
0.62007
0.62007
0.62007
0.62007
0.62007
0.620079
0.627516
0.90105
1.24705
1.26599
1.23685
1.19329
1.15436
1.08576
0.62007
0.62007
0.62007
0.62007
0.62007
0.62007
0.62007
0.62007
0.62007
0.62007
0.62007
0.620071
0.620813
0.735974
1.16196
1.26122
1.24309
1.20157
1.16238
1.09392
0.62007
0.62007
0.62007
0.62007
0.62007
0.62007
0.62007
0.62007
0.62007
0.62007
0.62007
0.62007
0.620132
0.647162
1.0103
1.25089
1.24688
1.2111
1.17059
1.10182
0.62007
0.62007
0.62007
0.62007
0.62007
0.62007
0.62007
0.62007
0.62007
0.62007
0.62007
0.62007
0.620074
0.623746
0.837691
1.21192
1.24624
1.21902
1.17863
1.10955
0.62007
0.62007
0.62007
0.62007
0.62007
0.62007
0.62007
0.62007
0.62007
0.62007
0.62007
0.62007
0.62007
0.620455
0.699392
1.10954
1.24085
1.22603
1.188
1.11806
0.62007
0.62007
0.62007
0.62007
0.62007
0.62007
0.62007
0.62007
0.62007
0.62007
0.62007
0.62007
0.62007
0.620104
0.636414
0.95905
1.22797
1.22823
1.19738
1.12696
0.62007
0.62007
0.62007
0.62007
0.62007
0.62007
0.62007
0.62007
0.62007
0.62007
0.62007
0.62007
0.62007
0.620073
0.622271
0.79711
1.17854
1.22638
1.20469
1.13649
0.62007
0.62007
0.62007
0.62007
0.62007
0.62007
0.62007
0.62007
0.62007
0.62007
0.62007
0.62007
0.62007
0.62007
0.620318
0.679994
1.06781
1.22231
1.21109
1.14717
)
;

boundaryField
{
    inlet
    {
        type            calculated;
        value           nonuniform List<scalar> 0();
    }
    outlet
    {
        type            calculated;
        value           nonuniform List<scalar> 
102
(
0.574758
0.575321
0.576888
0.579817
0.582857
0.585377
0.58697
0.587836
0.588254
0.588497
0.588699
0.588955
0.589291
0.589689
0.590095
0.590468
0.590781
0.591037
0.591228
0.591375
0.59152
0.591669
0.591797
0.591917
0.592071
0.592296
0.592391
0.592547
0.592734
0.592996
0.593287
0.593506
0.593646
0.593686
0.593615
0.593655
0.593894
0.594389
0.59503
0.596487
0.59863
0.601344
0.605114
0.609685
0.615421
0.621958
0.629392
0.637607
0.646398
0.655727
0.665483
0.675533
0.685855
0.696319
0.706907
0.717559
0.728248
0.738963
0.749674
0.760373
0.771038
0.781668
0.792243
0.802793
0.81329
0.823752
0.834144
0.844423
0.854584
0.864604
0.874532
0.884379
0.894169
0.903883
0.913615
0.923257
0.932962
0.942574
0.951808
0.960752
0.969131
0.977189
0.985006
0.993048
1.00121
1.00979
1.01862
1.02739
1.03628
1.04477
1.05334
1.06158
1.0696
1.07786
1.08576
1.09392
1.10182
1.10955
1.11806
1.12696
1.13649
1.14717
)
;
    }
    bottom
    {
        type            symmetryPlane;
    }
    top
    {
        type            calculated;
        value           nonuniform List<scalar> 0();
    }
    obstacle
    {
        type            calculated;
        value           nonuniform List<scalar> 
88
(
1.42137
1.42045
1.41865
1.41705
1.41666
1.41679
1.41739
1.41791
1.4182
1.41788
1.41717
1.41701
1.41712
1.41752
1.41769
1.41769
1.41749
1.41715
1.41682
1.41654
1.41624
1.41588
1.41547
1.41523
1.41544
1.41597
1.41672
1.4175
1.41876
1.4211
1.42529
1.43185
1.43908
1.44442
1.44747
1.44926
1.45001
1.45021
1.45021
1.4502
1.45028
1.4504
1.45036
1.45004
1.44949
1.44868
1.44769
1.44664
1.44573
1.44492
1.44412
1.44325
1.44231
1.44133
1.4403
1.43921
1.43806
1.43679
1.43534
1.43367
1.43178
1.42979
1.42789
1.42623
1.4249
1.42375
1.42285
1.42238
0.842501
0.520308
0.53156
0.543669
0.573794
0.596147
0.594063
0.588464
0.587312
0.586775
0.587135
0.587059
0.586414
0.585049
0.583502
0.581815
0.580297
0.578448
0.576819
0.574758
)
;
    }
    defaultFaces
    {
        type            empty;
    }
    procBoundary1to0
    {
        type            processor;
        value           nonuniform List<scalar> 
103
(
1.42162
1.41972
1.41271
1.40913
1.40746
1.41095
1.41455
1.41689
1.41517
1.41457
1.419
1.3207
0.915679
0.640336
0.620166
0.62007
0.62007
0.62007
0.62007
0.62007
0.62007
0.62007
0.62007
0.62007
0.62007
0.62007
0.62007
0.62007
0.62007
0.62007
0.62007
0.62007
0.62007
0.62007
0.62007
0.62007
0.62007
0.62007
0.62007
0.62007
0.62007
0.62007
0.62007
0.62007
0.62007
0.62007
0.62007
0.62007
0.62007
0.62007
0.62007
0.62007
0.62007
0.62007
0.62007
0.62007
0.62007
0.62007
0.62007
0.62007
0.62007
0.62007
0.62007
0.62007
0.62007
0.62007
0.62007
0.62007
0.62007
0.62007
0.62007
0.62007
0.62007
0.62007
0.62007
0.62007
0.62007
0.62007
0.62007
0.62007
0.62007
0.62007
0.62007
0.62007
0.62007
0.62007
0.62007
0.62007
0.62007
0.62007
0.62007
0.62007
0.62007
0.62007
0.62007
0.62007
0.62007
0.62007
0.62007
0.62007
0.62007
0.62007
0.62007
)
;
    }
    procBoundary1to3
    {
        type            processor;
        value           nonuniform List<scalar> 
89
(
0.62007
0.62007
0.62007
0.62007
0.62007
0.62007
0.62007
0.62007
0.62007
0.62007
0.62007
0.62007
0.62007
0.62007
0.62007
0.62007
0.62007
0.62007
0.62007
0.62007
0.62007
0.62007
0.62007
0.62007
0.62007
0.62007
0.62007
0.62007
0.62007
0.62007
0.62007
0.62007
0.62007
0.62007
0.62007
0.62007
0.62007
0.62007
0.62007
0.62007
0.62007
0.62007
0.62007
0.62007
0.62007
0.62007
0.62007
0.62007
0.62007
0.62007
0.62007
0.62007
0.62007
0.62007
0.62007
0.62007
0.62007
0.62007
0.62007
0.62007
0.62007
0.62007
0.62007
0.62007
0.62007
0.62007
0.62007
0.62007
0.62007
0.62007
0.62007
0.62007
0.62007
0.62007
0.62007
0.62007
0.62007
0.62007
0.62007
0.62007
0.62007
0.62007
0.62007
0.620094
0.632048
0.920897
1.2071
1.2131
1.15794
)
;
    }
}


// ************************************************************************* //
