/*--------------------------------*- C++ -*----------------------------------*\
| =========                 |                                                 |
| \\      /  F ield         | OpenFOAM: The Open Source CFD Toolbox           |
|  \\    /   O peration     | Version:  2306                                  |
|   \\  /    A nd           | Website:  www.openfoam.com                      |
|    \\/     M anipulation  |                                                 |
\*---------------------------------------------------------------------------*/
FoamFile
{
    version     2.0;
    format      ascii;
    arch        "LSB;label=32;scalar=64";
    class       volScalarField;
    location    "6e-05";
    object      T;
}
// * * * * * * * * * * * * * * * * * * * * * * * * * * * * * * * * * * * * * //

dimensions      [0 0 0 1 0 0 0];

internalField   nonuniform List<scalar> 
9032
(
269.412
269.371
269.32
269.301
269.333
269.438
269.578
269.677
269.74
269.745
269.748
269.788
269.847
269.907
269.944
269.973
269.991
270.004
270.019
270.037
270.047
270.047
270.038
270.034
270.07
270.13
270.203
270.277
270.39
270.581
270.911
271.413
271.959
272.348
272.574
272.712
272.787
272.831
272.862
272.888
272.915
272.936
272.937
272.923
272.892
272.838
272.769
272.696
272.633
272.574
272.518
272.46
272.4
272.335
272.263
272.184
272.095
271.996
271.885
271.758
271.615
271.462
271.315
271.188
271.088
271.002
270.931
270.903
269.701
269.64
269.631
269.642
269.677
269.758
269.832
269.882
269.89
269.87
269.866
269.892
269.942
270.002
270.032
270.039
270.038
270.039
270.055
270.088
270.123
270.149
270.169
270.179
270.198
270.235
270.287
270.366
270.5
270.731
271.144
271.728
272.281
272.624
272.779
272.849
272.881
272.905
272.926
272.94
272.953
272.952
272.941
272.916
272.877
272.824
272.762
272.695
272.626
272.558
272.494
272.43
272.365
272.296
272.221
272.138
272.046
271.945
271.836
271.718
271.591
271.458
271.324
271.206
271.11
271.029
270.94
270.878
270.385
270.389
270.406
270.418
270.415
270.417
270.414
270.408
270.386
270.347
270.312
270.297
270.292
270.299
270.308
270.294
270.27
270.248
270.248
270.263
270.294
270.341
270.381
270.408
270.428
270.451
270.488
270.562
270.7
270.974
271.466
272.089
272.601
272.867
272.975
273.007
273.018
273.027
273.037
273.043
273.04
273.024
272.995
272.957
272.912
272.862
272.805
272.74
272.667
272.59
272.513
272.439
272.368
272.295
272.218
272.134
272.042
271.942
271.836
271.726
271.616
271.501
271.39
271.277
271.163
271.057
270.952
270.885
271.172
271.141
271.107
271.061
271.018
270.978
270.935
270.909
270.88
270.845
270.802
270.753
270.706
270.668
270.639
270.596
270.557
270.525
270.512
270.511
270.518
270.543
270.567
270.588
270.606
270.623
270.652
270.726
270.899
271.242
271.821
272.452
272.89
273.073
273.132
273.141
273.146
273.151
273.153
273.151
273.137
273.106
273.062
273.014
272.965
272.914
272.855
272.784
272.702
272.612
272.519
272.431
272.351
272.273
272.194
272.109
272.017
271.919
271.82
271.725
271.632
271.54
271.437
271.324
271.205
271.084
270.956
270.863
271.423
271.392
271.356
271.306
271.248
271.177
271.133
271.12
271.094
271.052
270.996
270.924
270.861
270.809
270.774
270.729
270.683
270.639
270.604
270.588
270.583
270.596
270.624
270.65
270.664
270.676
270.706
270.791
271.02
271.463
272.112
272.714
273.042
273.163
273.191
273.186
273.187
273.191
273.191
273.184
273.161
273.126
273.082
273.035
272.985
272.93
272.868
272.793
272.705
272.612
272.518
272.428
272.343
272.261
272.178
272.091
271.998
271.903
271.807
271.711
271.618
271.527
271.432
271.328
271.21
271.078
270.941
270.817
271.413
271.28
271.154
271.11
271.08
271.061
271.062
271.05
271.002
270.942
270.891
270.852
270.827
270.813
270.788
270.743
270.686
270.623
270.579
270.569
270.569
270.582
270.61
270.627
270.636
270.648
270.685
270.795
271.078
271.59
272.255
272.804
273.054
273.141
273.158
273.156
273.16
273.167
273.166
273.159
273.139
273.106
273.062
273.01
272.952
272.89
272.826
272.753
272.668
272.574
272.476
272.378
272.282
272.192
272.107
272.022
271.937
271.851
271.759
271.662
271.56
271.458
271.358
271.254
271.142
271.017
270.896
270.765
270.777
270.642
270.508
270.465
270.499
270.588
270.664
270.658
270.586
270.487
270.44
270.446
270.501
270.575
270.597
270.584
270.54
270.478
270.432
270.423
270.433
270.458
270.478
270.476
270.475
270.485
270.537
270.69
271.033
271.609
272.267
272.734
272.937
273.017
273.029
273.028
273.031
273.038
273.042
273.039
273.027
273
272.958
272.903
272.841
272.781
272.72
272.65
272.564
272.466
272.359
272.249
272.145
272.052
271.969
271.891
271.813
271.731
271.638
271.534
271.421
271.306
271.198
271.097
271.005
270.914
270.825
270.689
269.754
269.701
269.658
269.67
269.816
270.026
270.114
270.095
269.995
269.885
269.863
269.894
270
270.113
270.169
270.172
270.148
270.111
270.096
270.102
270.129
270.174
270.184
270.176
270.17
270.187
270.262
270.47
270.897
271.552
272.19
272.555
272.706
272.78
272.806
272.807
272.809
272.81
272.811
272.815
272.811
272.794
272.763
272.717
272.659
272.592
272.528
272.46
272.376
272.275
272.161
272.043
271.931
271.835
271.755
271.684
271.614
271.536
271.444
271.337
271.219
271.099
270.989
270.891
270.806
270.728
270.662
270.53
269.066
269.117
269.146
269.264
269.465
269.634
269.639
269.584
269.502
269.444
269.446
269.496
269.597
269.688
269.733
269.739
269.73
269.724
269.733
269.753
269.774
269.8
269.801
269.793
269.793
269.82
269.927
270.198
270.723
271.44
272.035
272.324
272.44
272.508
272.544
272.546
272.546
272.541
272.531
272.528
272.521
272.506
272.48
272.444
272.398
272.341
272.277
272.207
272.125
272.026
271.912
271.79
271.671
271.573
271.497
271.436
271.378
271.314
271.234
271.136
271.015
270.879
270.753
270.652
270.57
270.497
270.441
270.313
268.914
268.993
269.07
269.268
269.42
269.403
269.325
269.251
269.247
269.249
269.267
269.312
269.359
269.4
269.422
269.444
269.478
269.511
269.538
269.557
269.557
269.552
269.542
269.537
269.541
269.579
269.716
270.046
270.645
271.366
271.908
272.118
272.21
272.277
272.321
272.322
272.321
272.306
272.284
272.269
272.257
272.238
272.212
272.179
272.14
272.092
272.032
271.963
271.881
271.783
271.668
271.542
271.417
271.312
271.235
271.176
271.124
271.068
271.004
270.922
270.821
270.701
270.573
270.457
270.364
270.283
270.221
270.107
269.495
269.126
269.255
269.444
269.444
269.294
269.169
269.16
269.197
269.247
269.272
269.287
269.285
269.285
269.293
269.327
269.387
269.436
269.459
269.465
269.451
269.431
269.406
269.405
269.411
269.466
269.643
270.041
270.693
271.401
271.867
272.02
272.09
272.147
272.188
272.19
272.189
272.174
272.148
272.124
272.107
272.084
272.054
272.016
271.968
271.912
271.85
271.78
271.697
271.597
271.483
271.36
271.241
271.133
271.046
270.982
270.927
270.874
270.816
270.747
270.66
270.559
270.447
270.328
270.214
270.115
270.037
269.934
268.836
269.244
269.571
269.59
269.421
269.171
269.142
269.19
269.268
269.316
269.325
269.325
269.297
269.279
269.284
269.321
269.391
269.447
269.468
269.471
269.45
269.406
269.366
269.369
269.376
269.454
269.673
270.134
270.837
271.524
271.903
272.017
272.066
272.109
272.136
272.136
272.131
272.115
272.087
272.052
272.02
271.989
271.952
271.909
271.86
271.806
271.744
271.671
271.587
271.491
271.385
271.274
271.165
271.059
270.958
270.876
270.813
270.754
270.695
270.632
270.56
270.475
270.378
270.267
270.143
270.012
269.903
269.795
260.206
269.724
269.706
269.55
269.31
269.205
269.227
269.291
269.353
269.408
269.415
269.402
269.356
269.336
269.339
269.371
269.431
269.476
269.493
269.49
269.473
269.426
269.378
269.378
269.398
269.504
269.782
270.328
271.074
271.718
271.996
272.061
272.088
272.119
272.141
272.145
272.136
272.116
272.081
272.028
271.982
271.946
271.907
271.861
271.812
271.753
271.686
271.61
271.526
271.436
271.338
271.235
271.133
271.032
270.928
270.828
270.747
270.682
270.625
270.568
270.506
270.43
270.339
270.233
270.114
269.975
269.834
269.713
219.354
262.153
269.348
269.521
269.509
269.43
269.379
269.373
269.385
269.474
269.499
269.495
269.459
269.451
269.46
269.485
269.523
269.548
269.543
269.525
269.489
269.436
269.405
269.415
269.466
269.611
269.956
270.585
271.354
271.934
272.114
272.148
272.155
272.166
272.178
272.179
272.167
272.14
272.095
272.041
271.994
271.95
271.903
271.85
271.787
271.716
271.637
271.551
271.466
271.387
271.308
271.223
271.129
271.031
270.929
270.824
270.727
270.647
270.583
270.526
270.469
270.397
270.306
270.2
270.085
269.954
269.808
269.68
182.668
220.637
260.822
269.703
269.907
269.522
269.414
269.339
269.386
269.524
269.561
269.562
269.547
269.564
269.585
269.604
269.614
269.616
269.6
269.563
269.522
269.473
269.457
269.477
269.552
269.743
270.168
270.874
271.636
272.118
272.223
272.239
272.234
272.234
272.238
272.235
272.223
272.199
272.154
272.097
272.047
271.996
271.94
271.876
271.8
271.718
271.629
271.536
271.445
271.366
271.293
271.22
271.14
271.048
270.949
270.847
270.741
270.641
270.558
270.489
270.427
270.364
270.283
270.178
270.06
269.931
269.791
269.673
180.01
182.992
218.574
260.035
268.198
269.263
269.325
269.327
269.451
269.602
269.592
269.57
269.583
269.619
269.633
269.635
269.64
269.652
269.636
269.584
269.543
269.498
269.501
269.532
269.627
269.874
270.387
271.162
271.89
272.234
272.295
272.308
272.3
272.297
272.297
272.294
272.283
272.26
272.22
272.166
272.116
272.059
271.995
271.921
271.832
271.738
271.642
271.546
271.451
271.366
271.295
271.226
271.159
271.081
270.986
270.884
270.776
270.663
270.555
270.46
270.377
270.3
270.223
270.134
270.026
269.909
269.778
269.669
180
180.012
182.36
218.159
259.033
269.915
269.907
269.488
269.49
269.63
269.594
269.57
269.618
269.611
269.598
269.603
269.622
269.651
269.643
269.599
269.551
269.511
269.523
269.569
269.689
269.995
270.599
271.419
272.073
272.289
272.331
272.342
272.344
272.348
272.346
272.343
272.333
272.307
272.264
272.213
272.162
272.104
272.038
271.958
271.864
271.763
271.663
271.565
271.472
271.384
271.31
271.245
271.18
271.111
271.025
270.925
270.816
270.696
270.568
270.448
270.341
270.244
270.149
270.056
269.963
269.863
269.75
269.665
180
180
180.008
182.459
215.05
257.757
267.664
268.895
269.32
269.612
269.574
269.629
269.678
269.622
269.57
269.571
269.605
269.643
269.635
269.602
269.55
269.507
269.528
269.586
269.737
270.116
270.81
271.638
272.179
272.308
272.34
272.356
272.373
272.386
272.384
272.376
272.359
272.325
272.279
272.225
272.174
272.117
272.051
271.969
271.874
271.773
271.674
271.583
271.497
271.41
271.332
271.266
271.198
271.127
271.046
270.945
270.836
270.714
270.578
270.443
270.321
270.206
270.099
269.992
269.894
269.807
269.714
269.648
180
180
180
180.009
181.729
214.326
256.902
267.618
269.498
269.707
269.572
269.745
269.755
269.66
269.574
269.578
269.614
269.635
269.612
269.578
269.53
269.498
269.523
269.596
269.792
270.256
271.027
271.816
272.244
272.314
272.34
272.363
272.392
272.408
272.405
272.392
272.365
272.323
272.273
272.218
272.161
272.102
272.033
271.953
271.864
271.768
271.674
271.589
271.508
271.426
271.345
271.273
271.2
271.123
271.039
270.94
270.831
270.711
270.577
270.441
270.311
270.188
270.07
269.958
269.85
269.758
269.671
269.621
180
180
180
180
180.005
181.727
209.963
253.458
269.659
269.916
269.3
269.834
269.917
269.711
269.605
269.611
269.611
269.587
269.548
269.53
269.521
269.51
269.541
269.633
269.881
270.434
271.26
271.987
272.293
272.328
272.351
272.382
272.411
272.418
272.413
272.396
272.361
272.305
272.248
272.19
272.13
272.069
272.005
271.93
271.845
271.754
271.66
271.576
271.5
271.424
271.344
271.263
271.182
271.096
271.005
270.905
270.797
270.684
270.565
270.443
270.316
270.183
270.047
269.924
269.816
269.72
269.628
269.58
180
180
180
180
180
180.005
181.007
207.375
254.612
266.454
268.786
270.439
269.935
269.523
269.577
269.566
269.541
269.486
269.471
269.488
269.518
269.545
269.584
269.697
270.008
270.657
271.513
272.16
272.343
272.354
272.375
272.405
272.423
272.421
272.412
272.388
272.343
272.273
272.208
272.152
272.091
272.032
271.972
271.901
271.819
271.728
271.632
271.546
271.469
271.395
271.311
271.222
271.134
271.043
270.946
270.845
270.742
270.637
270.529
270.416
270.3
270.176
270.043
269.904
269.78
269.682
269.587
269.53
180
180
180
180
180
180
180.002
180.889
204.369
249.318
268.368
271.085
269.753
269.11
269.572
269.549
269.445
269.409
269.43
269.497
269.545
269.585
269.641
269.791
270.183
270.922
271.761
272.296
272.367
272.372
272.399
272.414
272.418
272.411
272.394
272.364
272.314
272.238
272.167
272.107
272.046
271.987
271.93
271.86
271.781
271.691
271.598
271.508
271.422
271.336
271.254
271.165
271.07
270.971
270.872
270.771
270.671
270.572
270.473
270.372
270.266
270.153
270.032
269.898
269.758
269.645
269.548
269.479
180
180
180
180
180
180
180
180.002
180.574
200.785
248.297
267.485
268.262
269.495
269.713
269.516
269.369
269.347
269.406
269.509
269.558
269.593
269.658
269.859
270.354
271.167
271.941
272.327
272.345
272.363
272.407
272.418
272.403
272.381
272.35
272.315
272.265
272.192
272.122
272.057
271.993
271.931
271.875
271.811
271.741
271.663
271.578
271.48
271.378
271.286
271.193
271.097
270.997
270.891
270.787
270.688
270.591
270.496
270.406
270.316
270.219
270.114
270.003
269.882
269.748
269.62
269.513
269.434
180
180
180
180
180
180
180
180
180.001
180.413
197.795
242.702
265.934
270.81
270.172
269.385
269.316
269.269
269.334
269.452
269.53
269.559
269.632
269.905
270.518
271.367
272.011
272.246
272.281
272.323
272.383
272.409
272.383
272.332
272.287
272.249
272.214
272.159
272.092
272.01
271.929
271.865
271.812
271.76
271.708
271.648
271.571
271.472
271.367
271.26
271.149
271.04
270.932
270.819
270.706
270.605
270.512
270.424
270.342
270.262
270.174
270.078
269.975
269.864
269.737
269.603
269.485
269.395
180
180
180
180
180
180
180
180
180
180.001
180.287
193.11
237.924
266.782
268.885
269.103
269.289
269.285
269.304
269.361
269.437
269.484
269.609
269.98
270.699
271.539
272.001
272.111
272.185
272.266
272.351
272.386
272.358
272.285
272.229
272.194
272.174
272.14
272.081
271.991
271.892
271.81
271.749
271.708
271.676
271.633
271.557
271.458
271.354
271.244
271.125
271.005
270.886
270.765
270.645
270.54
270.454
270.374
270.296
270.221
270.14
270.049
269.953
269.848
269.729
269.598
269.474
269.374
180
180
180
180
180
180
180
180
180
180
180
180.14
190.278
233.567
263.615
269.63
269.483
269.366
269.385
269.35
269.352
269.432
269.65
270.125
270.907
271.679
271.971
272.021
272.08
272.182
272.298
272.347
272.336
272.258
272.198
272.168
272.151
272.13
272.087
272.004
271.897
271.799
271.731
271.691
271.666
271.624
271.541
271.443
271.34
271.227
271.106
270.983
270.862
270.739
270.613
270.508
270.426
270.348
270.269
270.192
270.113
270.028
269.939
269.845
269.739
269.615
269.487
269.379
180
180
180
180
180
180
180
180
180
180
180
180
180.095
186.869
227.753
262.145
269.721
269.664
269.496
269.236
269.283
269.475
269.793
270.327
271.09
271.755
271.978
272.015
272.078
272.192
272.301
272.317
272.299
272.244
272.173
272.143
272.141
272.144
272.114
272.039
271.925
271.825
271.759
271.716
271.679
271.624
271.526
271.405
271.287
271.174
271.074
270.967
270.856
270.735
270.603
270.495
270.419
270.348
270.277
270.201
270.117
270.029
269.944
269.861
269.775
269.667
269.534
269.423
180
180
180
180
180
180
180
180
180
180
180
180
180
180.042
184.894
220.634
258.937
268.738
269.235
268.851
269.271
269.653
269.988
270.47
271.201
271.831
271.999
272.084
272.176
272.29
272.35
272.333
272.294
272.233
272.172
272.151
272.156
272.164
272.151
272.097
271.972
271.867
271.81
271.774
271.731
271.661
271.551
271.404
271.253
271.127
271.028
270.949
270.858
270.759
270.633
270.51
270.429
270.361
270.301
270.242
270.167
270.089
270.018
269.947
269.871
269.773
269.636
269.539
180
180
180
180
180
180
180
180
180
180
180
180
180
180
180.025
182.602
215.004
257.101
268.186
268.752
269.787
270.118
270.106
270.574
271.412
271.923
272.091
272.22
272.346
272.442
272.43
272.377
272.324
272.262
272.225
272.221
272.227
272.219
272.187
272.141
272.038
271.935
271.888
271.854
271.811
271.736
271.62
271.469
271.299
271.159
271.068
271.006
270.938
270.857
270.746
270.614
270.514
270.444
270.38
270.328
270.274
270.214
270.162
270.109
270.041
269.952
269.811
269.737
180
180
180
180
180
180
180
180
180
180
180
180
180
180
180
180.009
181.733
207.885
250.58
267.527
271.063
270.332
269.781
270.683
271.608
272
272.204
272.399
272.553
272.566
272.514
272.429
272.375
272.328
272.331
272.342
272.339
272.319
272.268
272.194
272.071
271.979
271.922
271.875
271.835
271.783
271.702
271.588
271.442
271.305
271.236
271.194
271.142
271.072
270.974
270.845
270.722
270.64
270.573
270.52
270.468
270.423
270.386
270.345
270.284
270.198
270.057
270.002
180
180
180
180
180
180
180
180
180
180
180
180
180
180
180
180
180.005
180.783
200.756
244.34
268.503
268.801
269.87
270.877
271.582
271.978
272.317
272.645
272.713
272.676
272.589
272.507
272.451
272.45
272.478
272.493
272.474
272.443
272.391
272.299
272.184
272.11
272.047
271.968
271.891
271.84
271.786
271.717
271.632
271.538
271.486
271.456
271.416
271.359
271.274
271.153
271.018
270.92
270.855
270.802
270.754
270.715
270.679
270.633
270.56
270.461
270.32
270.268
180
180
180
180
180
180
180
180
180
180
180
180
180
180
180
180
180
180.001
180.386
194.145
238.282
263.752
270.85
271.577
271.624
272.059
272.573
272.904
272.881
272.805
272.709
272.672
272.634
272.645
272.684
272.672
272.616
272.576
272.53
272.446
272.372
272.323
272.267
272.181
272.073
272
271.949
271.891
271.83
271.77
271.735
271.719
271.695
271.653
271.58
271.466
271.325
271.209
271.134
271.078
271.033
270.998
270.96
270.905
270.808
270.686
270.552
270.491
180
180
180
180
180
180
180
180
180
180
180
180
180
180
180
180
180
180
180
180.169
189.065
227.729
264.622
270.424
271.31
272.38
272.881
272.969
272.972
272.974
272.955
272.961
272.955
272.964
272.965
272.908
272.8
272.734
272.671
272.615
272.586
272.562
272.526
272.46
272.356
272.255
272.189
272.124
272.056
271.994
271.953
271.938
271.918
271.876
271.8
271.689
271.553
271.428
271.346
271.296
271.259
271.222
271.167
271.08
270.95
270.81
270.687
270.616
180
180
180
180
180
180
180
180
180
180
180
180
180
180
180
180
180
180
180
180
180.067
184.821
221.957
260.064
271.425
273.318
272.99
272.988
273.185
273.265
273.272
273.237
273.237
273.257
273.253
273.172
273.032
272.922
272.844
272.816
272.809
272.795
272.768
272.719
272.634
272.526
272.44
272.355
272.268
272.187
272.121
272.076
272.033
271.974
271.894
271.794
271.679
271.569
271.492
271.438
271.389
271.327
271.244
271.127
270.984
270.858
270.755
270.68
180
180
180
180
180
180
180
180
180
180
180
180
180
180
180
180
180
180
180
180
180
180.024
182.681
214.277
260.517
271.932
272.912
273.52
273.789
273.728
273.59
273.432
273.415
273.442
273.434
273.383
273.272
273.16
273.084
273.056
273.042
273.021
272.986
272.935
272.858
272.749
272.641
272.533
272.422
272.315
272.219
272.135
272.062
271.991
271.911
271.818
271.714
271.614
271.536
271.47
271.404
271.322
271.224
271.105
270.978
270.871
270.777
270.705
180
180
180
180
180
180
180
180
180
180
180
180
180
180
180
180
180
180
180
180
180
180
180.009
181.475
209.759
255.895
273.328
274.602
274.442
274.109
273.962
273.818
273.739
273.644
273.576
273.557
273.499
273.426
273.337
273.282
273.247
273.222
273.183
273.122
273.034
272.905
272.756
272.621
272.494
272.372
272.26
272.157
272.065
271.985
271.902
271.806
271.697
271.593
271.51
271.437
271.361
271.27
271.168
271.058
270.946
270.848
270.768
270.698
180
180
180
180
180
180
180
180
180
180
180
180
180
180
180
180
180
180
180
180
180
180
180
180.004
180.891
204.171
255.022
272.162
273.964
274.09
274.32
274.398
274.139
273.885
273.784
273.767
273.737
273.66
273.543
273.439
273.376
273.35
273.333
273.27
273.162
272.999
272.799
272.634
272.503
272.383
272.272
272.171
272.071
271.978
271.889
271.787
271.672
271.558
271.462
271.379
271.295
271.202
271.097
270.989
270.881
270.794
270.727
270.656
180
180
180
180
180
180
180
180
180
180
180
180
180
180
180
180
180
180
180
180
180
180
180
180
180.002
180.521
200.76
248.487
273.252
274.644
274.907
274.725
274.325
274.05
273.936
273.909
273.872
273.779
273.635
273.505
273.429
273.394
273.394
273.342
273.221
273.03
272.8
272.629
272.496
272.391
272.295
272.194
272.092
271.986
271.877
271.762
271.64
271.519
271.41
271.316
271.223
271.126
271.022
270.918
270.81
270.722
270.656
270.58
180
180
180
180
180
180
180
180
180
180
180
180
180
180
180
180
180
180
180
180
180
180
180
180
180
180.001
180.361
195.571
247.293
269.419
273.721
274.115
273.724
273.792
273.835
273.895
273.865
273.758
273.601
273.477
273.413
273.379
273.367
273.313
273.182
272.984
272.77
272.624
272.506
272.418
272.33
272.225
272.112
271.986
271.854
271.725
271.6
271.48
271.362
271.254
271.154
271.064
270.966
270.868
270.763
270.663
270.581
270.493
180
180
180
180
180
180
180
180
180
180
180
180
180
180
180
180
180
180
180
180
180
180
180
180
180
180
180
180.186
193.186
237.349
271.206
274.215
273.806
273.877
273.881
273.902
273.843
273.725
273.565
273.447
273.382
273.336
273.291
273.199
273.043
272.853
272.7
272.591
272.504
272.44
272.359
272.25
272.122
271.962
271.803
271.687
271.579
271.457
271.327
271.202
271.093
271.001
270.912
270.821
270.723
270.62
270.518
270.409
180
180
180
180
180
180
180
180
180
180
180
180
180
180
180
180
180
180
180
180
180
180
180
180
180
180
180
180
180.128
188.101
234.724
266.156
273.639
274.534
274.156
273.976
273.864
273.697
273.564
273.451
273.363
273.271
273.17
273.034
272.856
272.69
272.583
272.517
272.476
272.429
272.337
272.215
272.065
271.89
271.76
271.651
271.546
271.427
271.294
271.158
271.035
270.934
270.845
270.764
270.672
270.571
270.463
270.335
180
180
180
180
180
180
180
180
180
180
180
180
180
180
180
180
180
180
180
180
180
180
180
180
180
180
180
180
180
180.056
185.901
224.707
264.632
274.137
273.721
273.819
273.779
273.545
273.46
273.385
273.298
273.204
273.063
272.879
272.697
272.573
272.5
272.461
272.433
272.364
272.256
272.113
271.937
271.782
271.674
271.577
271.489
271.385
271.257
271.118
270.978
270.868
270.773
270.693
270.61
270.508
270.399
270.258
180
180
180
180
180
180
180
180
180
180
180
180
180
180
180
180
180
180
180
180
180
180
180
180
180
180
180
180
180
180
180.03
183.256
216.575
261.809
271.831
273.596
273.644
273.471
273.333
273.249
273.211
273.131
272.971
272.767
272.614
272.534
272.48
272.446
272.383
272.28
272.145
271.964
271.776
271.648
271.558
271.486
271.426
271.336
271.212
271.069
270.919
270.803
270.706
270.618
270.533
270.429
270.321
270.173
180
180
180
180
180
180
180
180
180
180
180
180
180
180
180
180
180
180
180
180
180
180
180
180
180
180
180
180
180
180
180
180.012
181.638
210.751
254.845
273.262
273.9
273.439
273.204
273.117
273.121
273.043
272.894
272.716
272.586
272.513
272.46
272.411
272.307
272.182
272.026
271.826
271.651
271.549
271.472
271.42
271.371
271.281
271.153
271.002
270.857
270.743
270.645
270.549
270.454
270.345
270.234
270.081
180
180
180
180
180
180
180
180
180
180
180
180
180
180
180
180
180
180
180
180
180
180
180
180
180
180
180
180
180
180
180
180
180.004
180.918
202.071
249.633
271.49
273.026
273.02
273.089
273.144
273.062
272.929
272.711
272.565
272.476
272.406
272.321
272.187
272.046
271.895
271.726
271.595
271.503
271.426
271.372
271.292
271.177
271.041
270.892
270.766
270.663
270.566
270.471
270.371
270.257
270.141
269.987
180
180
180
180
180
180
180
180
180
180
180
180
180
180
180
180
180
180
180
180
180
180
180
180
180
180
180
180
180
180
180
180
180
180.002
180.405
195.11
242.637
267.383
272.743
273.429
273.416
273.236
272.933
272.76
272.616
272.459
272.322
272.178
272.039
271.903
271.772
271.664
271.577
271.484
271.387
271.291
271.173
271.023
270.879
270.768
270.663
270.565
270.468
270.363
270.251
270.133
270.019
269.882
180
180
180
180
180
180
180
180
180
180
180
180
180
180
180
180
180
180
180
180
180
180
180
180
180
180
180
180
180
180
180
180
180
180
180
180.183
190.035
229.924
265.195
273.299
273.345
273.061
272.788
272.604
272.499
272.378
272.204
272.076
271.933
271.796
271.692
271.621
271.55
271.452
271.329
271.18
271.015
270.852
270.728
270.636
270.555
270.462
270.353
270.232
270.098
269.971
269.868
269.751
180
180
180
180
180
180
180
180
180
180
180
180
180
180
180
180
180
180
180
180
180
180
180
180
180
180
180
180
180
180
180
180
180
180
180
180
180.076
184.818
219.778
263.033
271.26
272.14
272.331
272.327
272.258
272.2
272.076
271.985
271.869
271.745
271.655
271.592
271.52
271.414
271.279
271.091
270.869
270.701
270.596
270.522
270.456
270.354
270.233
270.088
269.935
269.808
269.709
269.607
180
180
180
180
180
180
180
180
180
180
180
180
180
180
180
180
180
180
180
180
180
180
180
180
180
180
180
180
180
180
180
180
180
180
180
180
180
180.022
182.218
212.147
253.048
271.043
273.128
272.719
272.342
272.098
272.034
271.899
271.743
271.643
271.565
271.504
271.443
271.333
271.199
271.014
270.773
270.6
270.494
270.422
270.367
270.266
270.137
269.975
269.8
269.664
269.559
269.451
180
180
180
180
180
180
180
180
180
180
180
180
180
180
180
180
180
180
180
180
180
180
180
180
180
180
180
180
180
180
180
180
180
180
180
180
180
180
180.007
180.994
199.843
243.241
268.469
272.144
272.302
272.28
272.135
271.95
271.653
271.46
271.362
271.28
271.228
271.162
271.044
270.886
270.69
270.532
270.418
270.325
270.25
270.149
270.025
269.874
269.705
269.562
269.447
269.315
180
180
180
180
180
180
180
180
180
180
180
180
180
180
180
180
180
180
180
180
180
180
180
180
180
180
180
180
180
180
180
180
180
180
180
180
180
180
180
180.002
180.3
190.625
233.34
262.907
271.667
272.433
272.363
271.895
271.539
271.37
271.228
271.095
270.978
270.882
270.793
270.69
270.562
270.436
270.318
270.207
270.1
269.984
269.871
269.75
269.618
269.486
269.364
269.213
180
180
180
180
180
180
180
180
180
180
180
180
180
180
180
180
180
180
180
180
180
180
180
180
180
180
180
180
180
180
180
180
180
180
180
180
180
180
180
180
180
180.091
185.752
218.031
258.263
270.573
271.491
271.443
271.568
271.503
271.361
271.142
270.882
270.712
270.591
270.513
270.444
270.338
270.211
270.074
269.934
269.805
269.697
269.605
269.511
269.404
269.279
269.127
180
180
180
180
180
180
180
180
180
180
180
180
180
180
180
180
180
180
180
180
180
180
180
180
180
180
180
180
180
180
180
180
180
180
180
180
180
180
180
180
180
180
180.03
181.875
205.66
248.843
267.432
271.982
271.962
271.637
271.347
271.08
270.87
270.707
270.558
270.435
270.345
270.241
270.105
269.955
269.791
269.655
269.561
269.47
269.384
269.296
269.172
269.027
180
180
180
180
180
180
180
180
180
180
180
180
180
180
180
180
180
180
180
180
180
180
180
180
180
180
180
180
180
180
180
180
180
180
180
180
180
180
180
180
180
180
180
180.005
180.577
195.707
233.8
265.747
269.954
270.561
270.617
270.777
270.737
270.64
270.501
270.378
270.27
270.149
270.004
269.847
269.681
269.557
269.466
269.368
269.278
269.192
269.069
268.929
180
180
180
180
180
180
180
180
180
180
180
180
180
180
180
180
180
180
180
180
180
180
180
180
180
180
180
180
180
180
180
180
180
180
180
180
180
180
180
180
180
180
180
180
180.001
180.186
186.198
220.847
256.013
269.664
271.528
271.246
270.681
270.498
270.363
270.25
270.139
270.011
269.873
269.732
269.59
269.485
269.391
269.288
269.191
269.089
268.963
268.827
180
180
180
180
180
180
180
180
180
180
180
180
180
180
180
180
180
180
180
180
180
180
180
180
180
180
180
180
180
180
180
180
180
180
180
180
180
180
180
180
180
180
180
180
180
180
180.036
182.159
204.91
244.932
267.461
269.755
269.964
270.217
270.251
270.146
269.991
269.841
269.726
269.613
269.484
269.386
269.281
269.177
269.087
268.969
268.848
268.711
180
180
180
180
180
180
180
180
180
180
180
180
180
180
180
180
180
180
180
180
180
180
180
180
180
180
180
180
180
180
180
180
180
180
180
180
180
180
180
180
180
180
180
180
180
180
180
180.006
180.534
192.122
231.243
259.723
270.084
270.969
270.688
270.198
269.859
269.746
269.616
269.529
269.402
269.282
269.163
269.056
268.967
268.842
268.722
268.578
180
180
180
180
180
180
180
180
180
180
180
180
180
180
180
180
180
180
180
180
180
180
180
180
180
180
180
180
180
180
180
180
180
180
180
180
180
180
180
180
180
180
180
180
180
180
180
180
180.001
180.118
184.958
212.728
251.634
268.05
269.643
269.621
269.617
269.658
269.623
269.5
269.278
269.125
269.001
268.897
268.81
268.695
268.579
268.436
180
180
180
180
180
180
180
180
180
180
180
180
180
180
180
180
180
180
180
180
180
180
180
180
180
180
180
180
180
180
180
180
180
180
180
180
180
180
180
180
180
180
180
180
180
180
180
180
180
180
180.023
181.183
198.043
238.419
261.574
269.03
270.011
269.951
269.686
269.329
269.134
268.977
268.845
268.748
268.67
268.58
268.464
268.316
180
180
180
180
180
180
180
180
180
180
180
180
180
180
180
180
180
180
180
180
180
180
180
180
180
180
180
180
180
180
180
180
180
180
180
180
180
180
180
180
180
180
180
180
180
180
180
180
180
180
180
180.002
180.26
187.875
217.518
253.454
267.359
269.356
269.27
269.322
269.181
269.017
268.814
268.673
268.564
268.472
268.351
268.19
180
180
180
180
180
180
180
180
180
180
180
180
180
180
180
180
180
180
180
180
180
180
180
180
180
180
180
180
180
180
180
180
180
180
180
180
180
180
180
180
180
180
180
180
180
180
180
180
180
180
180
180
180
180.049
181.789
200.577
240.081
261.216
268.984
269.695
269.535
268.976
268.707
268.533
268.411
268.304
268.181
268.027
180
180
180
180
180
180
180
180
180
180
180
180
180
180
180
180
180
180
180
180
180
180
180
180
180
180
180
180
180
180
180
180
180
180
180
180
180
180
180
180
180
180
180
180
180
180
180
180
180
180
180
180
180
180
180.004
180.343
189.171
218.062
254.73
266.013
268.291
268.309
268.435
268.317
268.231
268.153
268.049
267.902
180
180
180
180
180
180
180
180
180
180
180
180
180
180
180
180
180
180
180
180
180
180
180
180
180
180
180
180
180
180
180
180
180
180
180
180
180
180
180
180
180
180
180
180
180
180
180
180
180
180
180
180
180
180
180
180
180.066
181.903
202.13
237.119
261.83
268.635
268.606
268.287
268.176
268.184
268.051
267.885
180
180
180
180
180
180
180
180
180
180
180
180
180
180
180
180
180
180
180
180
180
180
180
180
180
180
180
180
180
180
180
180
180
180
180
180
180
180
180
180
180
180
180
180
180
180
180
180
180
180
180
180
180
180
180
180
180
180.005
180.398
188.072
217.026
252.003
263.745
268.265
268.555
268.414
268.058
267.761
180
180
180
180
180
180
180
180
180
180
180
180
180
180
180
180
180
180
180
180
180
180
180
180
180
180
180
180
180
180
180
180
180
180
180
180
180
180
180
180
180
180
180
180
180
180
180
180
180
180
180
180
180
180
180
180
180
180
180
180.053
181.663
199.662
231.343
260.482
266.197
267.272
267.366
267.417
180
180
180
180
180
180
180
180
180
180
180
180
180
180
180
180
180
180
180
180
180
180
180
180
180
180
180
180
180
180
180
180
180
180
180
180
180
180
180
180
180
180
180
180
180
180
180
180
180
180
180
180
180
180
180
180
180
180
180
180
180.004
180.307
185.512
212.649
244.792
262.958
268.14
268.201
180
180
180
180
180
180
180
180
180
180
180
180
180
180
180
180
180
180
180
180
180
180
180
180
180
180
180
180
180
180
180
180
180
180
180
180
180
180
180
180
180
180
180
180
180
180
180
180
180
180
180
180
180
180
180
180
180
180
180
180
180
180
180.029
181.102
193.868
225.046
253.98
264.145
180
180
180
180
180
180
180
180
180
180
180
180
180
180
180
180
180
180
180
180
180
180
180
180
180
180
180
180
180
180
180
180
180
180
180
180
180
180
180
180
180
180
180
180
180
180
180
180
180
180
180
180
180
180
180
180
180
180
180
180
180
180
180
180.002
180.15
183.261
203.901
236.098
180
180
180
180
180
180
180
180
180
180
180
180
180
180
180
180
180
180
180
180
180
180
180
180
180
180
180
180
180
180
180
180
180
180
180
180
180
180
180
180
180
180
180
180
180
180
180
180
180
180
180
180
180
180
180
180
180
180
180
180
180
180
180
180
180
180.011
180.589
184.22
180
180
180
180
180
180
180
180
180
180
180
180
180
180
180
180
180
180
180
180
180
180
180
180
180
180
180
180
180
180
180
180
180
180
180
180
180
180
180
180
180
180
180
180
180
180
180
180
180
180
180
180
180
180
180
180
180
180
180
180
180
180
180
180
180
180
180.002
179.743
180
180
180
180
180
180
180
180
180
180
180
180
180
180
180
180
180
180
180
180
180
180
180
180
180
180
180
180
180
180
180
180
180
180
180
180
180
180
180
180
180
180
180
180
180
180
180
180
180
180
180
180
180
180
180
180
180
180
180
180
180
180
180
180
180
180
180
179.98
180
180
180
180
180
180
180
180
180
180
180
180
180
180
180
180
180
180
180
180
180
180
180
180
180
180
180
180
180
180
180
180
180
180
180
180
180
180
180
180
180
180
180
180
180
180
180
180
180
180
180
180
180
180
180
180
180
180
180
180
180
180
180
180
180
180
180
180
180
180
180
180
180
180
180
180
180
180
180
180
180
180
180
180
180
180
180
180
180
180
180
180
180
180
180
180
180
180
180
180
180
180
180
180
180
180
180
180
180
180
180
180
180
180
180
180
180
180
180
180
180
180
180
180
180
180
180
180
180
180
180
180
180
180
180
180
180
180
180
180
180
180
180
180
180
180
180
180
180
180
180
180
180
180
180
180
180
180
180
180
180
180
180
180
180
180
180
180
180
180
180
180
180
180
180
180
180
180
180
180
180
180
180
180
180
180
180
180
180
180
180
180
180
180
180
180
180
180
180
180
180
180
180
180
180
180
180
180
180
180
180
180
180
180
180
180
180
180
180
180
180
180
180
180
180
180
180
180
180
180
180
180
180
180
180
180
180
180
180
180
180
180
180
180
180
180
180
180
180
180
180
180
180
180
180
180
180
180
180
180
180
180
180
180
180
180
180
180
180
180
180
180
180
180
180
180
180
180
180
180
180
180
180
180
180
180
180
180
180
180
180
180
180
180
180
180
180
180
180
180
180
180
180
180
180
180
180
180
180
180
180
180
180
180
180
180
180
180
180
180
180
180
180
180
180
180
180
180
180
180
180
180
180
180
180
180
180
180
180
180
180
180
180
180
180
180
180
180
180
180
180
180
180
180
180
180
180
180
180
180
180
180
180
180
180
180
180
180
180
180
180
180
180
180
180
180
180
180
180
180
180
180
180
180
180
180
180
180
180
180
180
180
180
180
180
180
180
180
180
180
180
180
180
180
180
180
180
180
180
180
180
180
180
180
180
180
180
180
180
180
180
180
180
180
180
180
180
180
180
180
180
180
180
180
180
180
180
180
180
180
180
180
180
180
180
180
180
180
180
180
180
180
180
180
180
180
180
180
180
180
180
180
180
180
180
180
180
180
180
180
180
180
180
180
180
180
180
180
180
180
180
180
180
180
180
180
180
180
180
180
180
180
180
180
180
180
180
180
180
180
180
180
180
180
180
180
180
180
180
180
180
180
180
180
180
180
180
180
180
180
180
180
180
180
180
180
180
180
180
180
180
180
180
180
180
180
180
180
180
180
180
180
180
180
180
180
180
180
180
180
180
180
180
180
180
180
180
180
180
180
180
180
180
180
180
180
180
180
180
180
180
180
180
180
180
180
180
180
180
180
180
180
180
180
180
180
180
180
180
180
180
180
180
180
180
180
180
180
180
180
180
180
180
180
180
180
180
180
180
180
180
180
180
180
180
180
180
180
180
180
180
180
180
180
180
180
180
180
180
180
180
180
180
180
180
180
180
180
180
180
180
180
180
180
180
180
180
180
180
180
180
180
180
180
180
180
180
180
180
180
180
180
180
180
180
180
180
180
180
180
180
180
180
180
180
180
180
180
180
180
180
180
180
180
180
180
180
180
180
180
180
180
180
180
180
180
180
180
180
180
180
180
180
180
180
180
180
180
180
180
180
180
180
180
180
180
180
180
180
180
180
180
180
180
180
180
180
180
180
180
180
180
180
180
180
180
180
180
180
180
180
180
180
180
180
180
180
180
180
180
180
180
180
180
180
180
180
180
180
180
180
180
180
180
180
180
180
180
180
180
180
180
180
180
180
180
180
180
180
180
180
180
180
180
180
180
180
180
180
180
180
180
180
180
180
180
180
180
180
180
180
180
180
180
180
180
180
180
180
180
180
180
180
180
180
180
180
180
180
180
180
180
180
180
180
180
180
180
180
180
180
180
180
180
180
180
180
180
180
180
180
180
180
180
180
180
180
180
180
180
180
180
180
180
180
180
180
180
180
180
180
180
180
180
180
180
180
180
180
180
180
180
180
180
180
180
180
180
180
180
180
180
180
180
180
180
180
180
180
180
180
180
180
180
180
180
180
180
180
180
180
180
180
180
180
180
180
180
180
180
180
180
180
180
180
180
180
180
180
180
180
180
180
180
180
180
180
180
180
180
180
180
180
180
180
180
180
180
180
180
180
180
180
180
180
180
180
180
180
180
180
180
180
180
180
180
180
180
180
180
180
180
180
180
180
180
180
180
180
180
180
180
180
180
180
180
180
180
180
180
180
180
180
180
180
180
180
180
180
180
180
180
180
180
180
180
180
180
180
180
180
180
180
180
180
180
180
180
180
180
180
180
180
180
180
180
180
180
180
180
180
180
180
180
180
180
180
180
180
180
180
180
180
180
180
180
180
180
180
180
180
180
180
180
180
180
180
180
180
180
180
180
180
180
180
180
180
180
180
180
180
180
180
180
180
180
180
180
180
180
180
180
180
180
180
180
180
180
180
180
180
180
180
180
180
180
180
180
180
180
180
180
180
180
180
180
180
180
180
180
180
180
180
180
180
180
180
180
180
180
180
180
180
180
180
180
180
180
180
180
180
180
180
180
180
180
180
180
180
180
180
180
180
180
180
180
180
180
180
180
180
180
180
180
180
180
180
180
180
180
180
180
180
180
180
180
180
180
180
180
180
180
180
180
180
180
180
180
180
180
180
180
180
180
180
180
180
180
180
180
180
180
180
180
180
180
180
180
180
180
180
180
180
180
180
180
180
180
180
180
180
180
180
180
180
180
180
180
180
180
180
180
180
180
180
180
180
180
180
180
180
180
180
180
180
180
180
180
180
180
180
180
180
180
180
180
180
180
180
180
180
180
180
180
180
180
180
180
180
180
180
180
180
180
180
180
180
180
180
180
180
180
180
180
180
180
180
180
180
180
180
180
180
180
180
180
180
180
180
180
180
180
180
180
180
180
180
180
180
180
180
180
180
180
180
180
180
180
180
180
180
180
180
180
180
180
180
180
180
180
180
180
180
180
180
180
180
180
180
180
180
180
180
180
180
180
180
180
180
180
180
180
180
180
180
180
180
180
180
180
180
180
180
180
180
180
180
180
180
180
180
180
180
180
180
180
180
180
180
180
180
180
180
180
180
180
180
180
180
180
180
180
180
180
180
180
180
180
180
180
180
180
180
180
180
180
180
180
180
180
180
180
180
180
180
180
180
180
180
180
180
180
180
180
180
180
180
180
180
180
180
180
180
180
180
180
180
180
180
180
180
180
180
180
180
180
180
180
180
180
180
180
180
180
180
180
180
180
180
180
180
180
180
180
180
180
180
180
180
180
180
180
180
180
180
180
180
180
180
180
180
180
180
180
180
180
180
180
180
180
180
180
180
180
180
180
180
180
180
180
180
180
180
180
180
180
180
180
180
180
180
180
180
180
180
180
180
180
180
180
180
180
180
180
180
180
180
180
180
180
180
180
180
180
180
180
180
180
180
180
180
180
180
180
180
180
180
180
180
180
180
180
180
180
180
180
180
180
180
180
180
180
180
180
180
180
180
180
180
180
180
180
180
180
180
180
180
180
180
180
180
180
180
180
180
180
180
180
180
180
180
180
180
180
180
180
180
180
180
180
180
180
180
180
180
180
180
180
180
180
180
180
180
180
180
180
180
180
180
180
180
180
180
180
180
180
180
180
180
180
180
180
180
180
180
180
180
180
180
180
180
180
180
180
180
180
180
180
180
180
180
180
180
180
180
180
180
180
180
180
180
180
180
180
180
180
180
180
180
180
180
180
180
180
180
180
180
180
180
180
180
180
180
180
180
180
180
180
180
180
180
180
180
180
180
180
180
180
180
180
180
180
180
180
180
180
180
180
180
180
180
180
180
180
180
180
180
180
180
180
180
180
180
180
180
180
180
180
180
180
180
180
180
180
180
180
180
180
180
180
180
180
180
180
180
180
180
180
180
180
180
180
180
180
180
180
180
180
180
180
180
180
180
180
180
180
180
180
180
180
180
180
180
180
180
180
180
180
180
180
180
180
180
180
180
180
180
180
180
180
180
180
180
180
180
180
180
180
180
180
180
180
180
180
180
180
180
180
180
180
180
180
180
180
180
180
180
180
180
180
180
180
180
180
180
180
180
180
180
180
180
180
180
180
180
180
180
180
180
180
180
180
180
180
180
180
180
180
180
180
180
180
180
180
180
180
180
180
180
180
180
180
180
180
180
180
180
180
180
180
180
180
180
180
180
180
180
180
180
180
180
180
180
180
180
180
180
180
180
180
180
180
180
180
180
180
180
180
180
180
180
180
180
180
180
180
180
180
180
180
180
180
180
180
180
180
180
180
180
180
180
180
180
180
180
180
180
180
180
180
180
180
180
180
180
180
180
180
180
180
180
180
180
180
180
180
180
180
180
180
180
180
180
180
180
180
180
180
180
180
180
180
180
180
180
180
180
180
180
180
180
180
180
180
180
180
180
180
180
180
180
180
180
180
180
180
180
180
180
180
180
180
180
180
180
180
180
180
180
180
180
180
180
180
180
180
180
180
180
180
180
180
180
180
180
180
180
180
180
180
180
180
180
180
180
180
180
180
180
180
180
180
180
180
180
180
180
180
180
180
180
180
180
180
180
180
180
180
180
180
180
180
180
180
180
180
180
180
180
180
180
180
180
180
180
180
180
180
180
180
180
180
180
180
180
180
180
180
180
180
180
180
180
180
180
180
180
180
180
180
180
180
180
180
180
180
180
180
180
180
180
180
180
180
180
180
180
180
180
180
180
180
180
180
180
180
180
180
180
180
180
180
180
180
180
180
180
180
180
180
180
180
180
180
180
180
180
180
180
180
180
180
180
180
180
180
180
180
180
180
180
180
180
180
180
180
180
180
180
180
180
180
180
180
180
180
180
180
180
180
180
180
180
180
180
180
180
180
180
180
180
180
180
180
221.949
191.196
194.146
195.628
199.29
201.465
200.93
199.845
199.29
198.897
198.655
198.407
198.097
197.713
197.303
196.861
196.458
196.028
195.659
195.15
243.654
214.501
205.148
197.819
197.862
199.189
199.012
198.864
198.587
198.282
198.081
197.897
197.65
197.327
196.964
196.548
196.173
195.789
195.457
194.978
251.222
224.303
207.621
196.72
196.076
195.549
196.059
196.853
196.829
196.686
196.621
196.553
196.434
196.251
196.005
195.678
195.368
195.041
194.776
194.401
256.283
233.737
214.754
200.037
195.958
193.049
193.584
194.917
195.065
194.997
194.968
194.931
194.877
194.79
194.64
194.417
194.202
193.955
193.766
193.498
259.921
241.158
222.006
205.95
197.635
192.072
193.071
193.914
193.85
193.899
193.833
193.709
193.641
193.566
193.441
193.242
193.052
192.848
192.7
192.491
262.505
246.804
229.005
213.193
202.106
193.215
193.398
192.997
193.128
193.4
193.334
193.122
192.988
192.864
192.712
192.509
192.303
192.075
191.921
191.704
264.325
251.135
235.083
219.89
207.218
196.355
194.269
192.382
192.736
193.207
193.16
192.916
192.759
192.593
192.396
192.165
191.931
191.676
191.497
191.228
265.607
254.417
240.168
225.678
212.77
201.302
196.014
192.757
192.75
193.114
193.049
192.843
192.682
192.483
192.277
192.038
191.782
191.507
191.314
190.997
266.472
256.967
244.261
230.744
218.106
206.242
198.464
192.982
193.124
193.127
192.872
192.805
192.678
192.415
192.204
191.975
191.712
191.432
191.234
190.887
267.07
258.957
247.573
235.157
222.804
211.22
202.034
194.15
194.03
193.173
192.674
192.783
192.66
192.384
192.154
191.918
191.656
191.392
191.193
190.822
267.514
260.509
250.364
238.853
227.058
215.892
205.776
196.774
194.752
192.756
192.575
192.754
192.607
192.299
192.094
191.853
191.596
191.353
191.153
190.763
267.85
261.778
252.669
242.05
230.86
220.002
209.797
200.269
195.842
192.6
192.614
192.725
192.423
192.191
192.021
191.774
191.535
191.304
191.098
190.695
268.119
262.851
254.595
244.846
234.179
223.786
213.682
203.977
197.621
192.819
192.959
192.658
192.185
192.093
191.927
191.673
191.46
191.236
191.02
190.611
268.364
263.765
256.293
247.272
237.186
227.209
217.278
207.742
200.115
193.646
193.468
192.653
192.014
192.004
191.822
191.562
191.372
191.151
190.929
190.516
268.585
264.582
257.783
249.428
239.923
230.307
220.664
211.322
202.982
195.484
194.001
192.296
191.895
191.961
191.754
191.472
191.292
191.066
190.838
190.421
268.778
265.307
259.125
251.369
242.392
233.171
223.831
214.627
206.107
198.006
194.656
192.205
191.915
191.933
191.597
191.406
191.239
190.999
190.765
190.338
268.942
265.948
260.333
253.121
244.665
235.811
226.744
217.825
209.166
200.882
195.85
192.27
192.202
191.917
191.457
191.364
191.209
190.953
190.714
190.275
269.075
266.497
261.437
254.686
246.763
238.242
229.491
220.787
212.156
203.951
197.527
192.659
192.622
191.884
191.362
191.347
191.194
190.924
190.684
190.233
269.171
266.97
262.41
256.135
248.653
240.525
232.024
223.604
215.033
206.911
199.751
193.801
193.071
191.936
191.34
191.369
191.178
190.897
190.662
190.208
269.232
267.36
263.28
257.436
250.385
242.648
234.368
226.226
217.832
209.719
202.278
195.556
193.521
191.781
191.334
191.407
191.158
190.884
190.654
190.197
269.259
267.675
264.027
258.628
251.945
244.594
236.607
228.623
220.478
212.498
204.813
197.699
194.264
191.872
191.512
191.442
191.088
190.881
190.66
190.197
269.262
267.922
264.664
259.679
253.379
246.359
238.69
230.914
222.939
215.129
207.408
200.083
195.335
192.022
191.909
191.501
191.048
190.899
190.679
190.207
269.254
268.114
265.204
260.606
254.664
247.99
240.616
233.067
225.284
217.603
209.929
202.587
196.728
192.381
192.379
191.634
191.026
190.934
190.708
190.227
269.235
268.265
265.658
261.418
255.836
249.46
242.426
235.075
227.493
219.977
212.32
205.08
198.532
193.306
192.735
191.547
191.004
191.003
190.752
190.258
269.221
268.379
266.046
262.129
256.893
250.821
244.079
236.978
229.562
222.212
214.659
207.451
200.598
194.718
193.047
191.528
191.048
191.085
190.779
190.306
269.227
268.499
266.398
262.777
257.85
252.063
245.607
238.752
231.512
224.317
216.9
209.753
202.745
196.508
193.554
191.582
191.265
191.162
190.805
190.386
269.256
268.613
266.739
263.381
258.745
253.217
247.016
240.401
233.366
226.291
219.039
211.986
204.904
198.488
194.276
191.658
191.582
191.257
190.838
190.469
269.325
268.745
267.07
263.959
259.561
254.3
248.337
241.948
235.117
228.178
221.072
214.125
207.045
200.54
195.359
191.842
191.966
191.362
190.913
190.578
269.467
268.917
267.412
264.521
260.36
255.301
249.584
243.401
236.788
229.985
223.004
216.191
209.152
202.546
196.791
192.373
192.294
191.457
191.044
190.714
269.707
269.183
267.796
265.093
261.151
256.309
250.786
244.796
238.385
231.73
224.877
218.138
211.26
204.54
198.445
193.42
192.548
191.412
191.156
190.885
270
269.509
268.224
265.716
261.946
257.292
251.976
246.16
239.92
233.43
226.701
220.031
213.261
206.597
200.232
194.76
192.873
191.456
191.305
191.091
270.282
269.842
268.675
266.337
262.793
258.298
253.142
247.509
241.434
235.074
228.497
221.889
215.208
208.63
202.112
196.427
193.429
191.612
191.52
191.316
270.473
270.108
269.08
266.941
263.591
259.324
254.33
248.838
242.934
236.707
230.246
223.726
217.125
210.621
204.086
198.17
194.237
191.929
191.798
191.549
270.581
270.276
269.4
267.478
264.373
260.293
255.49
250.164
244.401
238.316
231.976
225.54
219.008
212.58
206.097
199.994
195.312
192.426
192.102
191.771
270.615
270.36
269.623
267.92
265.051
261.196
256.594
251.433
245.84
239.884
233.666
227.326
220.893
214.469
208.107
201.921
196.525
193.133
192.407
191.97
270.606
270.388
269.747
268.238
265.612
261.998
257.61
252.636
247.195
241.401
235.308
229.057
222.737
216.359
210.027
203.866
197.98
194.023
192.773
192.171
270.579
270.375
269.819
268.469
266.068
262.69
258.518
253.734
248.466
242.822
236.879
230.74
224.495
218.209
211.918
205.744
199.589
195.067
193.261
192.368
270.519
270.33
269.838
268.636
266.439
263.279
259.316
254.723
249.627
244.152
238.354
232.336
226.194
219.964
213.756
207.543
201.304
196.275
193.825
192.55
270.436
270.265
269.825
268.758
266.743
263.78
260.011
255.606
250.69
245.377
239.735
233.838
227.791
221.648
215.511
209.267
203.01
197.717
194.499
192.711
270.343
270.187
269.793
268.838
266.988
264.203
260.617
256.398
251.661
246.513
241.014
235.242
229.298
223.235
217.16
210.95
204.688
199.199
195.414
192.946
270.252
270.102
269.746
268.882
267.178
264.558
261.146
257.111
252.552
247.562
242.207
236.551
230.708
224.747
218.703
212.531
206.397
200.71
196.414
193.243
270.163
270.015
269.688
268.894
267.315
264.851
261.61
257.753
253.371
248.532
243.319
237.776
232.043
226.157
220.173
214.04
208.04
202.302
197.51
193.593
270.072
269.927
269.625
268.894
267.423
265.1
262.021
258.336
254.119
249.433
244.354
238.936
233.298
227.499
221.55
215.507
209.649
203.845
198.728
194.064
269.973
269.838
269.562
268.894
267.521
265.329
262.396
258.865
254.806
250.263
245.329
240.03
234.501
228.759
222.874
216.941
211.191
205.378
199.996
194.624
269.867
269.744
269.502
268.898
267.62
265.546
262.749
259.356
255.438
251.039
246.242
241.073
235.643
229.965
224.148
218.345
212.705
206.833
201.294
195.32
269.766
269.643
269.43
268.894
267.719
265.764
263.088
259.821
256.03
251.762
247.109
242.063
236.729
231.125
225.403
219.728
214.145
208.247
202.606
196.104
269.66
269.537
269.339
268.869
267.807
265.978
263.423
260.267
256.594
252.45
247.926
243.009
237.769
232.247
226.656
221.086
215.521
209.595
203.915
196.986
269.536
269.427
269.233
268.817
267.872
266.183
263.75
260.706
257.136
253.109
248.706
243.902
238.769
233.36
227.899
222.422
216.836
210.873
205.212
197.95
269.398
269.301
269.115
268.742
267.91
266.366
264.067
261.132
257.667
253.739
249.448
244.76
239.732
234.472
229.146
223.705
218.084
212.114
206.486
198.97
269.251
269.164
268.993
268.66
267.929
266.526
264.363
261.543
258.177
254.35
250.155
245.579
240.688
235.58
230.378
224.938
219.27
213.313
207.75
200.039
269.116
269.02
268.866
268.574
267.93
266.66
264.629
261.925
258.664
254.932
250.837
246.378
241.636
236.695
231.563
226.111
220.41
214.478
208.99
201.145
268.998
268.882
268.741
268.487
267.92
266.763
264.855
262.267
259.118
255.492
251.496
247.174
242.588
237.783
232.7
227.202
221.504
215.632
210.212
202.269
268.895
268.761
268.625
268.398
267.89
266.83
265.039
262.571
259.54
256.028
252.15
247.97
243.543
238.827
233.743
228.244
222.569
216.76
211.417
203.41
268.81
268.668
268.523
268.305
267.84
266.868
265.193
262.846
259.935
256.547
252.801
248.783
244.47
239.8
234.711
229.217
223.616
217.883
212.596
204.552
268.714
268.567
268.402
268.189
267.77
266.887
265.33
263.103
260.311
257.06
253.466
249.591
245.358
240.682
235.595
230.162
224.646
218.989
213.76
205.693
268.6
268.455
268.273
268.061
267.687
266.896
265.456
263.347
260.678
257.576
254.142
250.38
246.167
241.48
236.421
231.077
225.673
220.082
214.9
206.825
268.47
268.327
268.141
267.935
267.605
266.9
265.573
263.585
261.049
258.113
254.816
251.112
246.884
242.201
237.216
231.988
226.686
221.16
216.024
207.947
268.322
268.179
268.004
267.809
267.52
266.894
265.682
263.827
261.449
258.668
255.46
251.747
247.51
242.881
237.996
232.895
227.691
222.217
217.126
209.057
268.189
268.04
267.878
267.69
267.432
266.882
265.792
264.098
261.887
259.224
256.024
252.284
248.071
243.537
238.777
233.798
228.676
223.254
218.209
210.154
268.054
267.907
267.762
267.584
267.339
266.864
265.92
264.411
262.348
259.719
256.484
252.731
248.596
244.194
239.555
234.687
229.636
224.264
219.27
211.237
267.902
267.781
267.65
267.486
267.253
266.865
266.098
264.774
262.772
260.104
256.834
253.134
249.124
244.856
240.323
235.551
230.564
225.25
220.31
212.304
267.753
267.642
267.516
267.366
267.18
266.914
266.328
265.101
263.079
260.356
257.115
253.532
249.671
245.525
241.077
236.387
231.461
226.212
221.329
213.356
267.701
267.545
267.401
267.269
267.213
267.076
266.537
265.266
263.194
260.502
257.373
253.947
250.23
246.184
241.811
237.195
232.328
227.149
222.325
214.39
267.573
267.43
267.323
267.35
267.444
267.293
266.614
265.24
263.184
260.621
257.666
254.398
250.795
246.831
242.533
237.989
233.177
228.068
223.303
215.409
267.182
267.124
267.212
267.47
267.632
267.345
266.554
265.161
263.181
260.768
257.992
254.856
251.334
247.447
243.24
238.767
234.007
228.967
224.262
216.411
267.287
267.244
267.523
267.705
267.54
267.112
266.286
265.035
263.253
261.011
258.365
255.303
251.833
248.031
243.923
239.522
234.82
229.849
225.202
217.397
266.842
268.421
268.39
268.019
267.269
266.512
265.866
264.906
263.4
261.328
258.754
255.729
252.312
248.601
244.588
240.253
235.619
230.717
226.124
218.366
263.266
269.143
268.475
267.612
266.734
266.118
265.689
264.952
263.578
261.599
259.08
256.103
252.758
249.148
245.222
240.95
236.397
231.567
227.022
219.312
239.555
267.905
267.419
266.966
266.619
266.202
265.779
265.04
263.724
261.775
259.324
256.45
253.216
249.698
245.835
241.627
237.169
232.403
227.898
220.238
196.286
251.84
267.534
267.546
267.336
266.679
266.048
265.235
263.901
262.073
259.594
256.773
253.648
250.237
246.437
242.29
237.926
233.22
228.75
221.14
180.999
212.676
259.316
268.747
268.06
267.055
266.231
265.389
264.171
262.348
259.954
257.171
254.103
250.741
246.989
242.933
238.674
234.02
229.582
222.025
180.018
184.882
231.73
266.282
267.459
267.064
266.533
265.793
264.59
262.757
260.332
257.613
254.647
251.269
247.529
243.547
239.385
234.789
230.394
222.893
180
180.202
195.004
249.412
265.608
267.015
266.83
266.109
264.965
263.198
260.85
258.235
255.135
251.758
248.063
244.168
240.065
235.513
231.178
223.746
180
180.004
181.306
213.925
258.776
267.131
266.825
266.223
265.215
263.624
261.457
258.861
255.804
252.32
248.585
244.757
240.731
236.222
231.939
224.577
180
180
180.042
186.378
237.104
264.485
266.489
266.06
265.182
263.931
262.055
259.543
256.403
252.97
249.272
245.42
241.36
236.888
232.683
225.395
180
180
180.001
180.384
202.089
253.619
266.112
265.852
265.174
264.129
262.487
260.12
257.053
253.639
250.001
246.202
242.077
237.579
233.408
226.19
180
180
180
180.011
183.101
228.092
262.717
265.377
264.982
264.135
262.704
260.502
257.62
254.347
250.836
246.958
242.823
238.345
234.181
226.991
180
180
180
180
180.158
195.732
250.105
264.023
264.886
264.195
262.772
260.648
258.017
255.002
251.635
247.785
243.625
239.136
234.983
227.81
180
180
180
180
180.004
181.886
222.873
259.741
264.731
264.16
262.693
260.657
258.295
255.536
252.321
248.563
244.458
240.028
235.848
228.65
180
180
180
180
180
180.096
192.933
246.883
264.245
264.018
262.564
260.673
258.52
255.925
252.827
249.239
245.282
240.943
236.763
229.544
180
180
180
180
180
180.003
181.479
220.672
260.215
263.373
262.357
260.72
258.681
256.172
253.188
249.797
246.034
241.826
237.677
230.467
180
180
180
180
180
180
180.078
192.582
247.565
262.609
262.336
260.94
258.865
256.38
253.493
250.266
246.677
242.611
238.552
231.411
180
180
180
180
180
180
180.003
181.559
222.664
259.469
262.325
261.107
259.033
256.576
253.768
250.64
247.174
243.243
239.328
232.332
180
180
180
180
180
180
180
180.093
194.561
248.817
261.745
261.151
259.274
256.814
254.038
250.954
247.571
243.766
240.024
233.216
180
180
180
180
180
180
180
180.004
182.166
226.865
259.471
261.164
259.545
257.063
254.292
251.226
247.907
244.199
240.614
234.011
180
180
180
180
180
180
180
180
180.157
198.776
251.166
260.935
259.724
257.31
254.517
251.491
248.24
244.606
241.151
234.733
180
180
180
180
180
180
180
180
180.008
183.569
233.453
258.338
259.521
257.65
254.824
251.842
248.639
245.051
241.667
235.379
180
180
180
180
180
180
180
180
180
180.327
206.165
252.989
259.479
257.865
255.205
252.259
249.06
245.496
242.144
235.952
180
180
180
180
180
180
180
180
180
180.02
186.683
239.695
258.097
257.846
255.697
252.729
249.505
245.972
242.64
236.51
180
180
180
180
180
180
180
180
180
180.001
180.811
216.239
254.704
258.019
256.112
253.164
249.934
246.453
243.128
237.039
180
180
180
180
180
180
180
180
180
180
180.062
192.768
244.927
257.345
256.337
253.597
250.368
246.948
243.643
237.601
180
180
180
180
180
180
180
180
180
180
180.004
182.275
226.83
255.51
256.337
254.045
250.813
247.43
244.15
238.163
180
180
180
180
180
180
180
180
180
180
180
180.227
202.469
249.069
256
254.308
251.228
247.858
244.622
238.723
180
180
180
180
180
180
180
180
180
180
180
180.017
186.015
236.217
254.754
254.305
251.699
248.306
245.111
239.304
180
180
180
180
180
180
180
180
180
180
180
180.001
180.857
215.591
251.766
254.259
252.063
248.682
245.533
239.837
180
180
180
180
180
180
180
180
180
180
180
180
180.085
194.107
243.231
253.606
252.232
249.051
245.953
240.374
180
180
180
180
180
180
180
180
180
180
180
180
180.007
183.149
228.41
252.355
252.151
249.521
246.384
240.865
180
180
180
180
180
180
180
180
180
180
180
180
180
180.421
207.176
247.627
251.9
249.876
246.782
241.315
180
180
180
180
180
180
180
180
180
180
180
180
180
180.044
189.406
237.806
251.152
250.139
247.277
241.806
180
180
180
180
180
180
180
180
180
180
180
180
180
180.004
181.877
222.22
249.278
250.125
247.779
242.301
180
180
180
180
180
180
180
180
180
180
180
180
180
180
180.252
201.762
243.529
249.727
248.085
242.818
180
180
180
180
180
180
180
180
180
180
180
180
180
180
180.029
186.996
233.165
248.982
248.212
243.386
)
;

boundaryField
{
    inlet
    {
        type            fixedValue;
        value           nonuniform List<scalar> 0();
    }
    outlet
    {
        type            zeroGradient;
    }
    bottom
    {
        type            symmetryPlane;
    }
    top
    {
        type            zeroGradient;
    }
    obstacle
    {
        type            zeroGradient;
    }
    defaultFaces
    {
        type            empty;
    }
    procBoundary1to0
    {
        type            processor;
        value           nonuniform List<scalar> 
103
(
269.415
269.753
270.404
271.222
271.465
271.436
270.891
270.025
268.957
268.528
268.737
260.722
219.798
182.858
180.012
180
180
180
180
180
180
180
180
180
180
180
180
180
180
180
180
180
180
180
180
180
180
180
180
180
180
180
180
180
180
180
180
180
180
180
180
180
180
180
180
180
180
180
180
180
180
180
180
180
180
180
180
180
180
180
180
180
180
180
180
180
180
180
180
180
180
180
180
180
180
180
180
180
180
180
180
180
180
180
180
180
180
180
180
180
180
180
180
)
;
    }
    procBoundary1to3
    {
        type            processor;
        value           nonuniform List<scalar> 
89
(
180
180
180
180
180
180
180
180
180
180
180
180
180
180
180
180
180
180
180
180
180
180
180
180
180
180
180
180
180
180
180
180
180
180
180
180
180
180
180
180
180
180
180
180
180
180
180
180
180
180
180
180
180
180
180
180
180
180
180
180
180
180
180
180
180
180
180
180
180
180
180
180
180
180
180
180
180
180
180
180
180
180
180
180.003
181.369
217.318
246.71
248.121
243.935
)
;
    }
}


// ************************************************************************* //
