/*--------------------------------*- C++ -*----------------------------------*\
| =========                 |                                                 |
| \\      /  F ield         | OpenFOAM: The Open Source CFD Toolbox           |
|  \\    /   O peration     | Version:  2306                                  |
|   \\  /    A nd           | Website:  www.openfoam.com                      |
|    \\/     M anipulation  |                                                 |
\*---------------------------------------------------------------------------*/
FoamFile
{
    version     2.0;
    format      ascii;
    arch        "LSB;label=32;scalar=64";
    class       volScalarField;
    location    "0.0001";
    object      p;
}
// * * * * * * * * * * * * * * * * * * * * * * * * * * * * * * * * * * * * * //

dimensions      [1 -1 -2 0 0 0 0];

internalField   nonuniform List<scalar> 
9032
(
109625
109454
109390
109420
109495
109586
109632
109633
109574
109514
109520
109543
109556
109545
109512
109462
109441
109455
109480
109501
109515
109536
109557
109578
109595
109601
109584
109556
109547
109561
109591
109639
109656
109639
109608
109562
109527
109522
109533
109557
109583
109602
109627
109649
109662
109663
109655
109636
109614
109603
109599
109602
109605
109608
109603
109593
109587
109590
109587
109582
109572
109556
109532
109510
109503
109512
109524
109556
109614
109489
109444
109472
109514
109543
109549
109528
109525
109552
109570
109573
109566
109554
109537
109519
109513
109512
109511
109510
109529
109563
109599
109633
109658
109669
109661
109635
109601
109589
109591
109600
109611
109599
109576
109546
109517
109504
109510
109534
109563
109597
109630
109649
109655
109651
109637
109617
109598
109588
109586
109591
109594
109595
109592
109588
109587
109591
109591
109587
109578
109564
109546
109528
109521
109527
109538
109568
109564
109533
109530
109554
109603
109600
109574
109512
109488
109506
109527
109555
109569
109563
109551
109546
109544
109549
109542
109529
109525
109537
109579
109644
109693
109711
109715
109696
109654
109622
109607
109595
109594
109591
109576
109558
109538
109522
109521
109531
109550
109578
109609
109626
109628
109620
109605
109587
109573
109565
109562
109565
109568
109569
109572
109576
109582
109589
109597
109598
109594
109586
109573
109556
109539
109536
109541
109567
109668
109648
109601
109562
109583
109600
109615
109616
109615
109608
109598
109612
109627
109624
109613
109600
109588
109582
109560
109540
109540
109560
109599
109645
109678
109692
109693
109681
109656
109624
109600
109586
109578
109574
109562
109542
109523
109509
109513
109526
109547
109572
109593
109607
109607
109598
109583
109566
109552
109542
109534
109533
109539
109545
109551
109558
109569
109583
109597
109608
109612
109610
109603
109587
109566
109552
109551
109576
109675
109637
109514
109510
109578
109607
109629
109656
109654
109625
109611
109635
109653
109648
109640
109622
109602
109585
109564
109553
109555
109573
109600
109628
109645
109654
109657
109655
109646
109621
109592
109572
109559
109554
109556
109556
109551
109550
109556
109564
109572
109577
109584
109594
109599
109592
109579
109563
109549
109534
109523
109522
109532
109539
109547
109558
109573
109589
109603
109615
109624
109626
109622
109614
109595
109574
109565
109583
109603
109444
109383
109443
109499
109540
109573
109599
109624
109645
109668
109688
109690
109681
109648
109617
109594
109583
109593
109607
109610
109606
109610
109613
109614
109616
109617
109620
109620
109608
109583
109561
109548
109543
109544
109554
109569
109578
109583
109585
109584
109582
109581
109587
109596
109593
109582
109567
109552
109536
109525
109524
109534
109542
109550
109562
109576
109590
109602
109610
109617
109623
109626
109624
109622
109608
109585
109584
109593
109541
109495
109509
109476
109460
109452
109462
109518
109579
109614
109609
109599
109591
109567
109557
109552
109554
109573
109603
109632
109645
109642
109626
109605
109590
109585
109585
109586
109588
109582
109564
109541
109528
109528
109541
109570
109589
109592
109588
109573
109564
109564
109571
109585
109587
109580
109566
109548
109533
109522
109521
109532
109541
109548
109558
109569
109579
109589
109596
109605
109616
109623
109627
109629
109626
109612
109581
109440
109565
109737
109801
109693
109566
109487
109470
109513
109589
109612
109578
109523
109483
109458
109468
109483
109503
109532
109569
109611
109652
109674
109676
109662
109627
109586
109561
109554
109553
109558
109555
109544
109525
109517
109519
109539
109565
109573
109571
109554
109538
109536
109544
109565
109579
109578
109567
109544
109528
109514
109511
109524
109539
109546
109554
109558
109558
109561
109566
109573
109586
109606
109621
109627
109630
109630
109599
109342
109711
109952
109964
109814
109600
109461
109475
109568
109666
109681
109636
109547
109459
109430
109447
109473
109503
109532
109555
109579
109611
109648
109660
109653
109623
109570
109534
109528
109532
109541
109545
109540
109526
109522
109528
109546
109568
109574
109570
109551
109532
109530
109540
109563
109580
109585
109580
109557
109535
109520
109510
109517
109531
109540
109548
109552
109547
109544
109545
109546
109555
109577
109601
109616
109623
109632
109619
109347
109970
110053
109813
109634
109429
109359
109441
109624
109767
109767
109706
109576
109485
109477
109515
109564
109586
109589
109572
109562
109579
109628
109658
109653
109627
109572
109531
109527
109534
109551
109565
109570
109557
109543
109540
109548
109563
109568
109565
109550
109535
109537
109552
109576
109591
109599
109593
109570
109541
109522
109508
109507
109518
109528
109537
109542
109536
109530
109531
109530
109533
109547
109569
109591
109607
109622
109633
109545
109883
109818
109670
109492
109260
109224
109408
109642
109741
109728
109669
109566
109530
109564
109629
109669
109677
109637
109587
109580
109594
109651
109687
109672
109635
109574
109538
109542
109562
109586
109599
109600
109582
109561
109552
109554
109568
109579
109578
109570
109556
109553
109562
109581
109599
109608
109606
109590
109562
109538
109525
109520
109523
109528
109531
109531
109528
109523
109522
109521
109521
109526
109539
109559
109585
109611
109649
109041
109961
109600
109589
109353
109184
109284
109486
109650
109677
109653
109594
109528
109533
109608
109696
109724
109719
109653
109595
109581
109585
109635
109658
109639
109603
109548
109521
109531
109557
109592
109607
109608
109594
109576
109566
109564
109573
109583
109576
109568
109558
109557
109569
109591
109615
109628
109629
109616
109592
109562
109540
109528
109521
109520
109521
109524
109525
109528
109528
109525
109522
109523
109528
109540
109564
109589
109647
98451.9
109239
109944
109827
109199
109163
109451
109709
109672
109613
109560
109486
109461
109500
109618
109707
109731
109720
109644
109582
109562
109557
109583
109585
109567
109543
109513
109508
109530
109563
109602
109621
109621
109609
109594
109583
109575
109578
109580
109572
109566
109565
109572
109588
109610
109631
109641
109637
109621
109596
109565
109540
109525
109518
109518
109524
109532
109539
109543
109541
109533
109526
109521
109517
109519
109528
109546
109621
57135.6
98913.9
109809
109482
108755
109131
109852
109884
109729
109606
109489
109431
109422
109496
109641
109692
109700
109677
109600
109542
109516
109506
109520
109519
109510
109504
109493
109510
109540
109578
109619
109643
109647
109639
109623
109605
109587
109567
109552
109547
109552
109559
109572
109591
109613
109631
109636
109628
109610
109583
109554
109534
109524
109524
109532
109540
109546
109550
109550
109544
109536
109527
109517
109509
109507
109508
109518
109603
33440.3
57258.6
99913.3
108507
108416
109582
110105
109898
109694
109559
109446
109434
109476
109622
109732
109735
109706
109641
109554
109507
109478
109467
109478
109480
109484
109491
109499
109523
109557
109593
109633
109671
109682
109677
109656
109620
109572
109530
109505
109497
109508
109529
109557
109584
109608
109619
109618
109607
109589
109564
109543
109535
109534
109540
109549
109554
109557
109558
109556
109553
109548
109539
109527
109511
109498
109501
109515
109599
32005.5
33477.2
57106.9
97163.5
106909
109970
110165
109692
109608
109504
109429
109469
109659
109845
109878
109832
109740
109617
109528
109491
109469
109466
109474
109483
109495
109512
109531
109555
109587
109621
109655
109690
109702
109692
109665
109621
109566
109512
109479
109472
109484
109506
109532
109555
109574
109585
109588
109581
109570
109555
109546
109546
109552
109558
109563
109567
109568
109568
109567
109565
109562
109555
109546
109536
109524
109521
109531
109610
32000
32005.9
33344.5
55416.4
95672
109684
109937
109565
109631
109470
109356
109449
109766
109934
109914
109844
109734
109606
109538
109503
109490
109492
109502
109522
109544
109573
109601
109620
109637
109658
109684
109706
109710
109696
109665
109616
109557
109504
109476
109471
109482
109501
109518
109533
109541
109548
109556
109561
109560
109557
109554
109554
109557
109562
109568
109575
109576
109573
109570
109570
109572
109573
109572
109571
109567
109561
109560
109633
32000
32000
32005
33148.5
54162.5
94011
108823
109842
110006
109402
109139
109394
109664
109732
109718
109716
109649
109562
109526
109511
109512
109520
109539
109577
109619
109650
109672
109683
109685
109692
109708
109717
109709
109686
109652
109605
109552
109510
109492
109490
109499
109513
109523
109526
109528
109533
109544
109560
109571
109577
109577
109571
109568
109565
109565
109567
109566
109566
109569
109576
109585
109595
109602
109607
109609
109607
109593
109660
32000
32000
32000
32003.9
33001.2
51586.5
93139.6
109995
110327
108710
108820
109421
109624
109500
109453
109491
109500
109494
109489
109497
109510
109526
109555
109602
109654
109682
109697
109703
109698
109696
109707
109705
109686
109658
109627
109591
109557
109529
109521
109526
109536
109541
109538
109530
109529
109535
109547
109568
109586
109595
109597
109588
109576
109566
109558
109555
109560
109570
109581
109591
109602
109615
109629
109636
109637
109640
109634
109698
32000
32000
32000
32000
32003.2
32754.4
49519.2
94046.6
108233
107723
109370
110179
109947
109627
109464
109405
109402
109436
109483
109509
109499
109488
109502
109553
109628
109667
109682
109690
109678
109662
109661
109654
109639
109621
109597
109580
109574
109568
109569
109572
109575
109571
109562
109552
109541
109542
109553
109575
109604
109616
109616
109603
109582
109567
109561
109560
109565
109576
109589
109599
109610
109624
109637
109646
109653
109661
109666
109751
32000
32000
32000
32000
32000
32002
32586.4
49336.5
89742.3
105607
111146
110971
110390
109968
109644
109429
109371
109438
109522
109530
109501
109445
109439
109468
109540
109614
109642
109652
109634
109595
109580
109573
109571
109584
109596
109606
109611
109610
109601
109589
109581
109573
109562
109559
109557
109560
109574
109597
109632
109654
109655
109645
109623
109594
109575
109570
109572
109583
109598
109607
109613
109621
109631
109643
109655
109670
109687
109802
32000
32000
32000
32000
32000
32000
32001.5
32526.9
46297.2
83620.7
109581
110724
110077
109917
109560
109418
109397
109547
109656
109628
109550
109435
109407
109433
109492
109572
109613
109625
109605
109554
109523
109507
109508
109537
109589
109637
109648
109648
109632
109600
109574
109558
109547
109545
109553
109569
109591
109616
109645
109671
109677
109670
109654
109626
109593
109579
109578
109585
109597
109602
109602
109602
109605
109617
109641
109674
109701
109844
32000
32000
32000
32000
32000
32000
32000
32001.1
32326.2
43039
84616.3
105056
108691
109422
109396
109341
109499
109668
109784
109741
109672
109548
109446
109450
109494
109569
109607
109610
109580
109522
109480
109468
109474
109503
109570
109649
109670
109668
109640
109579
109524
109505
109504
109519
109541
109563
109587
109613
109641
109669
109682
109679
109669
109648
109613
109584
109577
109580
109589
109595
109593
109589
109590
109595
109612
109652
109706
109870
32000
32000
32000
32000
32000
32000
32000
32000
32000.6
32198.4
42003.3
78372.8
106558
111190
109787
109167
109357
109575
109708
109724
109705
109624
109572
109583
109611
109639
109637
109616
109574
109521
109476
109452
109462
109499
109571
109654
109684
109672
109629
109551
109476
109452
109453
109472
109506
109540
109569
109595
109623
109654
109676
109677
109671
109654
109619
109583
109571
109574
109581
109588
109586
109580
109577
109582
109596
109631
109699
109895
32000
32000
32000
32000
32000
32000
32000
32000
32000
32000.3
32156.3
39534.3
74644
104503
107982
108669
109082
109522
109627
109669
109616
109605
109664
109719
109729
109704
109656
109589
109526
109487
109473
109465
109493
109543
109608
109675
109701
109668
109612
109533
109454
109425
109428
109448
109485
109525
109556
109580
109604
109631
109656
109660
109654
109637
109605
109569
109560
109566
109579
109592
109594
109585
109574
109575
109591
109628
109703
109931
32000
32000
32000
32000
32000
32000
32000
32000
32000
32000
32000.2
32087.1
37439.1
69851.7
102780
109625
109997
109707
109509
109353
109357
109481
109676
109790
109806
109724
109586
109476
109438
109436
109450
109489
109553
109614
109664
109695
109690
109651
109593
109522
109453
109427
109426
109442
109469
109500
109527
109548
109568
109588
109604
109610
109607
109596
109575
109550
109546
109555
109573
109597
109607
109604
109594
109585
109598
109636
109726
109990
32000
32000
32000
32000
32000
32000
32000
32000
32000
32000
32000
32000.1
32050.3
36011.9
64327.5
98469
109435
109763
109636
109272
109210
109430
109723
109841
109783
109646
109499
109417
109406
109428
109476
109543
109619
109683
109711
109713
109684
109637
109582
109522
109471
109449
109444
109455
109474
109501
109527
109545
109564
109581
109585
109582
109573
109558
109535
109518
109524
109540
109565
109593
109613
109617
109617
109613
109624
109669
109773
110078
32000
32000
32000
32000
32000
32000
32000
32000
32000
32000
32000
32000
32000
32029.2
34459.2
57209
97910.5
109385
109818
109803
109449
109552
109721
109816
109729
109588
109464
109440
109469
109511
109572
109633
109677
109713
109722
109709
109672
109633
109595
109555
109519
109493
109477
109480
109497
109530
109570
109597
109611
109613
109604
109590
109571
109547
109518
109500
109505
109518
109543
109581
109610
109622
109628
109637
109660
109719
109847
110199
32000
32000
32000
32000
32000
32000
32000
32000
32000
32000
32000
32000
32000
32000
32011.9
33407.3
53752.2
91539.3
109270
110128
109717
109516
109748
109805
109665
109516
109439
109478
109550
109625
109676
109692
109691
109701
109682
109653
109632
109617
109606
109588
109562
109529
109503
109495
109512
109551
109604
109654
109678
109679
109658
109623
109587
109552
109518
109501
109502
109509
109525
109557
109596
109622
109636
109653
109690
109772
109937
110345
32000
32000
32000
32000
32000
32000
32000
32000
32000
32000
32000
32000
32000
32000
32000
32005.2
32867.6
48743.2
88076.4
105624
108683
109258
109604
109611
109497
109365
109367
109457
109599
109684
109699
109682
109652
109640
109603
109582
109578
109594
109608
109605
109581
109544
109509
109489
109505
109546
109609
109671
109708
109715
109697
109664
109617
109567
109531
109514
109509
109510
109519
109542
109577
109608
109631
109661
109717
109827
110033
110504
32000
32000
32000
32000
32000
32000
32000
32000
32000
32000
32000
32000
32000
32000
32000
32000
32002.4
32493.9
43396.7
80248.6
106063
110594
110010
109270
109297
109306
109347
109432
109567
109635
109652
109640
109613
109588
109556
109542
109549
109573
109592
109599
109572
109531
109483
109449
109460
109500
109562
109644
109700
109712
109700
109675
109641
109602
109562
109537
109525
109518
109520
109538
109570
109598
109624
109663
109735
109876
110132
110664
32000
32000
32000
32000
32000
32000
32000
32000
32000
32000
32000
32000
32000
32000
32000
32000
32000
32001
32188.7
40176.1
73396.5
105540
108278
109060
109402
109545
109533
109552
109573
109582
109573
109578
109585
109592
109576
109543
109549
109568
109577
109583
109551
109508
109464
109430
109435
109466
109509
109567
109627
109656
109661
109654
109637
109611
109580
109554
109539
109532
109534
109547
109573
109599
109625
109668
109755
109930
110237
110815
32000
32000
32000
32000
32000
32000
32000
32000
32000
32000
32000
32000
32000
32000
32000
32000
32000
32000
32000.2
32108.6
37031.7
66984.2
98586.3
110247
110364
110025
109816
109778
109767
109647
109566
109571
109608
109646
109656
109646
109624
109605
109588
109570
109537
109500
109463
109435
109435
109454
109484
109522
109556
109583
109601
109611
109611
109603
109583
109555
109536
109530
109538
109561
109589
109613
109637
109683
109790
110001
110360
110957
32000
32000
32000
32000
32000
32000
32000
32000
32000
32000
32000
32000
32000
32000
32000
32000
32000
32000
32000
32000.1
32042.9
34908.6
57620.7
96428.2
107395
109144
109718
109921
109859
109708
109550
109535
109602
109673
109702
109717
109701
109671
109633
109596
109570
109542
109506
109490
109491
109493
109502
109517
109537
109558
109580
109598
109600
109592
109568
109538
109520
109518
109533
109566
109601
109629
109660
109710
109837
110092
110501
111095
32000
32000
32000
32000
32000
32000
32000
32000
32000
32000
32000
32000
32000
32000
32000
32000
32000
32000
32000
32000
32000
32015.6
33409.2
50931.9
88641.4
108088
110505
110346
109565
109551
109480
109470
109519
109589
109665
109700
109689
109679
109652
109630
109618
109580
109537
109522
109520
109536
109550
109561
109564
109570
109586
109605
109608
109598
109568
109524
109499
109495
109515
109562
109605
109637
109674
109738
109896
110200
110653
111214
32000
32000
32000
32000
32000
32000
32000
32000
32000
32000
32000
32000
32000
32000
32000
32000
32000
32000
32000
32000
32000
32000
32005.1
32590.4
45461.5
82287.6
104393
108553
109033
109432
109412
109448
109474
109511
109550
109578
109575
109592
109628
109639
109637
109591
109539
109522
109520
109543
109566
109582
109601
109617
109637
109654
109652
109633
109586
109526
109496
109491
109509
109558
109608
109644
109688
109771
109968
110326
110810
111305
32000
32000
32000
32000
32000
32000
32000
32000
32000
32000
32000
32000
32000
32000
32000
32000
32000
32000
32000
32000
32000
32000
32000
32001.4
32294.7
39967.3
71955
101759
110439
110372
109797
109610
109533
109573
109595
109557
109511
109492
109550
109606
109613
109580
109515
109482
109475
109503
109543
109577
109603
109631
109664
109687
109687
109667
109613
109546
109512
109502
109519
109570
109620
109657
109707
109814
110053
110466
110958
111365
32000
32000
32000
32000
32000
32000
32000
32000
32000
32000
32000
32000
32000
32000
32000
32000
32000
32000
32000
32000
32000
32000
32000
32000
32000.4
32092.1
36527.8
61668.1
99734.3
107534
109058
109586
109844
109813
109684
109550
109483
109473
109538
109602
109610
109578
109514
109467
109448
109454
109473
109508
109557
109613
109666
109690
109693
109675
109622
109561
109536
109530
109554
109606
109646
109685
109744
109878
110163
110621
111087
111403
32000
32000
32000
32000
32000
32000
32000
32000
32000
32000
32000
32000
32000
32000
32000
32000
32000
32000
32000
32000
32000
32000
32000
32000
32000
32000.1
32035.4
33979.5
54434
89401.4
108748
110774
110770
110029
109582
109511
109573
109655
109690
109676
109638
109590
109540
109496
109461
109445
109449
109465
109505
109576
109643
109670
109675
109655
109602
109558
109544
109545
109580
109634
109670
109714
109791
109966
110303
110784
111202
111433
32000
32000
32000
32000
32000
32000
32000
32000
32000
32000
32000
32000
32000
32000
32000
32000
32000
32000
32000
32000
32000
32000
32000
32000
32000
32000
32000
32008.6
32877.7
45968.7
82625.3
103817
109232
109209
109132
109378
109718
109817
109808
109727
109657
109614
109601
109587
109545
109486
109462
109468
109500
109570
109635
109657
109659
109624
109566
109539
109534
109550
109597
109651
109689
109741
109844
110068
110458
110939
111298
111456
32000
32000
32000
32000
32000
32000
32000
32000
32000
32000
32000
32000
32000
32000
32000
32000
32000
32000
32000
32000
32000
32000
32000
32000
32000
32000
32000
32000
32002.3
32307.4
40042.5
71277.8
102349
110211
109846
109843
109914
109731
109641
109549
109531
109578
109635
109637
109594
109514
109476
109481
109513
109582
109638
109656
109652
109611
109555
109538
109537
109556
109604
109656
109694
109756
109892
110173
110607
111066
111360
111469
32000
32000
32000
32000
32000
32000
32000
32000
32000
32000
32000
32000
32000
32000
32000
32000
32000
32000
32000
32000
32000
32000
32000
32000
32000
32000
32000
32000
32000
32000.5
32093.4
36316.7
60371
97074
106931
109109
109437
109097
109251
109333
109402
109532
109621
109602
109544
109464
109438
109457
109508
109581
109630
109644
109642
109608
109556
109543
109545
109566
109613
109662
109703
109782
109956
110282
110738
111151
111382
111465
32000
32000
32000
32000
32000
32000
32000
32000
32000
32000
32000
32000
32000
32000
32000
32000
32000
32000
32000
32000
32000
32000
32000
32000
32000
32000
32000
32000
32000
32000
32000.1
32031.7
33613
51526.7
86165.1
108609
109792
109560
109490
109452
109481
109563
109580
109538
109485
109423
109398
109412
109441
109503
109572
109598
109611
109595
109557
109546
109551
109573
109620
109672
109724
109830
110043
110409
110864
111222
111389
111460
32000
32000
32000
32000
32000
32000
32000
32000
32000
32000
32000
32000
32000
32000
32000
32000
32000
32000
32000
32000
32000
32000
32000
32000
32000
32000
32000
32000
32000
32000
32000
32000
32006.1
32636.1
42860
77484
101632
110264
110442
110004
109767
109664
109641
109596
109563
109534
109492
109443
109422
109437
109494
109547
109573
109578
109550
109533
109536
109555
109607
109680
109755
109888
110145
110545
110979
111281
111406
111471
32000
32000
32000
32000
32000
32000
32000
32000
32000
32000
32000
32000
32000
32000
32000
32000
32000
32000
32000
32000
32000
32000
32000
32000
32000
32000
32000
32000
32000
32000
32000
32000
32000
32001.4
32181.5
37627.7
63065.2
98846.1
108875
109209
109810
109995
109768
109711
109692
109697
109678
109588
109488
109464
109481
109544
109576
109584
109562
109527
109524
109539
109587
109676
109783
109951
110253
110676
111074
111325
111426
111492
32000
32000
32000
32000
32000
32000
32000
32000
32000
32000
32000
32000
32000
32000
32000
32000
32000
32000
32000
32000
32000
32000
32000
32000
32000
32000
32000
32000
32000
32000
32000
32000
32000
32000
32000.2
32047
34222.7
52911.3
88608.6
106233
110817
110518
109589
109552
109602
109643
109659
109605
109540
109529
109556
109596
109622
109625
109609
109567
109538
109547
109591
109684
109814
110016
110355
110782
111131
111345
111443
111517
32000
32000
32000
32000
32000
32000
32000
32000
32000
32000
32000
32000
32000
32000
32000
32000
32000
32000
32000
32000
32000
32000
32000
32000
32000
32000
32000
32000
32000
32000
32000
32000
32000
32000
32000
32000
32010.3
32720.6
44450.5
76693.4
105289
107841
108676
109135
109519
109507
109441
109427
109469
109531
109573
109593
109616
109624
109621
109603
109576
109581
109622
109712
109865
110105
110469
110876
111176
111357
111450
111531
32000
32000
32000
32000
32000
32000
32000
32000
32000
32000
32000
32000
32000
32000
32000
32000
32000
32000
32000
32000
32000
32000
32000
32000
32000
32000
32000
32000
32000
32000
32000
32000
32000
32000
32000
32000
32000
32001.8
32235
37725.2
64756.6
95449.9
109862
110801
110565
109736
109286
109240
109328
109456
109522
109546
109559
109569
109585
109596
109584
109596
109642
109749
109936
110220
110607
110983
111235
111383
111462
111538
32000
32000
32000
32000
32000
32000
32000
32000
32000
32000
32000
32000
32000
32000
32000
32000
32000
32000
32000
32000
32000
32000
32000
32000
32000
32000
32000
32000
32000
32000
32000
32000
32000
32000
32000
32000
32000
32000
32000.3
32052.1
34300.1
51520
88403.3
105150
109202
109225
109151
109315
109539
109575
109572
109551
109550
109563
109572
109567
109566
109590
109648
109773
109998
110327
110734
111080
111293
111415
111478
111551
32000
32000
32000
32000
32000
32000
32000
32000
32000
32000
32000
32000
32000
32000
32000
32000
32000
32000
32000
32000
32000
32000
32000
32000
32000
32000
32000
32000
32000
32000
32000
32000
32000
32000
32000
32000
32000
32000
32000
32000
32010.9
32653.1
42756.8
74215.5
102018
110194
110249
110117
110155
109833
109645
109579
109603
109626
109612
109571
109568
109593
109661
109805
110058
110422
110834
111147
111339
111439
111493
111566
32000
32000
32000
32000
32000
32000
32000
32000
32000
32000
32000
32000
32000
32000
32000
32000
32000
32000
32000
32000
32000
32000
32000
32000
32000
32000
32000
32000
32000
32000
32000
32000
32000
32000
32000
32000
32000
32000
32000
32000
32000
32001.4
32162.1
37061.3
60170.8
95527.1
106145
108965
109688
109238
109257
109450
109622
109695
109679
109604
109588
109622
109712
109880
110154
110534
110926
111202
111372
111448
111503
111576
32000
32000
32000
32000
32000
32000
32000
32000
32000
32000
32000
32000
32000
32000
32000
32000
32000
32000
32000
32000
32000
32000
32000
32000
32000
32000
32000
32000
32000
32000
32000
32000
32000
32000
32000
32000
32000
32000
32000
32000
32000
32000
32000.2
32041.1
33546
49099.3
81081
106768
109327
108881
109262
109532
109678
109697
109620
109531
109547
109616
109747
109961
110263
110658
111021
111257
111390
111451
111514
111583
32000
32000
32000
32000
32000
32000
32000
32000
32000
32000
32000
32000
32000
32000
32000
32000
32000
32000
32000
32000
32000
32000
32000
32000
32000
32000
32000
32000
32000
32000
32000
32000
32000
32000
32000
32000
32000
32000
32000
32000
32000
32000
32000
32000
32005.7
32443.2
39760.5
68443.2
97195.7
108908
110535
110412
109804
109680
109574
109483
109528
109614
109786
110038
110368
110760
111073
111279
111382
111448
111523
111592
32000
32000
32000
32000
32000
32000
32000
32000
32000
32000
32000
32000
32000
32000
32000
32000
32000
32000
32000
32000
32000
32000
32000
32000
32000
32000
32000
32000
32000
32000
32000
32000
32000
32000
32000
32000
32000
32000
32000
32000
32000
32000
32000
32000
32000
32000.8
32091.3
34873.5
53338.8
87947.5
106726
108457
108882
109404
109638
109659
109650
109690
109856
110123
110471
110842
111097
111262
111351
111429
111532
111610
32000
32000
32000
32000
32000
32000
32000
32000
32000
32000
32000
32000
32000
32000
32000
32000
32000
32000
32000
32000
32000
32000
32000
32000
32000
32000
32000
32000
32000
32000
32000
32000
32000
32000
32000
32000
32000
32000
32000
32000
32000
32000
32000
32000
32000
32000
32000.1
32014.9
32803.7
42508.8
73808.4
99156.3
109915
110584
110477
109919
109675
109686
109887
110190
110576
110941
111157
111278
111354
111426
111534
111626
32000
32000
32000
32000
32000
32000
32000
32000
32000
32000
32000
32000
32000
32000
32000
32000
32000
32000
32000
32000
32000
32000
32000
32000
32000
32000
32000
32000
32000
32000
32000
32000
32000
32000
32000
32000
32000
32000
32000
32000
32000
32000
32000
32000
32000
32000
32000
32000
32001.9
32155.6
36546.7
56768.3
93483.3
105842
108989
109080
109104
109372
109795
110249
110697
111054
111253
111326
111385
111442
111538
111623
32000
32000
32000
32000
32000
32000
32000
32000
32000
32000
32000
32000
32000
32000
32000
32000
32000
32000
32000
32000
32000
32000
32000
32000
32000
32000
32000
32000
32000
32000
32000
32000
32000
32000
32000
32000
32000
32000
32000
32000
32000
32000
32000
32000
32000
32000
32000
32000
32000
32000.2
32034.5
33157.8
46018.3
76494.4
103070
110344
110064
110093
110397
110499
110857
111158
111297
111339
111388
111451
111552
111627
32000
32000
32000
32000
32000
32000
32000
32000
32000
32000
32000
32000
32000
32000
32000
32000
32000
32000
32000
32000
32000
32000
32000
32000
32000
32000
32000
32000
32000
32000
32000
32000
32000
32000
32000
32000
32000
32000
32000
32000
32000
32000
32000
32000
32000
32000
32000
32000
32000
32000
32000
32003.6
32274.4
37694.7
60931.3
93771.7
105906
110328
110708
110428
110896
111168
111273
111299
111372
111487
111624
111705
32000
32000
32000
32000
32000
32000
32000
32000
32000
32000
32000
32000
32000
32000
32000
32000
32000
32000
32000
32000
32000
32000
32000
32000
32000
32000
32000
32000
32000
32000
32000
32000
32000
32000
32000
32000
32000
32000
32000
32000
32000
32000
32000
32000
32000
32000
32000
32000
32000
32000
32000
32000
32000.4
32049.8
33566.6
47497.4
77692
105542
108686
109480
110575
111204
111331
111366
111434
111582
111726
111806
32000
32000
32000
32000
32000
32000
32000
32000
32000
32000
32000
32000
32000
32000
32000
32000
32000
32000
32000
32000
32000
32000
32000
32000
32000
32000
32000
32000
32000
32000
32000
32000
32000
32000
32000
32000
32000
32000
32000
32000
32000
32000
32000
32000
32000
32000
32000
32000
32000
32000
32000
32000
32000
32000
32005.5
32359.3
37912.3
62753.3
92480.2
109405
112588
112489
111826
111479
111509
111617
111698
111760
32000
32000
32000
32000
32000
32000
32000
32000
32000
32000
32000
32000
32000
32000
32000
32000
32000
32000
32000
32000
32000
32000
32000
32000
32000
32000
32000
32000
32000
32000
32000
32000
32000
32000
32000
32000
32000
32000
32000
32000
32000
32000
32000
32000
32000
32000
32000
32000
32000
32000
32000
32000
32000
32000
32000
32000.5
32053.7
33802.9
47224.9
82001.2
104015
109799
110734
111093
111217
111399
111595
111764
32000
32000
32000
32000
32000
32000
32000
32000
32000
32000
32000
32000
32000
32000
32000
32000
32000
32000
32000
32000
32000
32000
32000
32000
32000
32000
32000
32000
32000
32000
32000
32000
32000
32000
32000
32000
32000
32000
32000
32000
32000
32000
32000
32000
32000
32000
32000
32000
32000
32000
32000
32000
32000
32000
32000
32000
32000
32007.1
32351.9
38936.8
63741
96968.7
111173
111900
111765
111808
111914
112051
32000
32000
32000
32000
32000
32000
32000
32000
32000
32000
32000
32000
32000
32000
32000
32000
32000
32000
32000
32000
32000
32000
32000
32000
32000
32000
32000
32000
32000
32000
32000
32000
32000
32000
32000
32000
32000
32000
32000
32000
32000
32000
32000
32000
32000
32000
32000
32000
32000
32000
32000
32000
32000
32000
32000
32000
32000
32000
32000.5
32069.5
34133
49503.8
85074
104658
111999
112445
112426
112236
32000
32000
32000
32000
32000
32000
32000
32000
32000
32000
32000
32000
32000
32000
32000
32000
32000
32000
32000
32000
32000
32000
32000
32000
32000
32000
32000
32000
32000
32000
32000
32000
32000
32000
32000
32000
32000
32000
32000
32000
32000
32000
32000
32000
32000
32000
32000
32000
32000
32000
32000
32000
32000
32000
32000
32000
32000
32000
32000
32000.1
32009.2
32448.1
40236.4
65634.4
100816
109260
110994
111271
32000
32000
32000
32000
32000
32000
32000
32000
32000
32000
32000
32000
32000
32000
32000
32000
32000
32000
32000
32000
32000
32000
32000
32000
32000
32000
32000
32000
32000
32000
32000
32000
32000
32000
32000
32000
32000
32000
32000
32000
32000
32000
32000
32000
32000
32000
32000
32000
32000
32000
32000
32000
32000
32000
32000
32000
32000
32000
32000
32000
32000
32000.8
32094.4
34336.4
51673.4
84059.5
108460
112704
32000
32000
32000
32000
32000
32000
32000
32000
32000
32000
32000
32000
32000
32000
32000
32000
32000
32000
32000
32000
32000
32000
32000
32000
32000
32000
32000
32000
32000
32000
32000
32000
32000
32000
32000
32000
32000
32000
32000
32000
32000
32000
32000
32000
32000
32000
32000
32000
32000
32000
32000
32000
32000
32000
32000
32000
32000
32000
32000
32000
32000
32000
32000.1
32010.7
32570.5
40252.3
68380.8
98647.2
32000
32000
32000
32000
32000
32000
32000
32000
32000
32000
32000
32000
32000
32000
32000
32000
32000
32000
32000
32000
32000
32000
32000
32000
32000
32000
32000
32000
32000
32000
32000
32000
32000
32000
32000
32000
32000
32000
32000
32000
32000
32000
32000
32000
32000
32000
32000
32000
32000
32000
32000
32000
32000
32000
32000
32000
32000
32000
32000
32000
32000
32000
32000
32000
32001.2
32091.5
34825.4
49502.1
32000
32000
32000
32000
32000
32000
32000
32000
32000
32000
32000
32000
32000
32000
32000
32000
32000
32000
32000
32000
32000
32000
32000
32000
32000
32000
32000
32000
32000
32000
32000
32000
32000
32000
32000
32000
32000
32000
32000
32000
32000
32000
32000
32000
32000
32000
32000
32000
32000
32000
32000
32000
32000
32000
32000
32000
32000
32000
32000
32000
32000
32000
32000
32000
32000
32000.1
32032.4
31395.3
32000
32000
32000
32000
32000
32000
32000
32000
32000
32000
32000
32000
32000
32000
32000
32000
32000
32000
32000
32000
32000
32000
32000
32000
32000
32000
32000
32000
32000
32000
32000
32000
32000
32000
32000
32000
32000
32000
32000
32000
32000
32000
32000
32000
32000
32000
32000
32000
32000
32000
32000
32000
32000
32000
32000
32000
32000
32000
32000
32000
32000
32000
32000
32000
32000
32000
32000.1
31920.5
32000
32000
32000
32000
32000
32000
32000
32000
32000
32000
32000
32000
32000
32000
32000
32000
32000
32000
32000
32000
32000
32000
32000
32000
32000
32000
32000
32000
32000
32000
32000
32000
32000
32000
32000
32000
32000
32000
32000
32000
32000
32000
32000
32000
32000
32000
32000
32000
32000
32000
32000
32000
32000
32000
32000
32000
32000
32000
32000
32000
32000
32000
32000
32000
32000
32000
32000
31998.9
32000
32000
32000
32000
32000
32000
32000
32000
32000
32000
32000
32000
32000
32000
32000
32000
32000
32000
32000
32000
32000
32000
32000
32000
32000
32000
32000
32000
32000
32000
32000
32000
32000
32000
32000
32000
32000
32000
32000
32000
32000
32000
32000
32000
32000
32000
32000
32000
32000
32000
32000
32000
32000
32000
32000
32000
32000
32000
32000
32000
32000
32000
32000
32000
32000
32000
32000
32000
32000
32000
32000
32000
32000
32000
32000
32000
32000
32000
32000
32000
32000
32000
32000
32000
32000
32000
32000
32000
32000
32000
32000
32000
32000
32000
32000
32000
32000
32000
32000
32000
32000
32000
32000
32000
32000
32000
32000
32000
32000
32000
32000
32000
32000
32000
32000
32000
32000
32000
32000
32000
32000
32000
32000
32000
32000
32000
32000
32000
32000
32000
32000
32000
32000
32000
32000
32000
32000
32000
32000
32000
32000
32000
32000
32000
32000
32000
32000
32000
32000
32000
32000
32000
32000
32000
32000
32000
32000
32000
32000
32000
32000
32000
32000
32000
32000
32000
32000
32000
32000
32000
32000
32000
32000
32000
32000
32000
32000
32000
32000
32000
32000
32000
32000
32000
32000
32000
32000
32000
32000
32000
32000
32000
32000
32000
32000
32000
32000
32000
32000
32000
32000
32000
32000
32000
32000
32000
32000
32000
32000
32000
32000
32000
32000
32000
32000
32000
32000
32000
32000
32000
32000
32000
32000
32000
32000
32000
32000
32000
32000
32000
32000
32000
32000
32000
32000
32000
32000
32000
32000
32000
32000
32000
32000
32000
32000
32000
32000
32000
32000
32000
32000
32000
32000
32000
32000
32000
32000
32000
32000
32000
32000
32000
32000
32000
32000
32000
32000
32000
32000
32000
32000
32000
32000
32000
32000
32000
32000
32000
32000
32000
32000
32000
32000
32000
32000
32000
32000
32000
32000
32000
32000
32000
32000
32000
32000
32000
32000
32000
32000
32000
32000
32000
32000
32000
32000
32000
32000
32000
32000
32000
32000
32000
32000
32000
32000
32000
32000
32000
32000
32000
32000
32000
32000
32000
32000
32000
32000
32000
32000
32000
32000
32000
32000
32000
32000
32000
32000
32000
32000
32000
32000
32000
32000
32000
32000
32000
32000
32000
32000
32000
32000
32000
32000
32000
32000
32000
32000
32000
32000
32000
32000
32000
32000
32000
32000
32000
32000
32000
32000
32000
32000
32000
32000
32000
32000
32000
32000
32000
32000
32000
32000
32000
32000
32000
32000
32000
32000
32000
32000
32000
32000
32000
32000
32000
32000
32000
32000
32000
32000
32000
32000
32000
32000
32000
32000
32000
32000
32000
32000
32000
32000
32000
32000
32000
32000
32000
32000
32000
32000
32000
32000
32000
32000
32000
32000
32000
32000
32000
32000
32000
32000
32000
32000
32000
32000
32000
32000
32000
32000
32000
32000
32000
32000
32000
32000
32000
32000
32000
32000
32000
32000
32000
32000
32000
32000
32000
32000
32000
32000
32000
32000
32000
32000
32000
32000
32000
32000
32000
32000
32000
32000
32000
32000
32000
32000
32000
32000
32000
32000
32000
32000
32000
32000
32000
32000
32000
32000
32000
32000
32000
32000
32000
32000
32000
32000
32000
32000
32000
32000
32000
32000
32000
32000
32000
32000
32000
32000
32000
32000
32000
32000
32000
32000
32000
32000
32000
32000
32000
32000
32000
32000
32000
32000
32000
32000
32000
32000
32000
32000
32000
32000
32000
32000
32000
32000
32000
32000
32000
32000
32000
32000
32000
32000
32000
32000
32000
32000
32000
32000
32000
32000
32000
32000
32000
32000
32000
32000
32000
32000
32000
32000
32000
32000
32000
32000
32000
32000
32000
32000
32000
32000
32000
32000
32000
32000
32000
32000
32000
32000
32000
32000
32000
32000
32000
32000
32000
32000
32000
32000
32000
32000
32000
32000
32000
32000
32000
32000
32000
32000
32000
32000
32000
32000
32000
32000
32000
32000
32000
32000
32000
32000
32000
32000
32000
32000
32000
32000
32000
32000
32000
32000
32000
32000
32000
32000
32000
32000
32000
32000
32000
32000
32000
32000
32000
32000
32000
32000
32000
32000
32000
32000
32000
32000
32000
32000
32000
32000
32000
32000
32000
32000
32000
32000
32000
32000
32000
32000
32000
32000
32000
32000
32000
32000
32000
32000
32000
32000
32000
32000
32000
32000
32000
32000
32000
32000
32000
32000
32000
32000
32000
32000
32000
32000
32000
32000
32000
32000
32000
32000
32000
32000
32000
32000
32000
32000
32000
32000
32000
32000
32000
32000
32000
32000
32000
32000
32000
32000
32000
32000
32000
32000
32000
32000
32000
32000
32000
32000
32000
32000
32000
32000
32000
32000
32000
32000
32000
32000
32000
32000
32000
32000
32000
32000
32000
32000
32000
32000
32000
32000
32000
32000
32000
32000
32000
32000
32000
32000
32000
32000
32000
32000
32000
32000
32000
32000
32000
32000
32000
32000
32000
32000
32000
32000
32000
32000
32000
32000
32000
32000
32000
32000
32000
32000
32000
32000
32000
32000
32000
32000
32000
32000
32000
32000
32000
32000
32000
32000
32000
32000
32000
32000
32000
32000
32000
32000
32000
32000
32000
32000
32000
32000
32000
32000
32000
32000
32000
32000
32000
32000
32000
32000
32000
32000
32000
32000
32000
32000
32000
32000
32000
32000
32000
32000
32000
32000
32000
32000
32000
32000
32000
32000
32000
32000
32000
32000
32000
32000
32000
32000
32000
32000
32000
32000
32000
32000
32000
32000
32000
32000
32000
32000
32000
32000
32000
32000
32000
32000
32000
32000
32000
32000
32000
32000
32000
32000
32000
32000
32000
32000
32000
32000
32000
32000
32000
32000
32000
32000
32000
32000
32000
32000
32000
32000
32000
32000
32000
32000
32000
32000
32000
32000
32000
32000
32000
32000
32000
32000
32000
32000
32000
32000
32000
32000
32000
32000
32000
32000
32000
32000
32000
32000
32000
32000
32000
32000
32000
32000
32000
32000
32000
32000
32000
32000
32000
32000
32000
32000
32000
32000
32000
32000
32000
32000
32000
32000
32000
32000
32000
32000
32000
32000
32000
32000
32000
32000
32000
32000
32000
32000
32000
32000
32000
32000
32000
32000
32000
32000
32000
32000
32000
32000
32000
32000
32000
32000
32000
32000
32000
32000
32000
32000
32000
32000
32000
32000
32000
32000
32000
32000
32000
32000
32000
32000
32000
32000
32000
32000
32000
32000
32000
32000
32000
32000
32000
32000
32000
32000
32000
32000
32000
32000
32000
32000
32000
32000
32000
32000
32000
32000
32000
32000
32000
32000
32000
32000
32000
32000
32000
32000
32000
32000
32000
32000
32000
32000
32000
32000
32000
32000
32000
32000
32000
32000
32000
32000
32000
32000
32000
32000
32000
32000
32000
32000
32000
32000
32000
32000
32000
32000
32000
32000
32000
32000
32000
32000
32000
32000
32000
32000
32000
32000
32000
32000
32000
32000
32000
32000
32000
32000
32000
32000
32000
32000
32000
32000
32000
32000
32000
32000
32000
32000
32000
32000
32000
32000
32000
32000
32000
32000
32000
32000
32000
32000
32000
32000
32000
32000
32000
32000
32000
32000
32000
32000
32000
32000
32000
32000
32000
32000
32000
32000
32000
32000
32000
32000
32000
32000
32000
32000
32000
32000
32000
32000
32000
32000
32000
32000
32000
32000
32000
32000
32000
32000
32000
32000
32000
32000
32000
32000
32000
32000
32000
32000
32000
32000
32000
32000
32000
32000
32000
32000
32000
32000
32000
32000
32000
32000
32000
32000
32000
32000
32000
32000
32000
32000
32000
32000
32000
32000
32000
32000
32000
32000
32000
32000
32000
32000
32000
32000
32000
32000
32000
32000
32000
32000
32000
32000
32000
32000
32000
32000
32000
32000
32000
32000
32000
32000
32000
32000
32000
32000
32000
32000
32000
32000
32000
32000
32000
32000
32000
32000
32000
32000
32000
32000
32000
32000
32000
32000
32000
32000
32000
32000
32000
32000
32000
32000
32000
32000
32000
32000
32000
32000
32000
32000
32000
32000
32000
32000
32000
32000
32000
32000
32000
32000
32000
32000
32000
32000
32000
32000
32000
32000
32000
32000
32000
32000
32000
32000
32000
32000
32000
32000
32000
32000
32000
32000
32000
32000
32000
32000
32000
32000
32000
32000
32000
32000
32000
32000
32000
32000
32000
32000
32000
32000
32000
32000
32000
32000
32000
32000
32000
32000
32000
32000
32000
32000
32000
32000
32000
32000
32000
32000
32000
32000
32000
32000
32000
32000
32000
32000
32000
32000
32000
32000
32000
32000
32000
32000
32000
32000
32000
32000
32000
32000
32000
32000
32000
32000
32000
32000
32000
32000
32000
32000
32000
32000
32000
32000
32000
32000
32000
32000
32000
32000
32000
32000
32000
32000
32000
32000
32000
32000
32000
32000
32000
32000
32000
32000
32000
32000
32000
32000
32000
32000
32000
32000
32000
32000
32000
32000
32000
32000
32000
32000
32000
32000
32000
32000
32000
32000
32000
32000
32000
32000
32000
32000
32000
32000
32000
32000
32000
32000
32000
32000
32000
32000
32000
32000
32000
32000
32000
32000
32000
32000
32000
32000
32000
32000
32000
32000
32000
32000
32000
32000
32000
32000
32000
32000
32000
32000
32000
32000
32000
32000
32000
32000
32000
32000
32000
32000
32000
32000
32000
32000
32000
32000
32000
32000
32000
32000
32000
32000
32000
32000
32000
32000
32000
32000
32000
32000
32000
32000
32000
32000
32000
32000
32000
32000
32000
32000
32000
32000
32000
32000
32000
32000
32000
32000
32000
32000
32000
32000
32000
32000
32000
32000
32000
32000
32000
32000
32000
32000
32000
32000
32000
32000
32000
32000
32000
32000
32000
32000
32000
32000
32000
32000
32000
32000
32000
32000
32000
32000
32000
32000
32000
32000
32000
32000
32000
32000
32000
32000
32000
32000
32000
32000
32000
32000
32000
32000
32000
32000
32000
32000
32000
32000
32000
32000
32000
32000
32000
32000
32000
32000
32000
32000
32000
32000
32000
32000
32000
32000
32000
32000
32000
32000
32000
32000
32000
32000
32000
32000
32000
32000
32000
32000
32000
32000
32000
32000
32000
32000
32000
32000
32000
32000
32000
32000
32000
32000
32000
32000
32000
32000
32000
32000
32000
32000
32000
32000
32000
32000
32000
32000
32000
32000
32000
32000
32000
32000
32000
32000
32000
32000
32000
32000
32000
32000
32000
32000
32000
32000
32000
32000
32000
32000
32000
32000
32000
32000
32000
32000
32000
32000
32000
32000
32000
32000
32000
32000
32000
32000
32000
32000
32000
32000
32000
32000
32000
32000
32000
32000
32000
32000
32000
32000
32000
32000
32000
32000
32000
32000
32000
32000
32000
32000
32000
32000
32000
32000
32000
32000
32000
32000
32000
32000
32000
32000
32000
32000
32000
32000
32000
32000
32000
32000
32000
32000
32000
32000
32000
32000
32000
32000
32000
32000
32000
32000
32000
32000
32000
32000
32000
32000
32000
32000
32000
32000
32000
32000
32000
32000
32000
32000
32000
32000
32000
32000
32000
32000
32000
32000
32000
32000
32000
32000
32000
32000
32000
32000
32000
32000
32000
32000
32000
32000
32000
32000
32000
32000
32000
32000
32000
32000
32000
32000
32000
32000
32000
32000
32000
32000
32000
32000
32000
32000
32000
32000
32000
32000
32000
32000
32000
32000
32000
32000
32000
32000
32000
32000
32000
32000
32000
32000
32000
32000
32000
32000
32000
32000
32000
32000
32000
32000
32000
32000
32000
32000
32000
32000
32000
32000
32000
32000
32000
32000
32000
32000
32000
32000
32000
32000
32000
32000
32000
32000
32000
32000
32000
32000
32000
32000
32000
32000
32000
32000
32000
32000
32000
32000
32000
32000
32000
32000
32000
32000
32000
32000
32000
32000
32000
32000
32000
32000
32000
32000
32000
32000
32000
32000
32000
32000
32000
32000
32000
32000
32000
32000
32000
32000
32000
32000
32000
32000
32000
32000
32000
32000
32000
32000
32000
32000
32000
32000
32000
32000
32000
32000
32000
32000
32000
32000
32000
32000
32000
32000
32000
32000
32000
32000
32000
32000
32000
32000
32000
32000
32000
32000
32000
32000
32000
32000
32000
32000
32000
32000
32000
32000
32000
32000
32000
32000
32000
32000
32000
32000
32000
32000
32000
32000
32000
32000
32000
32000
32000
32000
32000
32000
32000
32000
32000
32000
32000
32000
32000
32000
32000
32000
32000
32000
32000
32000
32000
32000
32000
32000
32000
32000
32000
32000
32000
32000
32000
32000
32000
32000
32000
32000
32000
32000
32000
32000
32000
32000
32000
32000
32000
32000
32000
32000
32000
32000
32000
32000
32000
32000
32000
32000
32000
32000
32000
32000
32000
32000
32000
32000
32000
32000
32000
32000
32000
32000
32000
32000
32000
32000
32000
32000
32000
32000
32000
32000
32000
32000
32000
32000
32000
32000
32000
32000
32000
32000
32000
32000
32000
32000
32000
32000
32000
32000
32000
32000
32000
32000
32000
32000
32000
32000
32000
32000
32000
32000
32000
32000
32000
32000
32000
32000
32000
32000
32000
32000
32000
32000
32000
32000
32000
32000
32000
32000
32000
32000
32000
32000
32000
32000
32000
32000
32000
32000
32000
32000
32000
32000
32000
32000
32000
32000
32000
32000
32000
32000
32000
32000
32000
32000
32000
32000
32000
32000
32000
32000
32000
32000
32000
32000
32000
32000
32000
32000
32000
32000
32000
32000
32000
32000
32000
32000
32000
32000
32000
32000
32000
32000
32000
32000
32000
32000
32000
32000
32000
32000
32000
32000
32000
32000
32000
32000
32000
32000
32000
32000
32000
32000
32000
32000
32000
32000
32000
32000
32000
32000
32000
32000
32000
32000
32000
32000
32000
32000
32000
32000
32000
32000
32000
32000
32000
32000
32000
32000
32000
32000
32000
32000
32000
32000
32000
32000
32000
32000
32000
32000
32000
32000
32000
32000
32000
32000
32000
32000
32000
32000
32000
32000
32000
32000
32000
32000
32000
32000
32000
32000
32000
32000
32000
32000
32000
32000
32000
32000
32000
32000
32000
32000
32000
32000
32000
32000
32000
32000
32000
32000
32000
32000
32000
32000
32000
32000
32000
32000
32000
32000
32000
32000
32000
32000
32000
32000
32000
32000
32000
32000
32000
32000
32000
32000
32000
32000
32000
32000
32000
32000
32000
32000
32000
32000
32000
32000
32000
32000
32000
32000
32000
32000
32000
32000
32000
32000
32000
32000
32000
32000
32000
32000
32000
32000
32000
32000
32000
32000
32000
53324.7
28318.1
29383.2
30364.4
32712.5
34465.4
34287.7
33865.4
33872.2
34001.8
34153.5
34300.2
34334.6
34291.3
34252.7
34235
34216.8
34184.4
34158.1
34105
74990.5
45979.9
38291.7
33032.5
33056
33878
33863.5
33883.4
33936.1
34029.6
34166.7
34300.1
34321.9
34289.4
34257.8
34234.5
34212.1
34179.4
34154.7
34105
84287.5
55887.8
41884.5
34288.9
33526.2
33145
33482.8
33928.1
34001.8
34043.2
34166.4
34283.7
34310.8
34297.5
34262.4
34231.8
34212.7
34187.6
34158.9
34099.1
90690.2
65625
48392.3
37516.2
34615.3
32787.3
33054.8
33866.6
34007.8
34066.4
34177.3
34259.4
34300
34294.2
34270.5
34243.5
34216.4
34185.8
34162.4
34108.5
95352.1
73544.9
54839.9
41975.1
36315.5
32731.9
33231
33821.1
33966.3
34088
34187
34236.8
34281.2
34295.9
34276.4
34243.5
34211.9
34180
34158.4
34108.7
98726.5
79796.1
61316.4
47615.3
39482.4
33586
33691
33587.9
33800.1
34135
34211.2
34210.1
34256.4
34295.6
34280.8
34249.1
34215.9
34184.5
34164.2
34112.7
101163
84809.2
67243.9
53248.4
43108.3
35589
34343.8
33391.2
33645.9
34069.5
34243.4
34193.8
34236.3
34285.1
34278.5
34253.5
34219.2
34186.3
34167.6
34116.8
103012
88802.4
72513.2
58447.2
47336.9
38966.7
35528.3
33624.1
33668.7
33994.3
34189.4
34174.5
34234.2
34286.5
34282.6
34261.3
34224
34189.9
34171.1
34119.1
104423
92097.2
77047.3
63254.3
51762
42560.8
37203.2
33768.2
33883.2
34023.3
34068.2
34148.8
34235.5
34275
34277.1
34260.9
34223.1
34193
34175.9
34122.2
105513
94834.1
80937.9
67720.6
55924.5
46412.9
39749.2
34551.6
34494.9
34055.7
33967.5
34121.2
34244
34255.5
34268.9
34257.4
34223.9
34198.2
34181.3
34126.1
106390
97089.9
84395.2
71678.7
59951.3
50256
42550.2
36342.4
35014.7
33910.5
33917.2
34082.9
34235.2
34233.9
34258.8
34253.2
34226.8
34203.6
34184.5
34129
107083
98997.7
87393.7
75254.8
63749.4
53852.6
45666.3
38823.3
35841.7
33904.9
33947.9
34146.9
34195.7
34214.7
34254.5
34250.3
34230.7
34208.9
34185.9
34130.3
107615
100624
89978.2
78536.6
67202.4
57367.9
48815.9
41575
37150.1
34066.1
34238.2
34193.6
34125.7
34196.7
34254.7
34244.9
34232.4
34212
34185.7
34129.7
108044
101999
92296.4
81460.9
70469.3
60696
51882.8
44469.8
38936.5
34609.9
34651
34256
34074.5
34185.1
34253.6
34238.9
34234
34215.5
34186.8
34128.5
108391
103191
94344.3
84135.2
73513.8
63822
54901.5
47322.7
41012
35888.6
35040.9
34121.8
34070.5
34193.5
34245.9
34231.6
34234.8
34218.2
34187.7
34126.1
108677
104214
96179.5
86568.1
76340.6
66770.8
57820.4
50038.8
43364.3
37682.5
35472.6
34130.1
34117.3
34228.8
34221.9
34227.7
34239.4
34222.2
34188.7
34123.4
108906
105096
97806
88794.9
78940
69564.1
60566.3
52737.9
45746.5
39717.2
36306.1
34229.9
34296.6
34265.1
34185.7
34225.2
34243.5
34222
34186
34119.4
109100
105848
99267.4
90794.2
81373.1
72142.8
63219.7
55321.4
48114.3
41944.1
37502.6
34472.5
34572.6
34291.9
34160.5
34228.4
34245.6
34220.1
34183.3
34116.8
109273
106510
100566
92629.6
83592.3
74576.3
65743.3
57776.1
50506
44153.5
38988.8
35146.3
34876.2
34356.7
34172.1
34244.5
34242.5
34214.1
34180.4
34115.1
109434
107105
101742
94305.5
85640
76852.5
68133.5
60163.3
52825.6
46325.5
40775.9
36284
35127.4
34273.2
34185.2
34271.7
34239.3
34211.3
34183.7
34119.2
109587
107652
102824
95833.1
87546.7
78969
70415.2
62463.2
55059.9
48507.7
42640.9
37672.8
35532.7
34310.7
34291.6
34301.2
34212.9
34204.9
34178.8
34115.9
109733
108160
103814
97239.7
89303.4
80963
72579.9
64662.9
57250.3
50623.4
44528.7
39352.6
36224.9
34421.9
34458.6
34324.9
34190.9
34205.2
34177
34116.4
109887
108622
104708
98521.4
90925.1
82834.5
74627
66778.3
59373
52652.8
46493.1
41083.9
37121
34652.8
34665.8
34379.5
34186.1
34212.3
34172
34117.9
110047
109025
105497
99685.9
92413.6
84589.7
76556.9
68816.4
61398.6
54672.1
48394.4
42862.2
38337.3
35191.1
34872.7
34335.7
34191.9
34228.5
34165.8
34122.3
110204
109374
106197
100730
93790.1
86216.2
78401.6
70738.8
63390.1
56609.5
50277
44670.4
39695.7
36018.1
35028.4
34347.4
34226.1
34246.8
34153.5
34132.2
110362
109682
106813
101680
95047.6
87747.9
80134
72595.4
65303.2
58491.7
52146.6
46415
41201.9
37132.4
35308
34355.1
34320.7
34258.2
34134.9
34147.9
110524
109958
107361
102540
96215.3
89178.3
81778.1
74375.4
67139.1
60348
53943.1
48159.2
42797.1
38350.9
35739.7
34395.8
34450.6
34264
34127.2
34170.4
110688
110207
107846
103327
97300.5
90521.2
83341
76073.3
68927.8
62136.9
55719.3
49874.5
44379.7
39719
36425
34554.5
34597.5
34266.4
34128.2
34201.4
110849
110429
108276
104046
98311.2
91787.2
84819.4
77705.2
70652.1
63879.4
57465.4
51528.9
46016.1
41127.9
37271.4
34920.4
34699.7
34242.4
34137.6
34241.3
111000
110627
108658
104705
99251.7
92978.6
86219.3
79270.8
72307.6
65591.2
59144.3
53187.7
47613.4
42541.9
38356.7
35489.6
34791.6
34234.7
34165.6
34284
111131
110797
109003
105308
100132
94094.3
87553.1
80756.8
73919.2
67232.7
60808.1
54803.4
49162.6
44026
39525
36199.3
34917.7
34258.9
34238.4
34332.5
111237
110941
109312
105870
100955
95151.1
88811.5
82185.2
75458.2
68835.7
62423.3
56375.7
50719.8
45460.8
40797.1
37114.8
35160.3
34321.8
34322.3
34365.2
111317
111054
109588
106392
101730
96152
90007.3
83549.1
76932.8
70392.2
63979.8
57944.3
52214.6
46922.6
42129
38098.3
35544.9
34401.4
34450.2
34397.5
111372
111139
109830
106874
102466
97098.2
91153.8
84840.9
78362
71876.5
65521.2
59457.6
53707
48366.9
43456.6
39201.8
36128.5
34520.2
34616.9
34439.7
111410
111203
110036
107317
103152
98004.7
92235
86090.8
79716.9
73332
67006.1
60953.7
55175.4
49772.3
44829.7
40352.8
36819.8
34732.9
34785.1
34478.6
111435
111254
110219
107719
103796
98856.8
93271.7
87274.1
81032.9
74726.5
68459.9
62419.3
56600.3
51197.4
46166.6
41522.4
37691.3
35191.4
34919.4
34517.9
111448
111294
110381
108088
104393
99659.9
94253.5
88405.3
82295.7
76074.6
69879.4
63835.4
58028.6
52585.4
47482.3
42741.3
38660.7
35803.8
35032.5
34503.2
111455
111325
110526
108427
104947
100417
95180.2
89488.8
83501.4
77385.3
71246.6
65233.5
59420.8
53956.7
48792.4
43940.7
39738.4
36589.1
35226.4
34507
111463
111353
110657
108742
105468
101127
96064.9
90515.8
84667.4
78642.3
72581.6
66593.5
60791.2
55311.4
50060.7
45169.4
40904.7
37430.7
35488.7
34538.4
111473
111379
110775
109037
105958
101802
96902.6
91502.8
85779.8
79860.3
73875
67916.8
62150
56618.4
51327
46413.6
42087.5
38383.6
35902.6
34602
111483
111406
110885
109310
106420
102442
97702.8
92445.9
86849.2
81035.6
75126.7
69220.4
63468.9
57909.3
52580.1
47658.4
43330.6
39380.1
36403.5
34697.5
111490
111429
110986
109562
106854
103049
98467.4
93351.2
87879.4
82170.4
76347.2
70492
64763.7
59170.9
53820.7
48948.3
44553.2
40397.9
37062
34858.8
111493
111448
111072
109793
107258
103625
99197.9
94222.8
88873
83270.6
77535.4
71733.6
66026.7
60402.1
55092.5
50228.3
45768.2
41458.2
37789.1
35078.2
111500
111463
111146
109998
107635
104168
99895.5
95061.3
89832.9
84339.1
78688.5
72948.2
67244.3
61639.2
56365.8
51517.1
46974.9
42478.9
38625.8
35398.9
111519
111483
111206
110181
107980
104681
100559
95864.4
90760.6
85370.9
79811.5
74118.9
68437.7
62868.2
57668.1
52799.8
48121.1
43529.4
39514.6
35788.8
111545
111508
111261
110342
108300
105161
101188
96629
91650.2
86366.8
80892
75252.1
69605.3
64116.5
58985.2
54033.6
49261.3
44549
40449
36281.4
111568
111534
111313
110491
108597
105614
101779
97356.3
92498.7
87322.5
81925.1
76351.7
70766.7
65389.3
60278.1
55255.1
50345.6
45570.8
41424.2
36846.6
111580
111555
111361
110629
108877
106039
102342
98043.1
93312.8
88230.6
82919
77422.5
71949.5
66663.4
61563.8
56407.1
51412.1
46588.6
42408.5
37487.2
111589
111570
111403
110758
109138
106442
102876
98705
94085.8
89107.1
83870.2
78498.6
73150.2
67952.1
62778
57521.2
52455.7
47599.6
43413.1
38187.3
111605
111590
111443
110875
109385
106826
103393
99337.4
94832
89946.8
84816.9
79584
74387
69198.3
63933.7
58587.3
53485.4
48617.8
44415.5
38934.3
111620
111615
111483
110986
109619
107196
103891
99951.9
95543.2
90772.6
85769.6
80711
75615.6
70389
65018.2
59616.6
54516.3
49632.1
45420.9
39721.8
111625
111628
111516
111087
109838
107551
104376
100545
96234.4
91592.3
86763.7
81861.8
76807.5
71495.6
66037
60632.2
55543.3
50649.7
46423.4
40538.1
111631
111629
111540
111174
110037
107884
104838
101120
96919.1
92437.1
87796.7
83009.9
77919
72508.6
67017
61637.8
56575.4
51663.4
47421.5
41379.2
111649
111633
111554
111244
110211
108189
105269
101678
97624.7
93329
88850.7
84102.7
78918.4
73449
67972.9
62649
57603
52672.8
48416.8
42238.3
111675
111652
111581
111311
110369
108466
105673
102233
98371.8
94275.8
89894.6
85072.7
79803.6
74340.4
68930.8
63661.7
58624.9
53675.3
49406.4
43111.1
111690
111675
111614
111376
110518
108734
106078
102814
99177
95251
90851
85910.2
80602.7
75216.5
69892.8
64673.2
59638
54672.3
50393
43994.3
111677
111668
111634
111435
110657
109001
106517
103473
100030
96168
91660
86624.5
81357.2
76089.2
70858.4
65677
60639.3
55661.8
51373.1
44883.3
111706
111661
111631
111473
110779
109275
107024
104227
100895
96917.9
92285.5
87273.1
82121.2
76978.4
71819.2
66665
61630.9
56648.7
52349.9
45776.8
111794
111706
111652
111517
110919
109604
107628
105037
101651
97487.2
92795.4
87898
82908.6
77878.3
72769.1
67637.7
62612.4
57628.7
53319
46671
111801
111751
111701
111605
111109
110040
108314
105789
102214
97902.4
93263.6
88545.1
83718.8
78772.7
73699.3
68594.9
63586.6
58604.9
54282.7
47565.3
111734
111675
111686
111739
111452
110650
109047
106246
102493
98243
93774.3
89237.7
84528.2
79639.5
74609.1
69545.1
64557.6
59574.5
55239.1
48458.8
111856
111676
111702
111919
111964
111297
109482
106452
102657
98579
94345.7
89965.4
85322.5
80471.7
75492.7
70477.2
65515.7
60534.2
56186.9
49349.6
112001
111874
112056
112567
112660
111778
109664
106507
102794
98964.2
94964.7
90689.4
86088.8
81286.7
76370.8
71406.1
66468.5
61486.3
57130.1
50240.6
111184
111753
112541
113148
113049
111923
109575
106509
103050
99451.1
95592.2
91375.4
86819
82082
77233.4
72315.6
67406.5
62428.3
58063.4
51126.4
111604
112671
113454
113483
112927
111450
109233
106561
103456
100030
96198.8
91996.5
87520.8
82870.9
78086.9
73210.4
68329.1
63357.6
58990.8
52012
111332
114850
114584
113844
112492
110849
108997
106737
103927
100582
96752.8
92596.9
88209.9
83651.5
78937.1
74102.8
69249.3
64280.8
59907.8
52891.6
100159
115819
113480
112898
111877
110673
109165
107103
104362
101013
97241.5
93198.1
88913.2
84420.2
79763
74976
70151.3
65187.5
60812.9
53767
63201.2
105900
110923
111869
111752
110856
109518
107497
104729
101443
97733.3
93786.7
89604.3
85193.9
80589.1
75834.3
71035.5
66080.2
61708.9
54638.9
36869.3
82530.1
112554
112774
111833
111024
109662
107718
105034
101819
98286.9
94414.9
90278.1
85927.1
81391.5
76684.1
71905.4
66953.6
62588.4
55502.7
32190
48917
100055
111353
111371
110896
109781
107924
105289
102233
98738.7
95064.2
90973.1
86667.5
82163.2
77490.1
72748.4
67820.3
63465
56362.4
32002.7
34057.2
69481.9
108080
111865
111233
110037
108052
105570
102654
99234.1
95588.2
91576.1
87438.9
82942
78294.2
73565.9
68661.1
64329.8
57215.7
32000
32081.3
41443.1
91375.1
111191
111228
110110
108283
105873
102983
99698.2
96113.3
92233.3
88043.3
83650.5
79083.1
74390.6
69508.1
65187
58058.3
32000
32001.5
32839.8
60014.3
105343
111198
110200
108437
106153
103393
100114
96604.3
92781.4
88755.4
84365.6
79801.4
75162.8
70342.8
66047.1
58897.3
32000
32000
32029.1
37908.9
85695.7
110380
110346
108729
106443
103698
100567
97062.3
93304.4
89310.1
85109.9
80587.2
75955.7
71143
66881.8
59727.9
32000
32000
32000.5
32441.6
55362.3
103562
110255
108906
106666
103983
100954
97523.8
93820.6
89894.5
85697.2
81328.4
76778
71986
67721.5
60548.8
32000
32000
32000
32015
36627.7
83356.1
109140
108947
106974
104314
101313
97948.7
94342.3
90485.1
86325.7
82016.2
77481.3
72812.5
68566.9
61377.3
32000
32000
32000
32000.3
32335.1
54349.1
102505
109005
107278
104593
101614
98361.2
94860.2
91062.4
86955.9
82677.5
78246.6
73569.5
69343.6
62182.3
32000
32000
32000
32000
32012.1
36627.9
83495.8
108172
107382
104864
101962
98835.7
95395.2
91622.6
87568.9
83344.2
78955.7
74336.3
70125.8
62986.7
32000
32000
32000
32000
32000.3
32365.7
56022.7
102786
107341
105150
102386
99337.9
95904.5
92153.1
88161.4
84002.1
79656.6
75075.9
70884.3
63788.2
32000
32000
32000
32000
32000
32014.9
37691.7
86139.8
106257
105435
102839
99752.4
96329.5
92644.9
88729.1
84642.5
80335.1
75804.1
71634.8
64567.4
32000
32000
32000
32000
32000
32000.4
32555.7
60226.1
102605
105756
103296
100156
96777.1
93173.5
89327.1
85297.5
81016.9
76530.1
72382.7
65340
32000
32000
32000
32000
32000
32000
32028
40087
89591
105175
103687
100579
97189.8
93667.3
89896.6
85915.6
81668.8
77225.1
73115.2
66095.9
32000
32000
32000
32000
32000
32000
32001
33044.1
66563.3
101555
103592
101150
97648.5
94173.4
90471
86527.4
82331.6
77927.2
73856.7
66848.7
32000
32000
32000
32000
32000
32000
32000
32066.5
44432.3
92708.4
103873
101526
98122.5
94695.4
91041.9
87128.1
82989.7
78610.6
74575
67580.8
32000
32000
32000
32000
32000
32000
32000
32003
34244.2
74017.5
101522
101451
98693.1
95246.7
91594.8
87702
83633.5
79283.1
75296
68320.8
32000
32000
32000
32000
32000
32000
32000
32000.1
32191.5
51374.2
96029.5
101865
99265.9
95818.3
92120.1
88266.7
84276
79954.7
76009.5
69053.5
32000
32000
32000
32000
32000
32000
32000
32000
32011
37001.1
81863
100692
99642.9
96339.4
92565.1
88793.1
84876.8
80585
76692.4
69778.6
32000
32000
32000
32000
32000
32000
32000
32000
32000.5
32627.5
60768.9
97620.1
99948.7
96922
93103.7
89392.6
85507.1
81244.6
77398.4
70519.9
32000
32000
32000
32000
32000
32000
32000
32000
32000
32047.2
42375.3
88501.8
99642.1
97216.6
93661
89952.4
86069.7
81866
78066.5
71230.9
32000
32000
32000
32000
32000
32000
32000
32000
32000
32002.8
34011.1
71283
97272
97401
94378.4
90532.5
86651.5
82523
78757.9
71955.6
32000
32000
32000
32000
32000
32000
32000
32000
32000
32000.1
32207.5
51332.9
92819.6
97870.3
95024.5
91115.7
87234.2
83165.9
79417.9
72649.2
32000
32000
32000
32000
32000
32000
32000
32000
32000
32000
32015.8
37776.5
80934
96934.9
95393
91686.8
87792.4
83773.1
80050
73331.1
32000
32000
32000
32000
32000
32000
32000
32000
32000
32000
32001
32929.2
62946.1
94713.8
95596.4
92427.6
88465.6
84426.8
80706.8
74025.3
32000
32000
32000
32000
32000
32000
32000
32000
32000
32000
32000.1
32093.6
45428.1
88138
95470.1
92970.3
89121.1
85009.8
81312.6
74690.8
32000
32000
32000
32000
32000
32000
32000
32000
32000
32000
32000
32007.9
35498.3
74601.4
94066.6
93413
89864.1
85616.1
81952.8
75382.5
32000
32000
32000
32000
32000
32000
32000
32000
32000
32000
32000
32000.6
32514
57177.3
91660.2
93824.6
90557
86253.7
82601
76057
32000
32000
32000
32000
32000
32000
32000
32000
32000
32000
32000
32000
32054.2
42112.9
83858.3
93376
90968.9
86915.5
83226.1
76703
32000
32000
32000
32000
32000
32000
32000
32000
32000
32000
32000
32000
32005.1
34464.9
69910.2
91661.5
91340
87776.3
83919
77376.3
32000
32000
32000
32000
32000
32000
32000
32000
32000
32000
32000
32000
32000.4
32363.6
53586.4
88909.8
91704.6
88495
84574.8
78021.5
32000
32000
32000
32000
32000
32000
32000
32000
32000
32000
32000
32000
32000
32042.3
40409.2
80604.5
91119.2
88960.7
85256.9
78672.3
32000
32000
32000
32000
32000
32000
32000
32000
32000
32000
32000
32000
32000
32004.6
34034
67025.3
89713.7
89347.6
86095.5
79385
32000
32000
32000
32000
32000
32000
32000
32000
32000
32000
32000
32000
32000
32000.4
32317.6
51829.7
86581.9
89567.9
86780.2
80088.6
)
;

boundaryField
{
    inlet
    {
        type            fixedValue;
        value           nonuniform List<scalar> 0();
    }
    outlet
    {
        type            zeroGradient;
    }
    bottom
    {
        type            symmetryPlane;
    }
    top
    {
        type            zeroGradient;
    }
    obstacle
    {
        type            zeroGradient;
    }
    defaultFaces
    {
        type            empty;
    }
    procBoundary1to0
    {
        type            processor;
        value           nonuniform List<scalar> 
103
(
109775
109801
109650
109645
109574
109581
109573
109466
109291
109311
107917
97974.3
58585.1
33747.9
32007.8
32000
32000
32000
32000
32000
32000
32000
32000
32000
32000
32000
32000
32000
32000
32000
32000
32000
32000
32000
32000
32000
32000
32000
32000
32000
32000
32000
32000
32000
32000
32000
32000
32000
32000
32000
32000
32000
32000
32000
32000
32000
32000
32000
32000
32000
32000
32000
32000
32000
32000
32000
32000
32000
32000
32000
32000
32000
32000
32000
32000
32000
32000
32000
32000
32000
32000
32000
32000
32000
32000
32000
32000
32000
32000
32000
32000
32000
32000
32000
32000
32000
32000
32000
32000
32000
32000
32000
32000
)
;
    }
    procBoundary1to3
    {
        type            processor;
        value           nonuniform List<scalar> 
89
(
32000
32000
32000
32000
32000
32000
32000
32000
32000
32000
32000
32000
32000
32000
32000
32000
32000
32000
32000
32000
32000
32000
32000
32000
32000
32000
32000
32000
32000
32000
32000
32000
32000
32000
32000
32000
32000
32000
32000
32000
32000
32000
32000
32000
32000
32000
32000
32000
32000
32000
32000
32000
32000
32000
32000
32000
32000
32000
32000
32000
32000
32000
32000
32000
32000
32000
32000
32000
32000
32000
32000
32000
32000
32000
32000
32000
32000
32000
32000
32000
32000
32000
32000
32041.5
39810.2
78359.7
89044.9
87268.6
80853.6
)
;
    }
}


// ************************************************************************* //
