/*--------------------------------*- C++ -*----------------------------------*\
| =========                 |                                                 |
| \\      /  F ield         | OpenFOAM: The Open Source CFD Toolbox           |
|  \\    /   O peration     | Version:  2306                                  |
|   \\  /    A nd           | Website:  www.openfoam.com                      |
|    \\/     M anipulation  |                                                 |
\*---------------------------------------------------------------------------*/
FoamFile
{
    version     2.0;
    format      ascii;
    arch        "LSB;label=32;scalar=64";
    class       volScalarField;
    location    "0.0001";
    object      rho;
}
// * * * * * * * * * * * * * * * * * * * * * * * * * * * * * * * * * * * * * //

dimensions      [1 -3 0 0 0 0 0];

internalField   nonuniform List<scalar> 
9032
(
1.41983
1.41773
1.4169
1.41704
1.41753
1.41811
1.41825
1.41801
1.41721
1.41645
1.41638
1.41647
1.41651
1.4163
1.41581
1.41515
1.41481
1.4148
1.4149
1.41501
1.41502
1.41511
1.41521
1.41533
1.41541
1.41539
1.4152
1.41486
1.41471
1.41477
1.415
1.4154
1.41553
1.41532
1.41496
1.41447
1.41407
1.41398
1.41405
1.41424
1.41445
1.4146
1.41481
1.41499
1.41508
1.41507
1.41498
1.41477
1.41454
1.41443
1.41438
1.41439
1.41439
1.41439
1.41434
1.41422
1.41414
1.41413
1.41409
1.41404
1.41394
1.41379
1.41357
1.41335
1.41328
1.41334
1.41344
1.4137
1.41789
1.41637
1.41579
1.41599
1.41624
1.41631
1.41619
1.41583
1.41567
1.4158
1.41587
1.41583
1.4157
1.4155
1.41522
1.41494
1.41478
1.41469
1.41459
1.41451
1.41461
1.41484
1.4151
1.41536
1.41554
1.4156
1.41551
1.41522
1.41486
1.41471
1.4147
1.41476
1.41483
1.4147
1.41443
1.41409
1.41377
1.41361
1.41365
1.41384
1.4141
1.41439
1.41468
1.41484
1.41487
1.41481
1.41467
1.41446
1.41427
1.41417
1.41414
1.41417
1.41418
1.41418
1.41413
1.41408
1.41405
1.41407
1.41406
1.41403
1.41394
1.41382
1.41365
1.41347
1.4134
1.41344
1.41352
1.41377
1.41311
1.41297
1.41301
1.41327
1.41368
1.41363
1.4134
1.4129
1.41278
1.41302
1.41325
1.41349
1.41359
1.41353
1.41341
1.41339
1.41343
1.41352
1.41347
1.41333
1.41327
1.41338
1.41376
1.41438
1.41486
1.41505
1.41509
1.41492
1.41453
1.41423
1.41411
1.41402
1.41401
1.41398
1.41383
1.41363
1.41343
1.41328
1.41327
1.41337
1.41355
1.41382
1.41412
1.41427
1.41428
1.4142
1.41404
1.41387
1.41374
1.41367
1.41364
1.41367
1.41369
1.4137
1.41373
1.41377
1.41382
1.41389
1.41397
1.41398
1.41395
1.41388
1.41378
1.41362
1.41346
1.41342
1.41346
1.41369
1.41007
1.41055
1.41051
1.41025
1.41046
1.41068
1.41097
1.41123
1.41152
1.41172
1.41177
1.41195
1.41214
1.41215
1.41213
1.41215
1.4122
1.41232
1.41226
1.41212
1.41216
1.41238
1.4128
1.41331
1.41372
1.41393
1.41399
1.41393
1.41372
1.41345
1.41329
1.41321
1.41318
1.41317
1.41309
1.41292
1.41274
1.41264
1.41269
1.41284
1.41309
1.41337
1.4136
1.41375
1.41375
1.41368
1.41354
1.41338
1.41327
1.41318
1.41312
1.41313
1.4132
1.41327
1.41334
1.41342
1.41354
1.41368
1.41383
1.41394
1.41399
1.41398
1.41393
1.4138
1.41361
1.41348
1.41348
1.41371
1.40873
1.40905
1.40857
1.40866
1.40937
1.40974
1.4101
1.41062
1.41094
1.41098
1.41107
1.4114
1.41165
1.41166
1.41168
1.41166
1.41165
1.4117
1.4117
1.41171
1.41179
1.41202
1.41234
1.41266
1.4129
1.41309
1.41322
1.4133
1.41328
1.41311
1.41289
1.41277
1.4127
1.41271
1.41278
1.41281
1.41278
1.4128
1.41289
1.41301
1.41315
1.41325
1.41337
1.4135
1.41355
1.41349
1.41337
1.41324
1.41313
1.413
1.41293
1.41295
1.41306
1.41316
1.41325
1.41337
1.41352
1.41368
1.41384
1.41396
1.41406
1.4141
1.41408
1.41403
1.41387
1.41368
1.4136
1.41377
1.4091
1.40801
1.40791
1.40869
1.40942
1.40994
1.41036
1.41068
1.41103
1.41142
1.41186
1.41225
1.41238
1.41234
1.41208
1.41184
1.41174
1.41181
1.41209
1.41237
1.41248
1.41249
1.41254
1.4126
1.41267
1.41278
1.41292
1.41306
1.41313
1.41307
1.41288
1.41273
1.41267
1.41268
1.41274
1.41286
1.41302
1.41313
1.41321
1.41327
1.41332
1.41337
1.41342
1.41351
1.41361
1.41358
1.41348
1.41335
1.41322
1.41311
1.41304
1.41306
1.41318
1.41328
1.41338
1.4135
1.41363
1.41377
1.4139
1.41399
1.41407
1.41415
1.4142
1.41422
1.41421
1.41409
1.41387
1.41388
1.41212
1.41143
1.41115
1.41167
1.41184
1.41183
1.41168
1.41147
1.4117
1.41235
1.41288
1.4131
1.41315
1.41305
1.41271
1.41249
1.41244
1.41256
1.41291
1.41335
1.41368
1.41377
1.41368
1.41349
1.41331
1.41325
1.41332
1.41342
1.41347
1.41351
1.41347
1.41333
1.41316
1.4131
1.41312
1.41325
1.41351
1.41369
1.41374
1.41374
1.41365
1.41364
1.41371
1.4138
1.41393
1.41394
1.41386
1.41373
1.41358
1.41347
1.41341
1.41344
1.41357
1.41369
1.41376
1.41385
1.41394
1.41404
1.41412
1.4142
1.41429
1.41442
1.41451
1.41457
1.41461
1.41459
1.41445
1.41424
1.4142
1.41478
1.41677
1.41796
1.41753
1.41626
1.41515
1.41446
1.41442
1.41516
1.41556
1.41546
1.41502
1.41451
1.41403
1.41386
1.4139
1.41413
1.41453
1.415
1.41543
1.41571
1.41573
1.41563
1.41545
1.41515
1.41484
1.41467
1.41459
1.41458
1.41459
1.41456
1.41446
1.4143
1.41422
1.41422
1.41436
1.41457
1.41464
1.41463
1.41451
1.41442
1.41444
1.41452
1.41469
1.41478
1.41476
1.41464
1.41444
1.41432
1.41424
1.41423
1.41437
1.41451
1.41457
1.41462
1.41464
1.41462
1.41463
1.41466
1.41473
1.41487
1.41508
1.41523
1.4153
1.41533
1.41533
1.41518
1.41575
1.41885
1.42185
1.42244
1.42133
1.41885
1.41704
1.41685
1.41744
1.41848
1.41871
1.41838
1.41747
1.41641
1.4159
1.41583
1.41598
1.41631
1.41666
1.41696
1.41719
1.41737
1.41749
1.41744
1.4173
1.41698
1.4165
1.41616
1.41609
1.41608
1.4161
1.41609
1.41603
1.41588
1.41582
1.41583
1.41592
1.41607
1.41609
1.41604
1.41587
1.41573
1.41571
1.4158
1.41597
1.41606
1.41609
1.41602
1.4158
1.41562
1.4155
1.41542
1.41549
1.41562
1.41567
1.41571
1.41571
1.41563
1.41556
1.41553
1.41553
1.41562
1.41584
1.41608
1.41622
1.41629
1.41635
1.41639
1.41681
1.42313
1.42439
1.42255
1.42045
1.41794
1.41699
1.4176
1.41938
1.42088
1.42089
1.42027
1.41886
1.41774
1.41752
1.41774
1.4182
1.41848
1.41857
1.41846
1.41835
1.41842
1.4187
1.41884
1.41873
1.41842
1.41787
1.41745
1.41738
1.41741
1.41749
1.41758
1.4176
1.41747
1.4173
1.41723
1.41723
1.4173
1.41731
1.41727
1.41712
1.41698
1.417
1.41711
1.41728
1.41737
1.4174
1.41734
1.4171
1.41682
1.41665
1.41653
1.41653
1.41663
1.41669
1.41674
1.41675
1.41666
1.41653
1.41648
1.41645
1.41648
1.41661
1.41683
1.41704
1.41719
1.41729
1.41752
1.41924
1.42318
1.42272
1.42114
1.41883
1.41621
1.41584
1.41756
1.41999
1.42107
1.42094
1.42024
1.41901
1.41851
1.41872
1.4193
1.41975
1.41986
1.41952
1.41908
1.41899
1.41907
1.4195
1.41976
1.41958
1.41917
1.41854
1.41815
1.41815
1.41828
1.41846
1.41857
1.41857
1.4184
1.41817
1.41806
1.41803
1.4181
1.41817
1.41815
1.41807
1.41794
1.41791
1.41797
1.41811
1.41825
1.41829
1.41825
1.41808
1.4178
1.41757
1.41745
1.41742
1.41745
1.41749
1.41749
1.41747
1.4174
1.41729
1.41722
1.41718
1.41717
1.41722
1.41735
1.41754
1.41777
1.41799
1.41839
1.41424
1.42378
1.42022
1.4195
1.41681
1.41512
1.41614
1.41824
1.42003
1.42038
1.42012
1.41938
1.41853
1.41847
1.41907
1.41993
1.42027
1.42026
1.41972
1.4192
1.41906
1.41907
1.41949
1.41967
1.41946
1.41907
1.41849
1.41817
1.41822
1.41839
1.41869
1.41884
1.41886
1.41875
1.41858
1.41846
1.4184
1.41844
1.4185
1.41843
1.41834
1.41825
1.41825
1.41835
1.41855
1.41875
1.41885
1.41883
1.41869
1.41844
1.41815
1.41795
1.41785
1.4178
1.41779
1.4178
1.41782
1.4178
1.41778
1.41774
1.41768
1.41765
1.41766
1.41772
1.41784
1.41805
1.41827
1.41879
1.31523
1.41675
1.42262
1.42107
1.41461
1.41457
1.41737
1.42008
1.41985
1.41938
1.41881
1.41798
1.41761
1.41781
1.41879
1.41971
1.42003
1.42003
1.41946
1.41894
1.41876
1.41869
1.4189
1.41891
1.41871
1.41845
1.41812
1.41804
1.41818
1.41841
1.41875
1.41896
1.41898
1.41891
1.41878
1.41866
1.41854
1.41853
1.41854
1.41844
1.41838
1.41837
1.41844
1.41859
1.4188
1.41899
1.41906
1.41901
1.41884
1.41858
1.41827
1.41804
1.41792
1.41788
1.41789
1.41795
1.41802
1.41806
1.41807
1.41803
1.41794
1.41787
1.41782
1.41781
1.41783
1.41793
1.41808
1.41873
0.908699
1.32187
1.4206
1.41736
1.41036
1.41394
1.42079
1.42118
1.4199
1.41885
1.41778
1.41714
1.41692
1.41737
1.41863
1.41921
1.41936
1.41929
1.41873
1.41826
1.41803
1.41794
1.41806
1.41805
1.41797
1.41788
1.41777
1.4179
1.41812
1.41839
1.41873
1.419
1.41907
1.41903
1.41892
1.41876
1.41858
1.41837
1.41823
1.41817
1.4182
1.41826
1.41838
1.41856
1.41878
1.41895
1.41899
1.41891
1.41871
1.41843
1.41814
1.41796
1.41789
1.41791
1.418
1.41809
1.41814
1.41817
1.41815
1.41808
1.41799
1.4179
1.41781
1.41775
1.41774
1.41776
1.41786
1.41862
0.638638
0.909892
1.32929
1.40796
1.40723
1.41799
1.42283
1.42093
1.41917
1.41811
1.41712
1.41692
1.41712
1.41819
1.41919
1.41926
1.4191
1.41867
1.41798
1.4176
1.41735
1.41726
1.41738
1.41744
1.4175
1.41757
1.41762
1.4178
1.41803
1.4183
1.41861
1.41898
1.41912
1.41911
1.41897
1.41868
1.41829
1.41791
1.41767
1.41758
1.41766
1.41784
1.41809
1.41834
1.41859
1.41872
1.41871
1.41861
1.41841
1.41815
1.41793
1.41786
1.41786
1.41793
1.41804
1.41811
1.41815
1.41817
1.41815
1.4181
1.41805
1.41797
1.41787
1.41773
1.41762
1.41765
1.41779
1.41855
0.620145
0.639093
0.908012
1.30519
1.39423
1.42153
1.42322
1.41877
1.41821
1.4174
1.41673
1.41699
1.4185
1.42003
1.42034
1.41997
1.41926
1.41827
1.41753
1.41722
1.41702
1.417
1.41711
1.41726
1.4174
1.41756
1.41772
1.41789
1.41811
1.41835
1.41859
1.4189
1.41905
1.41898
1.41879
1.41847
1.41803
1.41757
1.41727
1.41718
1.41726
1.41744
1.41765
1.41786
1.41807
1.41821
1.41825
1.4182
1.41808
1.41792
1.41781
1.4178
1.41784
1.4179
1.41797
1.41805
1.4181
1.41812
1.41811
1.41811
1.41809
1.41803
1.41796
1.41788
1.41778
1.41775
1.41785
1.41856
0.62007
0.62015
0.637393
0.890412
1.29255
1.41906
1.42102
1.41757
1.4183
1.41691
1.41583
1.41656
1.41928
1.42077
1.42059
1.42003
1.41917
1.4181
1.4175
1.41718
1.41704
1.41707
1.41721
1.41745
1.41769
1.41797
1.41822
1.41835
1.41844
1.41856
1.41872
1.4189
1.41896
1.41885
1.4186
1.41822
1.41775
1.41733
1.41709
1.41702
1.4171
1.41723
1.41734
1.41747
1.41759
1.4177
1.41781
1.41787
1.41786
1.41781
1.41775
1.41772
1.41772
1.41776
1.41783
1.41792
1.41798
1.41799
1.41798
1.418
1.41804
1.41805
1.41805
1.41805
1.41803
1.41798
1.41797
1.41863
0.62007
0.62007
0.620139
0.634913
0.877545
1.27639
1.4105
1.42029
1.42172
1.41613
1.41356
1.41587
1.41825
1.41885
1.41878
1.41889
1.41841
1.41764
1.41729
1.41712
1.41712
1.4172
1.41742
1.41784
1.41828
1.41859
1.41879
1.41885
1.41882
1.41881
1.41888
1.41893
1.41886
1.41865
1.41836
1.41798
1.41756
1.41724
1.41711
1.41708
1.41715
1.41723
1.41726
1.41728
1.41733
1.41743
1.41758
1.41777
1.41788
1.41792
1.41789
1.41779
1.41771
1.41767
1.41766
1.4177
1.41773
1.41776
1.41782
1.4179
1.418
1.4181
1.41817
1.41822
1.41825
1.41825
1.41813
1.41875
0.62007
0.62007
0.62007
0.620124
0.633064
0.848767
1.26646
1.4219
1.42466
1.40963
1.41054
1.41601
1.41788
1.41674
1.4165
1.41692
1.41704
1.41694
1.41685
1.4169
1.41701
1.41719
1.4175
1.41801
1.41854
1.41882
1.41896
1.41899
1.41891
1.41883
1.41886
1.4188
1.4186
1.41833
1.41806
1.41778
1.41753
1.41735
1.41729
1.41734
1.41741
1.41741
1.41734
1.41726
1.41727
1.41737
1.41754
1.41779
1.41798
1.41805
1.41803
1.41792
1.41775
1.41763
1.41755
1.41753
1.4176
1.41772
1.41785
1.41796
1.41806
1.41819
1.41832
1.41838
1.41839
1.41844
1.4184
1.419
0.62007
0.62007
0.62007
0.62007
0.620114
0.629895
0.825882
1.27452
1.40564
1.40079
1.41554
1.42305
1.421
1.41817
1.41678
1.41622
1.41612
1.41634
1.41671
1.41693
1.41685
1.41679
1.41696
1.4175
1.41825
1.41863
1.41878
1.41884
1.41871
1.41852
1.41845
1.41834
1.41818
1.418
1.41779
1.41767
1.41767
1.41767
1.41769
1.41772
1.41772
1.41767
1.41755
1.41744
1.41738
1.41743
1.41757
1.41784
1.41815
1.41824
1.41821
1.41806
1.41782
1.41765
1.41758
1.41758
1.41764
1.41778
1.41792
1.41803
1.41814
1.41825
1.41836
1.41844
1.4185
1.41858
1.41864
1.41944
0.62007
0.62007
0.62007
0.62007
0.62007
0.620097
0.627744
0.822653
1.23545
1.38192
1.43186
1.43035
1.42526
1.4216
1.41861
1.41647
1.41578
1.41628
1.417
1.41709
1.41687
1.41641
1.41638
1.4167
1.41742
1.41812
1.41838
1.41848
1.41831
1.41793
1.41776
1.41767
1.41764
1.41776
1.41787
1.41797
1.41805
1.41807
1.41801
1.41791
1.41781
1.4177
1.41757
1.41754
1.41756
1.41762
1.4178
1.41809
1.41845
1.41864
1.41863
1.41851
1.41826
1.41794
1.41776
1.41772
1.41775
1.41788
1.41804
1.41813
1.41818
1.41823
1.41831
1.41842
1.41853
1.41869
1.41886
1.41993
0.62007
0.62007
0.62007
0.62007
0.62007
0.62007
0.62009
0.626934
0.789738
1.17881
1.41714
1.42811
1.42257
1.4214
1.41795
1.41632
1.41603
1.4173
1.41833
1.4181
1.41745
1.41647
1.41624
1.4165
1.41705
1.41778
1.41815
1.41827
1.41811
1.41764
1.41735
1.4172
1.4172
1.41746
1.41793
1.41839
1.41852
1.41853
1.4184
1.41808
1.4178
1.41761
1.41747
1.41748
1.41759
1.41778
1.41804
1.41834
1.41867
1.41891
1.41893
1.41886
1.41866
1.41835
1.41801
1.41788
1.41788
1.41795
1.41808
1.41813
1.41812
1.4181
1.41811
1.41821
1.41844
1.41877
1.41905
1.4204
0.62007
0.62007
0.62007
0.62007
0.62007
0.62007
0.62007
0.620085
0.624353
0.752782
1.18525
1.3762
1.4112
1.41714
1.4163
1.41564
1.41707
1.41862
1.41975
1.41939
1.41884
1.41776
1.41683
1.41686
1.41721
1.41787
1.41822
1.41827
1.41802
1.41753
1.41715
1.41704
1.41709
1.41735
1.41795
1.4187
1.41892
1.41889
1.4186
1.41798
1.41742
1.41719
1.41717
1.41734
1.41758
1.41783
1.41811
1.41841
1.41873
1.419
1.41911
1.41907
1.41894
1.41869
1.41832
1.41805
1.41799
1.41802
1.41812
1.41817
1.41813
1.41807
1.41805
1.41808
1.41825
1.41864
1.41918
1.42078
0.62007
0.62007
0.62007
0.62007
0.62007
0.62007
0.62007
0.62007
0.620078
0.622687
0.740626
1.12635
1.3929
1.4332
1.41998
1.41438
1.41614
1.41814
1.41935
1.41955
1.41946
1.41877
1.41827
1.41834
1.41849
1.41871
1.4187
1.41852
1.4182
1.41778
1.41737
1.41712
1.41719
1.41748
1.41815
1.41896
1.41925
1.41912
1.41867
1.41789
1.41711
1.41681
1.41681
1.417
1.41736
1.41773
1.41805
1.41837
1.41868
1.41898
1.41916
1.41916
1.41907
1.41886
1.4185
1.41816
1.41806
1.41809
1.41816
1.41821
1.41818
1.41809
1.41804
1.41807
1.4182
1.41855
1.41921
1.42109
0.62007
0.62007
0.62007
0.62007
0.62007
0.62007
0.62007
0.62007
0.62007
0.620074
0.622133
0.711736
1.09007
1.37164
1.40417
1.4105
1.4141
1.41802
1.41885
1.41929
1.41888
1.41886
1.4194
1.41988
1.41984
1.41957
1.41912
1.41855
1.41806
1.41774
1.41754
1.41741
1.41761
1.418
1.4186
1.41929
1.41956
1.41926
1.41871
1.41792
1.41706
1.4167
1.41671
1.41689
1.41725
1.41768
1.41803
1.41833
1.41861
1.41888
1.41908
1.41909
1.419
1.41879
1.41845
1.41811
1.41803
1.41809
1.41821
1.41832
1.41832
1.41821
1.41809
1.41809
1.41824
1.41861
1.41933
1.42149
0.62007
0.62007
0.62007
0.62007
0.62007
0.62007
0.62007
0.62007
0.62007
0.62007
0.620073
0.621222
0.687275
1.04049
1.35771
1.42015
1.4227
1.4199
1.41788
1.4165
1.41659
1.41781
1.41968
1.42062
1.4207
1.41992
1.41866
1.41772
1.41742
1.41737
1.41744
1.41772
1.41822
1.41871
1.41917
1.41952
1.4195
1.41917
1.41864
1.41793
1.41716
1.41683
1.41678
1.41689
1.41715
1.41749
1.41781
1.41807
1.41832
1.41852
1.41864
1.41866
1.41861
1.41845
1.41821
1.41797
1.41794
1.41803
1.41819
1.41839
1.41847
1.41842
1.41831
1.41822
1.41835
1.41873
1.41959
1.42208
0.62007
0.62007
0.62007
0.62007
0.62007
0.62007
0.62007
0.62007
0.62007
0.62007
0.62007
0.620071
0.62074
0.670111
0.985028
1.31931
1.41744
1.42025
1.41918
1.41587
1.41523
1.41722
1.41988
1.42089
1.42036
1.41913
1.41783
1.41715
1.41707
1.41726
1.41765
1.4182
1.4188
1.41928
1.41955
1.4196
1.41937
1.41899
1.41853
1.41794
1.41737
1.41708
1.41698
1.41703
1.41719
1.41748
1.41778
1.41803
1.41827
1.41845
1.41844
1.41837
1.41826
1.41807
1.41782
1.41767
1.41773
1.41789
1.41812
1.41836
1.41853
1.41855
1.41853
1.41849
1.4186
1.41904
1.42004
1.4229
0.62007
0.62007
0.62007
0.62007
0.62007
0.62007
0.62007
0.62007
0.62007
0.62007
0.62007
0.62007
0.620071
0.62046
0.651221
0.910212
1.31053
1.415
1.4212
1.42088
1.41712
1.41777
1.41916
1.42012
1.41943
1.41826
1.41725
1.41714
1.41744
1.41785
1.4184
1.41889
1.41919
1.41941
1.4195
1.41939
1.41907
1.41878
1.41853
1.41818
1.4178
1.41749
1.41727
1.41724
1.41736
1.4177
1.41813
1.41845
1.41865
1.41866
1.41855
1.41838
1.41815
1.41789
1.41761
1.41747
1.41752
1.41766
1.41791
1.41825
1.41849
1.41857
1.41861
1.41869
1.41891
1.41949
1.42071
1.42399
0.62007
0.62007
0.62007
0.62007
0.62007
0.62007
0.62007
0.62007
0.62007
0.62007
0.62007
0.62007
0.62007
0.620071
0.62023
0.638181
0.871992
1.25031
1.41581
1.42346
1.41908
1.41673
1.41882
1.41944
1.41832
1.41719
1.41664
1.41707
1.41784
1.4186
1.41911
1.41925
1.41915
1.41916
1.41896
1.41866
1.41847
1.41842
1.41846
1.41837
1.41814
1.41778
1.41745
1.41732
1.41744
1.41781
1.41835
1.41889
1.41917
1.41917
1.41895
1.41858
1.4182
1.41786
1.41756
1.41743
1.41746
1.41755
1.41772
1.41801
1.41834
1.41854
1.41864
1.41879
1.41914
1.41993
1.42149
1.4253
0.62007
0.62007
0.62007
0.62007
0.62007
0.62007
0.62007
0.62007
0.62007
0.62007
0.62007
0.62007
0.62007
0.62007
0.62007
0.620141
0.631305
0.815564
1.21811
1.38249
1.40929
1.41415
1.41732
1.41738
1.41651
1.41552
1.41563
1.4166
1.41805
1.41897
1.41916
1.41902
1.41871
1.41851
1.41809
1.41783
1.41782
1.41808
1.41838
1.41843
1.41826
1.4179
1.41746
1.41722
1.41734
1.41772
1.41834
1.41898
1.41935
1.4194
1.41921
1.41885
1.41838
1.41791
1.41761
1.4175
1.4175
1.41754
1.41765
1.41786
1.41815
1.41839
1.41856
1.41883
1.41934
1.42039
1.42233
1.42672
0.62007
0.62007
0.62007
0.62007
0.62007
0.62007
0.62007
0.62007
0.62007
0.62007
0.62007
0.62007
0.62007
0.62007
0.62007
0.62007
0.620103
0.626501
0.75558
1.14487
1.38617
1.42659
1.42117
1.41444
1.41484
1.41499
1.41544
1.41637
1.41779
1.41854
1.41872
1.4186
1.41832
1.41803
1.41765
1.41749
1.41757
1.4179
1.41823
1.41836
1.41816
1.41777
1.41724
1.41685
1.41694
1.4173
1.41791
1.41871
1.41923
1.41932
1.41919
1.4189
1.41855
1.41817
1.41785
1.41768
1.41764
1.41762
1.41766
1.41783
1.41809
1.41828
1.41848
1.41881
1.41947
1.4208
1.4232
1.42817
0.62007
0.62007
0.62007
0.62007
0.62007
0.62007
0.62007
0.62007
0.62007
0.62007
0.62007
0.62007
0.62007
0.62007
0.62007
0.62007
0.62007
0.620083
0.622543
0.719442
1.07709
1.38144
1.4066
1.41339
1.41622
1.41756
1.41755
1.4178
1.41807
1.41817
1.41804
1.41803
1.41808
1.41814
1.41797
1.41765
1.4177
1.41793
1.41813
1.41824
1.41798
1.4176
1.41713
1.41677
1.4168
1.41707
1.41746
1.418
1.41855
1.4188
1.41881
1.4187
1.4185
1.41825
1.418
1.41783
1.41778
1.41776
1.4178
1.41792
1.41812
1.4183
1.41848
1.41885
1.41965
1.42128
1.42415
1.42956
0.62007
0.62007
0.62007
0.62007
0.62007
0.62007
0.62007
0.62007
0.62007
0.62007
0.62007
0.62007
0.62007
0.62007
0.62007
0.62007
0.62007
0.62007
0.620074
0.621507
0.682309
1.01149
1.31983
1.42501
1.42529
1.42241
1.42078
1.42036
1.42017
1.4189
1.41799
1.41799
1.41833
1.41873
1.41885
1.41876
1.41854
1.41836
1.41825
1.41813
1.41787
1.41755
1.41719
1.41691
1.4169
1.41705
1.41731
1.41764
1.41792
1.41813
1.41826
1.41831
1.41828
1.4182
1.41804
1.41784
1.41777
1.41775
1.41784
1.41806
1.41828
1.41843
1.41859
1.41898
1.41995
1.42193
1.42529
1.43089
0.62007
0.62007
0.62007
0.62007
0.62007
0.62007
0.62007
0.62007
0.62007
0.62007
0.62007
0.62007
0.62007
0.62007
0.62007
0.62007
0.62007
0.62007
0.62007
0.620072
0.620641
0.656631
0.914274
1.29862
1.39651
1.41479
1.42039
1.42182
1.4211
1.41943
1.41778
1.41763
1.4183
1.41905
1.41936
1.41949
1.41931
1.419
1.41865
1.41833
1.41816
1.41797
1.41765
1.4175
1.41749
1.41748
1.41754
1.41765
1.4178
1.41795
1.4181
1.4182
1.4182
1.41811
1.41791
1.4177
1.41763
1.41765
1.41781
1.41811
1.41838
1.41857
1.41881
1.41923
1.42039
1.42277
1.42659
1.43218
0.62007
0.62007
0.62007
0.62007
0.62007
0.62007
0.62007
0.62007
0.62007
0.62007
0.62007
0.62007
0.62007
0.62007
0.62007
0.62007
0.62007
0.62007
0.62007
0.62007
0.620071
0.62028
0.638169
0.841154
1.22431
1.40418
1.42694
1.42541
1.41803
1.41779
1.41712
1.41708
1.41758
1.41828
1.41901
1.41927
1.41914
1.41903
1.41878
1.41861
1.41857
1.41829
1.41792
1.41779
1.41777
1.41791
1.41802
1.4181
1.4181
1.4181
1.41818
1.41828
1.41828
1.41818
1.41792
1.41759
1.41744
1.41744
1.41765
1.41807
1.41841
1.41864
1.41894
1.41949
1.42094
1.42378
1.428
1.43329
0.62007
0.62007
0.62007
0.62007
0.62007
0.62007
0.62007
0.62007
0.62007
0.62007
0.62007
0.62007
0.62007
0.62007
0.62007
0.62007
0.62007
0.62007
0.62007
0.62007
0.62007
0.62007
0.620139
0.627748
0.778881
1.16277
1.37055
1.40867
1.4129
1.41667
1.41663
1.41703
1.41727
1.41759
1.41789
1.41808
1.41803
1.41819
1.41856
1.41869
1.41871
1.4183
1.41783
1.4177
1.41771
1.41795
1.41817
1.41832
1.41847
1.41856
1.41867
1.41876
1.41872
1.41853
1.41811
1.41761
1.41741
1.41739
1.41758
1.41803
1.41842
1.41869
1.41906
1.4198
1.42161
1.42494
1.42945
1.43412
0.62007
0.62007
0.62007
0.62007
0.62007
0.62007
0.62007
0.62007
0.62007
0.62007
0.62007
0.62007
0.62007
0.62007
0.62007
0.62007
0.62007
0.62007
0.62007
0.62007
0.62007
0.62007
0.62007
0.620089
0.623925
0.716171
1.06236
1.34755
1.426
1.42546
1.42054
1.41875
1.41788
1.41819
1.41824
1.41784
1.41742
1.4173
1.41789
1.4184
1.41844
1.41809
1.41747
1.41722
1.41721
1.41752
1.41794
1.41826
1.41849
1.4187
1.41894
1.4191
1.41908
1.41887
1.41837
1.4178
1.41755
1.4175
1.41768
1.41814
1.41853
1.41881
1.41924
1.4202
1.4224
1.42624
1.43081
1.43465
0.62007
0.62007
0.62007
0.62007
0.62007
0.62007
0.62007
0.62007
0.62007
0.62007
0.62007
0.62007
0.62007
0.62007
0.62007
0.62007
0.62007
0.62007
0.62007
0.62007
0.62007
0.62007
0.62007
0.62007
0.620076
0.621283
0.676246
0.957152
1.32804
1.4004
1.4142
1.41848
1.42065
1.42028
1.41901
1.41777
1.41722
1.41718
1.41783
1.41835
1.41834
1.41798
1.41735
1.41697
1.4169
1.41701
1.41724
1.41759
1.41804
1.41852
1.41897
1.41915
1.41916
1.41897
1.41847
1.41794
1.41777
1.41774
1.41799
1.41847
1.41878
1.41908
1.41958
1.4208
1.42342
1.42766
1.43201
1.43496
0.62007
0.62007
0.62007
0.62007
0.62007
0.62007
0.62007
0.62007
0.62007
0.62007
0.62007
0.62007
0.62007
0.62007
0.62007
0.62007
0.62007
0.62007
0.62007
0.62007
0.62007
0.62007
0.62007
0.62007
0.62007
0.620071
0.620541
0.645262
0.878537
1.23275
1.41037
1.4289
1.42887
1.4221
1.41802
1.41751
1.41811
1.41889
1.41921
1.41897
1.41854
1.41801
1.41753
1.4172
1.41699
1.4169
1.41695
1.41712
1.4175
1.41816
1.41878
1.419
1.41903
1.41881
1.41829
1.4179
1.41782
1.41786
1.41823
1.41872
1.41901
1.41936
1.42003
1.42162
1.42471
1.42916
1.43307
1.43521
0.62007
0.62007
0.62007
0.62007
0.62007
0.62007
0.62007
0.62007
0.62007
0.62007
0.62007
0.62007
0.62007
0.62007
0.62007
0.62007
0.62007
0.62007
0.62007
0.62007
0.62007
0.62007
0.62007
0.62007
0.62007
0.62007
0.620071
0.620187
0.631395
0.784631
1.16614
1.36496
1.41473
1.4146
1.41402
1.4164
1.41955
1.42034
1.42021
1.41937
1.41865
1.41823
1.41815
1.41809
1.41776
1.41724
1.41702
1.41708
1.41741
1.41812
1.41875
1.41892
1.41891
1.41854
1.41794
1.41771
1.4177
1.41789
1.41837
1.41887
1.41918
1.41962
1.42053
1.42257
1.42614
1.4306
1.43395
1.43541
0.62007
0.62007
0.62007
0.62007
0.62007
0.62007
0.62007
0.62007
0.62007
0.62007
0.62007
0.62007
0.62007
0.62007
0.62007
0.62007
0.62007
0.62007
0.62007
0.62007
0.62007
0.62007
0.62007
0.62007
0.62007
0.62007
0.62007
0.62007
0.620102
0.624084
0.71719
1.05499
1.35241
1.42412
1.42085
1.42097
1.42136
1.41948
1.4185
1.41762
1.41755
1.41802
1.4186
1.41863
1.41821
1.41744
1.4171
1.41717
1.41753
1.41827
1.41882
1.41894
1.41886
1.41838
1.4178
1.41766
1.4177
1.41794
1.41843
1.4189
1.41922
1.41975
1.42097
1.42353
1.42752
1.43179
1.43451
1.43551
0.62007
0.62007
0.62007
0.62007
0.62007
0.62007
0.62007
0.62007
0.62007
0.62007
0.62007
0.62007
0.62007
0.62007
0.62007
0.62007
0.62007
0.62007
0.62007
0.62007
0.62007
0.62007
0.62007
0.62007
0.62007
0.62007
0.62007
0.62007
0.62007
0.620077
0.621299
0.673486
0.942916
1.30427
1.39505
1.41411
1.41678
1.41348
1.41481
1.41562
1.41642
1.41775
1.41857
1.41835
1.41771
1.41689
1.41669
1.41691
1.41751
1.41832
1.41879
1.41885
1.41874
1.41831
1.41777
1.41768
1.41777
1.41804
1.41852
1.41895
1.41929
1.41998
1.42155
1.42454
1.42873
1.43259
1.43467
1.43544
0.62007
0.62007
0.62007
0.62007
0.62007
0.62007
0.62007
0.62007
0.62007
0.62007
0.62007
0.62007
0.62007
0.62007
0.62007
0.62007
0.62007
0.62007
0.62007
0.62007
0.62007
0.62007
0.62007
0.62007
0.62007
0.62007
0.62007
0.62007
0.62007
0.62007
0.620071
0.620493
0.640651
0.846064
1.20074
1.40806
1.41982
1.41787
1.41717
1.41689
1.41729
1.41814
1.41825
1.41775
1.4171
1.41644
1.41628
1.41651
1.41694
1.41766
1.41828
1.41839
1.41838
1.41815
1.41776
1.41772
1.41785
1.41811
1.41857
1.41901
1.41945
1.4204
1.42234
1.42571
1.42991
1.43326
1.4347
1.43535
0.62007
0.62007
0.62007
0.62007
0.62007
0.62007
0.62007
0.62007
0.62007
0.62007
0.62007
0.62007
0.62007
0.62007
0.62007
0.62007
0.62007
0.62007
0.62007
0.62007
0.62007
0.62007
0.62007
0.62007
0.62007
0.62007
0.62007
0.62007
0.62007
0.62007
0.62007
0.620071
0.620153
0.628302
0.749465
1.11533
1.34619
1.42485
1.42617
1.42218
1.42013
1.41914
1.41879
1.41819
1.41774
1.41742
1.41712
1.41689
1.41685
1.41703
1.41749
1.41782
1.41795
1.41796
1.41773
1.41765
1.41776
1.41797
1.41843
1.41904
1.41969
1.42091
1.42328
1.42698
1.43101
1.4338
1.4348
1.43538
0.62007
0.62007
0.62007
0.62007
0.62007
0.62007
0.62007
0.62007
0.62007
0.62007
0.62007
0.62007
0.62007
0.62007
0.62007
0.62007
0.62007
0.62007
0.62007
0.62007
0.62007
0.62007
0.62007
0.62007
0.62007
0.62007
0.62007
0.62007
0.62007
0.62007
0.62007
0.62007
0.62007
0.620089
0.622451
0.688794
0.971515
1.3208
1.41173
1.41524
1.42073
1.42194
1.41976
1.41911
1.41889
1.41897
1.41894
1.41836
1.4175
1.4172
1.41724
1.41765
1.41793
1.41803
1.41792
1.4177
1.4177
1.41783
1.4182
1.41895
1.41993
1.42149
1.42431
1.42823
1.43193
1.43415
1.43491
1.4355
0.62007
0.62007
0.62007
0.62007
0.62007
0.62007
0.62007
0.62007
0.62007
0.62007
0.62007
0.62007
0.62007
0.62007
0.62007
0.62007
0.62007
0.62007
0.62007
0.62007
0.62007
0.62007
0.62007
0.62007
0.62007
0.62007
0.62007
0.62007
0.62007
0.62007
0.62007
0.62007
0.62007
0.62007
0.620073
0.620691
0.648215
0.862522
1.22485
1.38796
1.42929
1.42638
1.41767
1.41753
1.41811
1.41869
1.41899
1.41864
1.4179
1.41765
1.41774
1.41803
1.41836
1.4185
1.41849
1.41817
1.41785
1.41786
1.41816
1.41899
1.42022
1.42213
1.42531
1.42929
1.43249
1.43424
1.43496
1.43568
0.62007
0.62007
0.62007
0.62007
0.62007
0.62007
0.62007
0.62007
0.62007
0.62007
0.62007
0.62007
0.62007
0.62007
0.62007
0.62007
0.62007
0.62007
0.62007
0.62007
0.62007
0.62007
0.62007
0.62007
0.62007
0.62007
0.62007
0.62007
0.62007
0.62007
0.62007
0.62007
0.62007
0.62007
0.62007
0.620071
0.620209
0.629398
0.767184
1.10887
1.37862
1.40249
1.40932
1.41363
1.41752
1.41772
1.41717
1.41695
1.41713
1.41745
1.41774
1.41799
1.41837
1.41865
1.41873
1.41852
1.41814
1.41808
1.41836
1.41922
1.42072
1.42303
1.42646
1.43024
1.4329
1.43422
1.43493
1.43579
0.62007
0.62007
0.62007
0.62007
0.62007
0.62007
0.62007
0.62007
0.62007
0.62007
0.62007
0.62007
0.62007
0.62007
0.62007
0.62007
0.62007
0.62007
0.62007
0.62007
0.62007
0.62007
0.62007
0.62007
0.62007
0.62007
0.62007
0.62007
0.62007
0.62007
0.62007
0.62007
0.62007
0.62007
0.62007
0.62007
0.62007
0.620094
0.62314
0.690068
0.987755
1.29002
1.4199
1.42944
1.42746
1.42018
1.4157
1.41502
1.41558
1.41656
1.41729
1.4177
1.41808
1.4183
1.41843
1.41836
1.41804
1.41804
1.41848
1.41958
1.42146
1.42421
1.42784
1.43128
1.43335
1.43432
1.43498
1.43587
0.62007
0.62007
0.62007
0.62007
0.62007
0.62007
0.62007
0.62007
0.62007
0.62007
0.62007
0.62007
0.62007
0.62007
0.62007
0.62007
0.62007
0.62007
0.62007
0.62007
0.62007
0.62007
0.62007
0.62007
0.62007
0.62007
0.62007
0.62007
0.62007
0.62007
0.62007
0.62007
0.62007
0.62007
0.62007
0.62007
0.62007
0.62007
0.620074
0.62076
0.649121
0.846593
1.22158
1.37688
1.41559
1.4155
1.41423
1.4154
1.41716
1.41765
1.41789
1.41807
1.41824
1.41835
1.41825
1.41789
1.41767
1.41786
1.41852
1.4199
1.42217
1.42534
1.42909
1.43215
1.43372
1.43448
1.43512
1.43605
0.62007
0.62007
0.62007
0.62007
0.62007
0.62007
0.62007
0.62007
0.62007
0.62007
0.62007
0.62007
0.62007
0.62007
0.62007
0.62007
0.62007
0.62007
0.62007
0.62007
0.62007
0.62007
0.62007
0.62007
0.62007
0.62007
0.62007
0.62007
0.62007
0.62007
0.62007
0.62007
0.62007
0.62007
0.62007
0.62007
0.62007
0.62007
0.62007
0.620071
0.620216
0.628524
0.748231
1.08415
1.34989
1.42396
1.42415
1.4226
1.42285
1.41995
1.41882
1.41865
1.41887
1.41891
1.41844
1.41766
1.41754
1.41785
1.41868
1.42031
1.42288
1.42633
1.43005
1.43266
1.43393
1.43465
1.43535
1.43633
0.62007
0.62007
0.62007
0.62007
0.62007
0.62007
0.62007
0.62007
0.62007
0.62007
0.62007
0.62007
0.62007
0.62007
0.62007
0.62007
0.62007
0.62007
0.62007
0.62007
0.62007
0.62007
0.62007
0.62007
0.62007
0.62007
0.62007
0.62007
0.62007
0.62007
0.62007
0.62007
0.62007
0.62007
0.62007
0.62007
0.62007
0.62007
0.62007
0.62007
0.62007
0.620089
0.622193
0.682094
0.940565
1.29013
1.38704
1.41174
1.41848
1.41445
1.41559
1.41765
1.41916
1.41938
1.41881
1.41784
1.4177
1.41817
1.41928
1.42115
1.4239
1.42742
1.43085
1.43297
1.43404
1.43481
1.43559
1.43662
0.62007
0.62007
0.62007
0.62007
0.62007
0.62007
0.62007
0.62007
0.62007
0.62007
0.62007
0.62007
0.62007
0.62007
0.62007
0.62007
0.62007
0.62007
0.62007
0.62007
0.62007
0.62007
0.62007
0.62007
0.62007
0.62007
0.62007
0.62007
0.62007
0.62007
0.62007
0.62007
0.62007
0.62007
0.62007
0.62007
0.62007
0.62007
0.62007
0.62007
0.62007
0.62007
0.620073
0.620613
0.639779
0.818986
1.1519
1.39163
1.41518
1.41173
1.41575
1.41863
1.4196
1.41922
1.41811
1.4171
1.41735
1.41825
1.41981
1.42209
1.425
1.42854
1.43157
1.43318
1.43415
1.43496
1.43591
1.43689
0.62007
0.62007
0.62007
0.62007
0.62007
0.62007
0.62007
0.62007
0.62007
0.62007
0.62007
0.62007
0.62007
0.62007
0.62007
0.62007
0.62007
0.62007
0.62007
0.62007
0.62007
0.62007
0.62007
0.62007
0.62007
0.62007
0.62007
0.62007
0.62007
0.62007
0.62007
0.62007
0.62007
0.62007
0.62007
0.62007
0.62007
0.62007
0.62007
0.62007
0.62007
0.62007
0.62007
0.620071
0.620148
0.625816
0.713638
1.02522
1.30449
1.4128
1.42758
1.42649
1.42074
1.41895
1.41752
1.41662
1.4172
1.4184
1.42043
1.42299
1.42601
1.42938
1.43178
1.4331
1.43415
1.43511
1.43624
1.43716
0.62007
0.62007
0.62007
0.62007
0.62007
0.62007
0.62007
0.62007
0.62007
0.62007
0.62007
0.62007
0.62007
0.62007
0.62007
0.62007
0.62007
0.62007
0.62007
0.62007
0.62007
0.62007
0.62007
0.62007
0.62007
0.62007
0.62007
0.62007
0.62007
0.62007
0.62007
0.62007
0.62007
0.62007
0.62007
0.62007
0.62007
0.62007
0.62007
0.62007
0.62007
0.62007
0.62007
0.62007
0.62007
0.620081
0.621272
0.655988
0.865869
1.21766
1.39165
1.40913
1.41234
1.41625
1.41799
1.41813
1.41837
1.41929
1.42127
1.42391
1.42696
1.42998
1.43167
1.43282
1.43394
1.43512
1.43651
1.43746
0.62007
0.62007
0.62007
0.62007
0.62007
0.62007
0.62007
0.62007
0.62007
0.62007
0.62007
0.62007
0.62007
0.62007
0.62007
0.62007
0.62007
0.62007
0.62007
0.62007
0.62007
0.62007
0.62007
0.62007
0.62007
0.62007
0.62007
0.62007
0.62007
0.62007
0.62007
0.62007
0.62007
0.62007
0.62007
0.62007
0.62007
0.62007
0.62007
0.62007
0.62007
0.62007
0.62007
0.62007
0.62007
0.62007
0.620071
0.62027
0.630435
0.744974
1.07993
1.3243
1.42259
1.42681
1.42562
1.42042
1.41876
1.41943
1.42161
1.42453
1.42786
1.43072
1.43197
1.43294
1.43401
1.43521
1.43664
1.43765
0.62007
0.62007
0.62007
0.62007
0.62007
0.62007
0.62007
0.62007
0.62007
0.62007
0.62007
0.62007
0.62007
0.62007
0.62007
0.62007
0.62007
0.62007
0.62007
0.62007
0.62007
0.62007
0.62007
0.62007
0.62007
0.62007
0.62007
0.62007
0.62007
0.62007
0.62007
0.62007
0.62007
0.62007
0.62007
0.62007
0.62007
0.62007
0.62007
0.62007
0.62007
0.62007
0.62007
0.62007
0.62007
0.62007
0.62007
0.62007
0.620097
0.622104
0.676112
0.903925
1.27074
1.38456
1.41169
1.41292
1.41361
1.41651
1.42079
1.42503
1.42885
1.43161
1.43274
1.43346
1.43436
1.43541
1.43669
1.43756
0.62007
0.62007
0.62007
0.62007
0.62007
0.62007
0.62007
0.62007
0.62007
0.62007
0.62007
0.62007
0.62007
0.62007
0.62007
0.62007
0.62007
0.62007
0.62007
0.62007
0.62007
0.62007
0.62007
0.62007
0.62007
0.62007
0.62007
0.62007
0.62007
0.62007
0.62007
0.62007
0.62007
0.62007
0.62007
0.62007
0.62007
0.62007
0.62007
0.62007
0.62007
0.62007
0.62007
0.62007
0.62007
0.62007
0.62007
0.62007
0.62007
0.620073
0.620527
0.634918
0.784743
1.10685
1.35771
1.42456
1.42255
1.42324
1.42636
1.42716
1.43011
1.43242
1.43316
1.43369
1.43447
1.43551
1.43678
1.43746
0.62007
0.62007
0.62007
0.62007
0.62007
0.62007
0.62007
0.62007
0.62007
0.62007
0.62007
0.62007
0.62007
0.62007
0.62007
0.62007
0.62007
0.62007
0.62007
0.62007
0.62007
0.62007
0.62007
0.62007
0.62007
0.62007
0.62007
0.62007
0.62007
0.62007
0.62007
0.62007
0.62007
0.62007
0.62007
0.62007
0.62007
0.62007
0.62007
0.62007
0.62007
0.62007
0.62007
0.62007
0.62007
0.62007
0.62007
0.62007
0.62007
0.62007
0.620071
0.620119
0.623639
0.689352
0.947751
1.27224
1.38479
1.42574
1.42887
1.42621
1.43032
1.4324
1.43299
1.43338
1.43437
1.43583
1.43735
1.43791
0.62007
0.62007
0.62007
0.62007
0.62007
0.62007
0.62007
0.62007
0.62007
0.62007
0.62007
0.62007
0.62007
0.62007
0.62007
0.62007
0.62007
0.62007
0.62007
0.62007
0.62007
0.62007
0.62007
0.62007
0.62007
0.62007
0.62007
0.62007
0.62007
0.62007
0.62007
0.62007
0.62007
0.62007
0.62007
0.62007
0.62007
0.62007
0.62007
0.62007
0.62007
0.62007
0.62007
0.62007
0.62007
0.62007
0.62007
0.62007
0.62007
0.62007
0.62007
0.62007
0.620075
0.620727
0.639975
0.800604
1.11837
1.38075
1.41108
1.41802
1.42723
1.43238
1.43344
1.434
1.43491
1.4366
1.43801
1.43837
0.62007
0.62007
0.62007
0.62007
0.62007
0.62007
0.62007
0.62007
0.62007
0.62007
0.62007
0.62007
0.62007
0.62007
0.62007
0.62007
0.62007
0.62007
0.62007
0.62007
0.62007
0.62007
0.62007
0.62007
0.62007
0.62007
0.62007
0.62007
0.62007
0.62007
0.62007
0.62007
0.62007
0.62007
0.62007
0.62007
0.62007
0.62007
0.62007
0.62007
0.62007
0.62007
0.62007
0.62007
0.62007
0.62007
0.62007
0.62007
0.62007
0.62007
0.62007
0.62007
0.62007
0.620071
0.620144
0.624733
0.691999
0.966191
1.26199
1.41767
1.44512
1.44395
1.43774
1.4349
1.43535
1.43662
1.43732
1.43743
0.62007
0.62007
0.62007
0.62007
0.62007
0.62007
0.62007
0.62007
0.62007
0.62007
0.62007
0.62007
0.62007
0.62007
0.62007
0.62007
0.62007
0.62007
0.62007
0.62007
0.62007
0.62007
0.62007
0.62007
0.62007
0.62007
0.62007
0.62007
0.62007
0.62007
0.62007
0.62007
0.62007
0.62007
0.62007
0.62007
0.62007
0.62007
0.62007
0.62007
0.62007
0.62007
0.62007
0.62007
0.62007
0.62007
0.62007
0.62007
0.62007
0.62007
0.62007
0.62007
0.62007
0.62007
0.62007
0.620078
0.620778
0.642909
0.798313
1.15986
1.36712
1.41872
1.42681
1.43084
1.43239
1.43431
1.43604
1.43687
0.62007
0.62007
0.62007
0.62007
0.62007
0.62007
0.62007
0.62007
0.62007
0.62007
0.62007
0.62007
0.62007
0.62007
0.62007
0.62007
0.62007
0.62007
0.62007
0.62007
0.62007
0.62007
0.62007
0.62007
0.62007
0.62007
0.62007
0.62007
0.62007
0.62007
0.62007
0.62007
0.62007
0.62007
0.62007
0.62007
0.62007
0.62007
0.62007
0.62007
0.62007
0.62007
0.62007
0.62007
0.62007
0.62007
0.62007
0.62007
0.62007
0.62007
0.62007
0.62007
0.62007
0.62007
0.62007
0.62007
0.620071
0.620166
0.624645
0.703889
0.976649
1.3018
1.42813
1.43754
1.43691
1.43742
1.43826
1.43886
0.62007
0.62007
0.62007
0.62007
0.62007
0.62007
0.62007
0.62007
0.62007
0.62007
0.62007
0.62007
0.62007
0.62007
0.62007
0.62007
0.62007
0.62007
0.62007
0.62007
0.62007
0.62007
0.62007
0.62007
0.62007
0.62007
0.62007
0.62007
0.62007
0.62007
0.62007
0.62007
0.62007
0.62007
0.62007
0.62007
0.62007
0.62007
0.62007
0.62007
0.62007
0.62007
0.62007
0.62007
0.62007
0.62007
0.62007
0.62007
0.62007
0.62007
0.62007
0.62007
0.62007
0.62007
0.62007
0.62007
0.62007
0.62007
0.620078
0.620984
0.646927
0.823619
1.18771
1.37057
1.43719
1.44224
1.44217
1.44014
0.62007
0.62007
0.62007
0.62007
0.62007
0.62007
0.62007
0.62007
0.62007
0.62007
0.62007
0.62007
0.62007
0.62007
0.62007
0.62007
0.62007
0.62007
0.62007
0.62007
0.62007
0.62007
0.62007
0.62007
0.62007
0.62007
0.62007
0.62007
0.62007
0.62007
0.62007
0.62007
0.62007
0.62007
0.62007
0.62007
0.62007
0.62007
0.62007
0.62007
0.62007
0.62007
0.62007
0.62007
0.62007
0.62007
0.62007
0.62007
0.62007
0.62007
0.62007
0.62007
0.62007
0.62007
0.62007
0.62007
0.62007
0.62007
0.62007
0.620071
0.620194
0.625871
0.71819
0.995392
1.3353
1.41274
1.42973
1.43088
0.62007
0.62007
0.62007
0.62007
0.62007
0.62007
0.62007
0.62007
0.62007
0.62007
0.62007
0.62007
0.62007
0.62007
0.62007
0.62007
0.62007
0.62007
0.62007
0.62007
0.62007
0.62007
0.62007
0.62007
0.62007
0.62007
0.62007
0.62007
0.62007
0.62007
0.62007
0.62007
0.62007
0.62007
0.62007
0.62007
0.62007
0.62007
0.62007
0.62007
0.62007
0.62007
0.62007
0.62007
0.62007
0.62007
0.62007
0.62007
0.62007
0.62007
0.62007
0.62007
0.62007
0.62007
0.62007
0.62007
0.62007
0.62007
0.62007
0.62007
0.62007
0.620081
0.621304
0.649389
0.84609
1.17749
1.40679
1.44334
0.62007
0.62007
0.62007
0.62007
0.62007
0.62007
0.62007
0.62007
0.62007
0.62007
0.62007
0.62007
0.62007
0.62007
0.62007
0.62007
0.62007
0.62007
0.62007
0.62007
0.62007
0.62007
0.62007
0.62007
0.62007
0.62007
0.62007
0.62007
0.62007
0.62007
0.62007
0.62007
0.62007
0.62007
0.62007
0.62007
0.62007
0.62007
0.62007
0.62007
0.62007
0.62007
0.62007
0.62007
0.62007
0.62007
0.62007
0.62007
0.62007
0.62007
0.62007
0.62007
0.62007
0.62007
0.62007
0.62007
0.62007
0.62007
0.62007
0.62007
0.62007
0.62007
0.620071
0.620214
0.627423
0.718557
1.0237
1.31519
0.62007
0.62007
0.62007
0.62007
0.62007
0.62007
0.62007
0.62007
0.62007
0.62007
0.62007
0.62007
0.62007
0.62007
0.62007
0.62007
0.62007
0.62007
0.62007
0.62007
0.62007
0.62007
0.62007
0.62007
0.62007
0.62007
0.62007
0.62007
0.62007
0.62007
0.62007
0.62007
0.62007
0.62007
0.62007
0.62007
0.62007
0.62007
0.62007
0.62007
0.62007
0.62007
0.62007
0.62007
0.62007
0.62007
0.62007
0.62007
0.62007
0.62007
0.62007
0.62007
0.62007
0.62007
0.62007
0.62007
0.62007
0.62007
0.62007
0.62007
0.62007
0.62007
0.62007
0.62007
0.620086
0.621264
0.655318
0.822706
0.62007
0.62007
0.62007
0.62007
0.62007
0.62007
0.62007
0.62007
0.62007
0.62007
0.62007
0.62007
0.62007
0.62007
0.62007
0.62007
0.62007
0.62007
0.62007
0.62007
0.62007
0.62007
0.62007
0.62007
0.62007
0.62007
0.62007
0.62007
0.62007
0.62007
0.62007
0.62007
0.62007
0.62007
0.62007
0.62007
0.62007
0.62007
0.62007
0.62007
0.62007
0.62007
0.62007
0.62007
0.62007
0.62007
0.62007
0.62007
0.62007
0.62007
0.62007
0.62007
0.62007
0.62007
0.62007
0.62007
0.62007
0.62007
0.62007
0.62007
0.62007
0.62007
0.62007
0.62007
0.62007
0.620071
0.620506
0.612187
0.62007
0.62007
0.62007
0.62007
0.62007
0.62007
0.62007
0.62007
0.62007
0.62007
0.62007
0.62007
0.62007
0.62007
0.62007
0.62007
0.62007
0.62007
0.62007
0.62007
0.62007
0.62007
0.62007
0.62007
0.62007
0.62007
0.62007
0.62007
0.62007
0.62007
0.62007
0.62007
0.62007
0.62007
0.62007
0.62007
0.62007
0.62007
0.62007
0.62007
0.62007
0.62007
0.62007
0.62007
0.62007
0.62007
0.62007
0.62007
0.62007
0.62007
0.62007
0.62007
0.62007
0.62007
0.62007
0.62007
0.62007
0.62007
0.62007
0.62007
0.62007
0.62007
0.62007
0.62007
0.62007
0.62007
0.620071
0.618978
0.62007
0.62007
0.62007
0.62007
0.62007
0.62007
0.62007
0.62007
0.62007
0.62007
0.62007
0.62007
0.62007
0.62007
0.62007
0.62007
0.62007
0.62007
0.62007
0.62007
0.62007
0.62007
0.62007
0.62007
0.62007
0.62007
0.62007
0.62007
0.62007
0.62007
0.62007
0.62007
0.62007
0.62007
0.62007
0.62007
0.62007
0.62007
0.62007
0.62007
0.62007
0.62007
0.62007
0.62007
0.62007
0.62007
0.62007
0.62007
0.62007
0.62007
0.62007
0.62007
0.62007
0.62007
0.62007
0.62007
0.62007
0.62007
0.62007
0.62007
0.62007
0.62007
0.62007
0.62007
0.62007
0.62007
0.62007
0.620055
0.62007
0.62007
0.62007
0.62007
0.62007
0.62007
0.62007
0.62007
0.62007
0.62007
0.62007
0.62007
0.62007
0.62007
0.62007
0.62007
0.62007
0.62007
0.62007
0.62007
0.62007
0.62007
0.62007
0.62007
0.62007
0.62007
0.62007
0.62007
0.62007
0.62007
0.62007
0.62007
0.62007
0.62007
0.62007
0.62007
0.62007
0.62007
0.62007
0.62007
0.62007
0.62007
0.62007
0.62007
0.62007
0.62007
0.62007
0.62007
0.62007
0.62007
0.62007
0.62007
0.62007
0.62007
0.62007
0.62007
0.62007
0.62007
0.62007
0.62007
0.62007
0.62007
0.62007
0.62007
0.62007
0.62007
0.62007
0.62007
0.62007
0.62007
0.62007
0.62007
0.62007
0.62007
0.62007
0.62007
0.62007
0.62007
0.62007
0.62007
0.62007
0.62007
0.62007
0.62007
0.62007
0.62007
0.62007
0.62007
0.62007
0.62007
0.62007
0.62007
0.62007
0.62007
0.62007
0.62007
0.62007
0.62007
0.62007
0.62007
0.62007
0.62007
0.62007
0.62007
0.62007
0.62007
0.62007
0.62007
0.62007
0.62007
0.62007
0.62007
0.62007
0.62007
0.62007
0.62007
0.62007
0.62007
0.62007
0.62007
0.62007
0.62007
0.62007
0.62007
0.62007
0.62007
0.62007
0.62007
0.62007
0.62007
0.62007
0.62007
0.62007
0.62007
0.62007
0.62007
0.62007
0.62007
0.62007
0.62007
0.62007
0.62007
0.62007
0.62007
0.62007
0.62007
0.62007
0.62007
0.62007
0.62007
0.62007
0.62007
0.62007
0.62007
0.62007
0.62007
0.62007
0.62007
0.62007
0.62007
0.62007
0.62007
0.62007
0.62007
0.62007
0.62007
0.62007
0.62007
0.62007
0.62007
0.62007
0.62007
0.62007
0.62007
0.62007
0.62007
0.62007
0.62007
0.62007
0.62007
0.62007
0.62007
0.62007
0.62007
0.62007
0.62007
0.62007
0.62007
0.62007
0.62007
0.62007
0.62007
0.62007
0.62007
0.62007
0.62007
0.62007
0.62007
0.62007
0.62007
0.62007
0.62007
0.62007
0.62007
0.62007
0.62007
0.62007
0.62007
0.62007
0.62007
0.62007
0.62007
0.62007
0.62007
0.62007
0.62007
0.62007
0.62007
0.62007
0.62007
0.62007
0.62007
0.62007
0.62007
0.62007
0.62007
0.62007
0.62007
0.62007
0.62007
0.62007
0.62007
0.62007
0.62007
0.62007
0.62007
0.62007
0.62007
0.62007
0.62007
0.62007
0.62007
0.62007
0.62007
0.62007
0.62007
0.62007
0.62007
0.62007
0.62007
0.62007
0.62007
0.62007
0.62007
0.62007
0.62007
0.62007
0.62007
0.62007
0.62007
0.62007
0.62007
0.62007
0.62007
0.62007
0.62007
0.62007
0.62007
0.62007
0.62007
0.62007
0.62007
0.62007
0.62007
0.62007
0.62007
0.62007
0.62007
0.62007
0.62007
0.62007
0.62007
0.62007
0.62007
0.62007
0.62007
0.62007
0.62007
0.62007
0.62007
0.62007
0.62007
0.62007
0.62007
0.62007
0.62007
0.62007
0.62007
0.62007
0.62007
0.62007
0.62007
0.62007
0.62007
0.62007
0.62007
0.62007
0.62007
0.62007
0.62007
0.62007
0.62007
0.62007
0.62007
0.62007
0.62007
0.62007
0.62007
0.62007
0.62007
0.62007
0.62007
0.62007
0.62007
0.62007
0.62007
0.62007
0.62007
0.62007
0.62007
0.62007
0.62007
0.62007
0.62007
0.62007
0.62007
0.62007
0.62007
0.62007
0.62007
0.62007
0.62007
0.62007
0.62007
0.62007
0.62007
0.62007
0.62007
0.62007
0.62007
0.62007
0.62007
0.62007
0.62007
0.62007
0.62007
0.62007
0.62007
0.62007
0.62007
0.62007
0.62007
0.62007
0.62007
0.62007
0.62007
0.62007
0.62007
0.62007
0.62007
0.62007
0.62007
0.62007
0.62007
0.62007
0.62007
0.62007
0.62007
0.62007
0.62007
0.62007
0.62007
0.62007
0.62007
0.62007
0.62007
0.62007
0.62007
0.62007
0.62007
0.62007
0.62007
0.62007
0.62007
0.62007
0.62007
0.62007
0.62007
0.62007
0.62007
0.62007
0.62007
0.62007
0.62007
0.62007
0.62007
0.62007
0.62007
0.62007
0.62007
0.62007
0.62007
0.62007
0.62007
0.62007
0.62007
0.62007
0.62007
0.62007
0.62007
0.62007
0.62007
0.62007
0.62007
0.62007
0.62007
0.62007
0.62007
0.62007
0.62007
0.62007
0.62007
0.62007
0.62007
0.62007
0.62007
0.62007
0.62007
0.62007
0.62007
0.62007
0.62007
0.62007
0.62007
0.62007
0.62007
0.62007
0.62007
0.62007
0.62007
0.62007
0.62007
0.62007
0.62007
0.62007
0.62007
0.62007
0.62007
0.62007
0.62007
0.62007
0.62007
0.62007
0.62007
0.62007
0.62007
0.62007
0.62007
0.62007
0.62007
0.62007
0.62007
0.62007
0.62007
0.62007
0.62007
0.62007
0.62007
0.62007
0.62007
0.62007
0.62007
0.62007
0.62007
0.62007
0.62007
0.62007
0.62007
0.62007
0.62007
0.62007
0.62007
0.62007
0.62007
0.62007
0.62007
0.62007
0.62007
0.62007
0.62007
0.62007
0.62007
0.62007
0.62007
0.62007
0.62007
0.62007
0.62007
0.62007
0.62007
0.62007
0.62007
0.62007
0.62007
0.62007
0.62007
0.62007
0.62007
0.62007
0.62007
0.62007
0.62007
0.62007
0.62007
0.62007
0.62007
0.62007
0.62007
0.62007
0.62007
0.62007
0.62007
0.62007
0.62007
0.62007
0.62007
0.62007
0.62007
0.62007
0.62007
0.62007
0.62007
0.62007
0.62007
0.62007
0.62007
0.62007
0.62007
0.62007
0.62007
0.62007
0.62007
0.62007
0.62007
0.62007
0.62007
0.62007
0.62007
0.62007
0.62007
0.62007
0.62007
0.62007
0.62007
0.62007
0.62007
0.62007
0.62007
0.62007
0.62007
0.62007
0.62007
0.62007
0.62007
0.62007
0.62007
0.62007
0.62007
0.62007
0.62007
0.62007
0.62007
0.62007
0.62007
0.62007
0.62007
0.62007
0.62007
0.62007
0.62007
0.62007
0.62007
0.62007
0.62007
0.62007
0.62007
0.62007
0.62007
0.62007
0.62007
0.62007
0.62007
0.62007
0.62007
0.62007
0.62007
0.62007
0.62007
0.62007
0.62007
0.62007
0.62007
0.62007
0.62007
0.62007
0.62007
0.62007
0.62007
0.62007
0.62007
0.62007
0.62007
0.62007
0.62007
0.62007
0.62007
0.62007
0.62007
0.62007
0.62007
0.62007
0.62007
0.62007
0.62007
0.62007
0.62007
0.62007
0.62007
0.62007
0.62007
0.62007
0.62007
0.62007
0.62007
0.62007
0.62007
0.62007
0.62007
0.62007
0.62007
0.62007
0.62007
0.62007
0.62007
0.62007
0.62007
0.62007
0.62007
0.62007
0.62007
0.62007
0.62007
0.62007
0.62007
0.62007
0.62007
0.62007
0.62007
0.62007
0.62007
0.62007
0.62007
0.62007
0.62007
0.62007
0.62007
0.62007
0.62007
0.62007
0.62007
0.62007
0.62007
0.62007
0.62007
0.62007
0.62007
0.62007
0.62007
0.62007
0.62007
0.62007
0.62007
0.62007
0.62007
0.62007
0.62007
0.62007
0.62007
0.62007
0.62007
0.62007
0.62007
0.62007
0.62007
0.62007
0.62007
0.62007
0.62007
0.62007
0.62007
0.62007
0.62007
0.62007
0.62007
0.62007
0.62007
0.62007
0.62007
0.62007
0.62007
0.62007
0.62007
0.62007
0.62007
0.62007
0.62007
0.62007
0.62007
0.62007
0.62007
0.62007
0.62007
0.62007
0.62007
0.62007
0.62007
0.62007
0.62007
0.62007
0.62007
0.62007
0.62007
0.62007
0.62007
0.62007
0.62007
0.62007
0.62007
0.62007
0.62007
0.62007
0.62007
0.62007
0.62007
0.62007
0.62007
0.62007
0.62007
0.62007
0.62007
0.62007
0.62007
0.62007
0.62007
0.62007
0.62007
0.62007
0.62007
0.62007
0.62007
0.62007
0.62007
0.62007
0.62007
0.62007
0.62007
0.62007
0.62007
0.62007
0.62007
0.62007
0.62007
0.62007
0.62007
0.62007
0.62007
0.62007
0.62007
0.62007
0.62007
0.62007
0.62007
0.62007
0.62007
0.62007
0.62007
0.62007
0.62007
0.62007
0.62007
0.62007
0.62007
0.62007
0.62007
0.62007
0.62007
0.62007
0.62007
0.62007
0.62007
0.62007
0.62007
0.62007
0.62007
0.62007
0.62007
0.62007
0.62007
0.62007
0.62007
0.62007
0.62007
0.62007
0.62007
0.62007
0.62007
0.62007
0.62007
0.62007
0.62007
0.62007
0.62007
0.62007
0.62007
0.62007
0.62007
0.62007
0.62007
0.62007
0.62007
0.62007
0.62007
0.62007
0.62007
0.62007
0.62007
0.62007
0.62007
0.62007
0.62007
0.62007
0.62007
0.62007
0.62007
0.62007
0.62007
0.62007
0.62007
0.62007
0.62007
0.62007
0.62007
0.62007
0.62007
0.62007
0.62007
0.62007
0.62007
0.62007
0.62007
0.62007
0.62007
0.62007
0.62007
0.62007
0.62007
0.62007
0.62007
0.62007
0.62007
0.62007
0.62007
0.62007
0.62007
0.62007
0.62007
0.62007
0.62007
0.62007
0.62007
0.62007
0.62007
0.62007
0.62007
0.62007
0.62007
0.62007
0.62007
0.62007
0.62007
0.62007
0.62007
0.62007
0.62007
0.62007
0.62007
0.62007
0.62007
0.62007
0.62007
0.62007
0.62007
0.62007
0.62007
0.62007
0.62007
0.62007
0.62007
0.62007
0.62007
0.62007
0.62007
0.62007
0.62007
0.62007
0.62007
0.62007
0.62007
0.62007
0.62007
0.62007
0.62007
0.62007
0.62007
0.62007
0.62007
0.62007
0.62007
0.62007
0.62007
0.62007
0.62007
0.62007
0.62007
0.62007
0.62007
0.62007
0.62007
0.62007
0.62007
0.62007
0.62007
0.62007
0.62007
0.62007
0.62007
0.62007
0.62007
0.62007
0.62007
0.62007
0.62007
0.62007
0.62007
0.62007
0.62007
0.62007
0.62007
0.62007
0.62007
0.62007
0.62007
0.62007
0.62007
0.62007
0.62007
0.62007
0.62007
0.62007
0.62007
0.62007
0.62007
0.62007
0.62007
0.62007
0.62007
0.62007
0.62007
0.62007
0.62007
0.62007
0.62007
0.62007
0.62007
0.62007
0.62007
0.62007
0.62007
0.62007
0.62007
0.62007
0.62007
0.62007
0.62007
0.62007
0.62007
0.62007
0.62007
0.62007
0.62007
0.62007
0.62007
0.62007
0.62007
0.62007
0.62007
0.62007
0.62007
0.62007
0.62007
0.62007
0.62007
0.62007
0.62007
0.62007
0.62007
0.62007
0.62007
0.62007
0.62007
0.62007
0.62007
0.62007
0.62007
0.62007
0.62007
0.62007
0.62007
0.62007
0.62007
0.62007
0.62007
0.62007
0.62007
0.62007
0.62007
0.62007
0.62007
0.62007
0.62007
0.62007
0.62007
0.62007
0.62007
0.62007
0.62007
0.62007
0.62007
0.62007
0.62007
0.62007
0.62007
0.62007
0.62007
0.62007
0.62007
0.62007
0.62007
0.62007
0.62007
0.62007
0.62007
0.62007
0.62007
0.62007
0.62007
0.62007
0.62007
0.62007
0.62007
0.62007
0.62007
0.62007
0.62007
0.62007
0.62007
0.62007
0.62007
0.62007
0.62007
0.62007
0.62007
0.62007
0.62007
0.62007
0.62007
0.62007
0.62007
0.62007
0.62007
0.62007
0.62007
0.62007
0.62007
0.62007
0.62007
0.62007
0.62007
0.62007
0.62007
0.62007
0.62007
0.62007
0.62007
0.62007
0.62007
0.62007
0.62007
0.62007
0.62007
0.62007
0.62007
0.62007
0.62007
0.62007
0.62007
0.62007
0.62007
0.62007
0.62007
0.62007
0.62007
0.62007
0.62007
0.62007
0.62007
0.62007
0.62007
0.62007
0.62007
0.62007
0.62007
0.62007
0.62007
0.62007
0.62007
0.62007
0.62007
0.62007
0.62007
0.62007
0.62007
0.62007
0.62007
0.62007
0.62007
0.62007
0.62007
0.62007
0.62007
0.62007
0.62007
0.62007
0.62007
0.62007
0.62007
0.62007
0.62007
0.62007
0.62007
0.62007
0.62007
0.62007
0.62007
0.62007
0.62007
0.62007
0.62007
0.62007
0.62007
0.62007
0.62007
0.62007
0.62007
0.62007
0.62007
0.62007
0.62007
0.62007
0.62007
0.62007
0.62007
0.62007
0.62007
0.62007
0.62007
0.62007
0.62007
0.62007
0.62007
0.62007
0.62007
0.62007
0.62007
0.62007
0.62007
0.62007
0.62007
0.62007
0.62007
0.62007
0.62007
0.62007
0.62007
0.62007
0.62007
0.62007
0.62007
0.62007
0.62007
0.62007
0.62007
0.62007
0.62007
0.62007
0.62007
0.62007
0.62007
0.62007
0.62007
0.62007
0.62007
0.62007
0.62007
0.62007
0.62007
0.62007
0.62007
0.62007
0.62007
0.62007
0.62007
0.62007
0.62007
0.62007
0.62007
0.62007
0.62007
0.62007
0.62007
0.62007
0.62007
0.62007
0.62007
0.62007
0.62007
0.62007
0.62007
0.62007
0.62007
0.62007
0.62007
0.62007
0.62007
0.62007
0.62007
0.62007
0.62007
0.62007
0.62007
0.62007
0.62007
0.62007
0.62007
0.62007
0.62007
0.62007
0.62007
0.62007
0.62007
0.62007
0.62007
0.62007
0.62007
0.62007
0.62007
0.62007
0.62007
0.62007
0.62007
0.62007
0.62007
0.62007
0.62007
0.62007
0.62007
0.62007
0.62007
0.62007
0.62007
0.62007
0.62007
0.62007
0.62007
0.62007
0.62007
0.62007
0.62007
0.62007
0.62007
0.62007
0.62007
0.62007
0.62007
0.62007
0.62007
0.62007
0.62007
0.62007
0.62007
0.62007
0.62007
0.62007
0.62007
0.62007
0.62007
0.62007
0.62007
0.62007
0.62007
0.62007
0.62007
0.62007
0.62007
0.62007
0.62007
0.62007
0.62007
0.62007
0.62007
0.62007
0.62007
0.62007
0.62007
0.62007
0.62007
0.62007
0.62007
0.62007
0.62007
0.62007
0.62007
0.62007
0.62007
0.62007
0.62007
0.62007
0.62007
0.62007
0.62007
0.62007
0.62007
0.62007
0.62007
0.62007
0.62007
0.62007
0.62007
0.62007
0.62007
0.62007
0.62007
0.62007
0.62007
0.62007
0.62007
0.62007
0.62007
0.62007
0.62007
0.62007
0.62007
0.62007
0.62007
0.62007
0.62007
0.62007
0.62007
0.62007
0.62007
0.62007
0.62007
0.62007
0.62007
0.62007
0.62007
0.62007
0.62007
0.62007
0.62007
0.62007
0.62007
0.62007
0.62007
0.62007
0.62007
0.62007
0.62007
0.62007
0.62007
0.62007
0.62007
0.62007
0.62007
0.62007
0.62007
0.62007
0.62007
0.62007
0.62007
0.62007
0.62007
0.62007
0.62007
0.62007
0.62007
0.62007
0.62007
0.62007
0.62007
0.62007
0.62007
0.62007
0.62007
0.62007
0.62007
0.62007
0.62007
0.62007
0.62007
0.62007
0.62007
0.62007
0.62007
0.62007
0.62007
0.62007
0.62007
0.62007
0.62007
0.62007
0.62007
0.62007
0.62007
0.62007
0.62007
0.62007
0.62007
0.62007
0.62007
0.62007
0.62007
0.62007
0.62007
0.62007
0.62007
0.62007
0.62007
0.62007
0.62007
0.62007
0.62007
0.62007
0.62007
0.62007
0.62007
0.62007
0.62007
0.62007
0.62007
0.62007
0.62007
0.62007
0.62007
0.62007
0.62007
0.62007
0.62007
0.62007
0.62007
0.62007
0.62007
0.62007
0.62007
0.62007
0.62007
0.62007
0.62007
0.62007
0.62007
0.62007
0.62007
0.62007
0.62007
0.62007
0.62007
0.62007
0.62007
0.62007
0.62007
0.62007
0.62007
0.62007
0.62007
0.62007
0.62007
0.62007
0.62007
0.62007
0.62007
0.62007
0.62007
0.62007
0.62007
0.62007
0.62007
0.62007
0.62007
0.62007
0.62007
0.62007
0.62007
0.62007
0.62007
0.62007
0.62007
0.62007
0.62007
0.62007
0.62007
0.62007
0.62007
0.62007
0.62007
0.62007
0.62007
0.62007
0.62007
0.62007
0.62007
0.62007
0.62007
0.62007
0.62007
0.62007
0.62007
0.62007
0.62007
0.62007
0.62007
0.62007
0.62007
0.62007
0.62007
0.62007
0.62007
0.62007
0.62007
0.62007
0.62007
0.62007
0.62007
0.62007
0.62007
0.62007
0.62007
0.62007
0.62007
0.62007
0.62007
0.62007
0.62007
0.62007
0.62007
0.62007
0.62007
0.62007
0.62007
0.62007
0.62007
0.62007
0.62007
0.62007
0.62007
0.62007
0.62007
0.62007
0.62007
0.62007
0.62007
0.62007
0.62007
0.62007
0.62007
0.62007
0.62007
0.62007
0.62007
0.62007
0.62007
0.62007
0.62007
0.62007
0.62007
0.62007
0.62007
0.62007
0.62007
0.62007
0.62007
0.62007
0.62007
0.62007
0.62007
0.62007
0.62007
0.62007
0.62007
0.62007
0.62007
0.62007
0.62007
0.62007
0.62007
0.62007
0.62007
0.62007
0.62007
0.62007
0.62007
0.62007
0.62007
0.62007
0.62007
0.62007
0.62007
0.62007
0.62007
0.62007
0.62007
0.62007
0.62007
0.62007
0.62007
0.62007
0.62007
0.62007
0.62007
0.62007
0.62007
0.62007
0.62007
0.62007
0.62007
0.62007
0.62007
0.62007
0.62007
0.62007
0.62007
0.62007
0.62007
0.62007
0.62007
0.62007
0.62007
0.62007
0.62007
0.62007
0.62007
0.62007
0.62007
0.62007
0.62007
0.62007
0.62007
0.62007
0.62007
0.62007
0.62007
0.62007
0.62007
0.62007
0.62007
0.62007
0.62007
0.62007
0.62007
0.62007
0.62007
0.62007
0.62007
0.62007
0.62007
0.62007
0.62007
0.62007
0.62007
0.62007
0.62007
0.62007
0.62007
0.62007
0.62007
0.62007
0.62007
0.62007
0.62007
0.62007
0.62007
0.62007
0.62007
0.62007
0.62007
0.62007
0.62007
0.62007
0.62007
0.62007
0.62007
0.62007
0.62007
0.62007
0.62007
0.62007
0.62007
0.62007
0.62007
0.62007
0.62007
0.62007
0.62007
0.62007
0.62007
0.62007
0.62007
0.62007
0.62007
0.62007
0.62007
0.62007
0.62007
0.62007
0.62007
0.62007
0.62007
0.62007
0.62007
0.62007
0.62007
0.62007
0.62007
0.62007
0.62007
0.62007
0.62007
0.62007
0.62007
0.62007
0.62007
0.62007
0.62007
0.62007
0.62007
0.62007
0.62007
0.62007
0.62007
0.62007
0.62007
0.62007
0.62007
0.62007
0.62007
0.62007
0.62007
0.62007
0.62007
0.62007
0.62007
0.62007
0.62007
0.62007
0.62007
0.62007
0.62007
0.62007
0.62007
0.62007
0.62007
0.62007
0.62007
0.62007
0.62007
0.62007
0.62007
0.62007
0.62007
0.62007
0.62007
0.62007
0.62007
0.62007
0.62007
0.62007
0.62007
0.62007
0.62007
0.62007
0.62007
0.62007
0.62007
0.62007
0.62007
0.62007
0.62007
0.62007
0.62007
0.62007
0.62007
0.62007
0.62007
0.62007
0.62007
0.62007
0.62007
0.62007
0.62007
0.62007
0.62007
0.62007
0.62007
0.62007
0.62007
0.62007
0.62007
0.62007
0.62007
0.62007
0.62007
0.62007
0.62007
0.62007
0.62007
0.62007
0.62007
0.62007
0.62007
0.62007
0.62007
0.62007
0.62007
0.62007
0.62007
0.62007
0.62007
0.62007
0.62007
0.62007
0.62007
0.62007
0.62007
0.62007
0.62007
0.62007
0.62007
0.62007
0.62007
0.62007
0.62007
0.62007
0.62007
0.62007
0.62007
0.62007
0.62007
0.62007
0.62007
0.62007
0.62007
0.62007
0.62007
0.62007
0.62007
0.62007
0.62007
0.62007
0.62007
0.62007
0.62007
0.62007
0.62007
0.62007
0.62007
0.62007
0.62007
0.62007
0.62007
0.62007
0.62007
0.62007
0.62007
0.62007
0.62007
0.62007
0.62007
0.62007
0.62007
0.62007
0.62007
0.62007
0.62007
0.62007
0.62007
0.62007
0.62007
0.62007
0.62007
0.62007
0.62007
0.62007
0.62007
0.62007
0.62007
0.62007
0.62007
0.62007
0.62007
0.62007
0.62007
0.62007
0.62007
0.62007
0.62007
0.62007
0.62007
0.62007
0.62007
0.62007
0.62007
0.62007
0.62007
0.62007
0.62007
0.62007
0.62007
0.62007
0.62007
0.62007
0.62007
0.62007
0.62007
0.62007
0.62007
0.62007
0.62007
0.62007
0.62007
0.62007
0.62007
0.62007
0.62007
0.62007
0.62007
0.62007
0.62007
0.62007
0.62007
0.62007
0.62007
0.62007
0.62007
0.62007
0.62007
0.62007
0.62007
0.62007
0.62007
0.62007
0.62007
0.62007
0.62007
0.62007
0.62007
0.62007
0.62007
0.62007
0.62007
0.62007
0.62007
0.62007
0.62007
0.62007
0.62007
0.62007
0.62007
0.62007
0.62007
0.62007
0.62007
0.62007
0.62007
0.62007
0.62007
0.62007
0.62007
0.62007
0.62007
0.62007
0.62007
0.62007
0.62007
0.62007
0.62007
0.62007
0.62007
0.62007
0.62007
0.62007
0.62007
0.62007
0.62007
0.62007
0.62007
0.62007
0.62007
0.62007
0.62007
0.62007
0.62007
0.62007
0.62007
0.62007
0.62007
0.62007
0.62007
0.62007
0.62007
0.62007
0.62007
0.62007
0.62007
0.62007
0.62007
0.62007
0.62007
0.62007
0.62007
0.62007
0.62007
0.62007
0.62007
0.62007
0.62007
0.62007
0.62007
0.62007
0.62007
0.62007
0.62007
0.62007
0.62007
0.62007
0.62007
0.62007
0.62007
0.62007
0.62007
0.62007
0.62007
0.62007
0.62007
0.62007
0.62007
0.62007
0.62007
0.62007
0.62007
0.62007
0.62007
0.62007
0.62007
0.62007
0.62007
0.62007
0.62007
0.62007
0.62007
0.62007
0.62007
0.62007
0.62007
0.62007
0.62007
0.62007
0.62007
0.62007
0.62007
0.62007
0.62007
0.62007
0.62007
0.62007
0.62007
0.62007
0.62007
0.62007
0.62007
0.62007
0.62007
0.62007
0.62007
0.62007
0.62007
0.62007
0.62007
0.62007
0.62007
0.62007
0.62007
0.62007
0.62007
0.62007
0.62007
0.62007
0.62007
0.62007
0.62007
0.62007
0.62007
0.62007
0.62007
0.62007
0.62007
0.62007
0.62007
0.62007
0.62007
0.62007
0.62007
0.62007
0.62007
0.62007
0.62007
0.62007
0.62007
0.62007
0.62007
0.62007
0.62007
0.62007
0.62007
0.62007
0.62007
0.62007
0.62007
0.62007
0.62007
0.62007
0.62007
0.62007
0.62007
0.62007
0.62007
0.62007
0.62007
0.62007
0.62007
0.62007
0.62007
0.62007
0.62007
0.62007
0.62007
0.62007
0.62007
0.62007
0.62007
0.62007
0.62007
0.62007
0.62007
0.62007
0.62007
0.62007
0.62007
0.62007
0.62007
0.62007
0.62007
0.62007
0.62007
0.62007
0.62007
0.62007
0.62007
0.62007
0.62007
0.62007
0.62007
0.62007
0.62007
0.62007
0.62007
0.62007
0.62007
0.62007
0.62007
0.62007
0.62007
0.62007
0.62007
0.62007
0.62007
0.62007
0.62007
0.62007
0.62007
0.62007
0.62007
0.62007
0.62007
0.839045
0.517331
0.52857
0.541672
0.57257
0.596203
0.59457
0.590057
0.591136
0.593338
0.59582
0.598337
0.599271
0.599143
0.59913
0.599348
0.599576
0.599607
0.599644
0.599577
1.07438
0.74809
0.651341
0.582635
0.582814
0.592923
0.592931
0.593386
0.594332
0.595799
0.5978
0.599881
0.600461
0.600325
0.600244
0.60028
0.600345
0.600282
0.600264
0.600134
1.17091
0.86928
0.703628
0.608271
0.59654
0.590851
0.59514
0.600407
0.600705
0.600957
0.602314
0.603759
0.60398
0.603786
0.603327
0.602985
0.602837
0.602631
0.60237
0.60182
1.23482
0.979321
0.785533
0.654385
0.616277
0.592091
0.595162
0.60519
0.606368
0.606714
0.607782
0.608525
0.608649
0.60828
0.6077
0.607141
0.606627
0.606088
0.60567
0.604841
1.28004
1.0636
0.860993
0.710893
0.640968
0.594143
0.600038
0.607586
0.60921
0.610622
0.611665
0.612007
0.612259
0.612105
0.611561
0.610865
0.610192
0.609513
0.608998
0.608023
1.31228
1.12753
0.93329
0.778758
0.681256
0.60604
0.607241
0.605946
0.60863
0.61289
0.613681
0.61352
0.613978
0.614272
0.613922
0.61333
0.612697
0.612068
0.611596
0.610607
1.33554
1.17766
0.997237
0.844034
0.72539
0.631912
0.616086
0.603806
0.6071
0.61255
0.614662
0.613976
0.614498
0.615054
0.614916
0.614517
0.613977
0.613432
0.613074
0.612217
1.35345
1.21719
1.05273
0.902435
0.775682
0.674634
0.631389
0.606843
0.607405
0.61163
0.614139
0.613949
0.614738
0.6154
0.615343
0.615055
0.614551
0.614075
0.613792
0.613042
1.36754
1.2498
1.09977
0.955175
0.827133
0.719011
0.652725
0.608709
0.610162
0.611989
0.612637
0.61374
0.614903
0.615407
0.61544
0.61524
0.614765
0.614384
0.614167
0.613472
1.37873
1.27701
1.1398
1.00333
0.874542
0.765403
0.684748
0.618919
0.618168
0.612471
0.611476
0.613531
0.615128
0.615289
0.615477
0.615341
0.614933
0.614627
0.614431
0.613753
1.38779
1.29949
1.17515
1.04548
0.919632
0.810661
0.719385
0.642141
0.625185
0.610927
0.611033
0.613197
0.61517
0.615183
0.615528
0.615469
0.61515
0.614878
0.614657
0.613985
1.39481
1.31839
1.20558
1.08314
0.961524
0.85221
0.757115
0.673827
0.636199
0.611209
0.611726
0.614257
0.614925
0.6152
0.615734
0.615684
0.615438
0.615172
0.614897
0.614217
1.40005
1.33427
1.23154
1.11728
0.999079
0.892139
0.794551
0.708234
0.653229
0.613578
0.615782
0.615253
0.614388
0.615308
0.616046
0.615912
0.615745
0.615487
0.615161
0.614465
1.40415
1.3475
1.25449
1.14728
1.03407
0.929314
0.83037
0.743641
0.675989
0.62093
0.621429
0.616353
0.614058
0.615476
0.616326
0.616126
0.616062
0.615829
0.615471
0.614735
1.40737
1.3588
1.27448
1.17432
1.06617
0.963653
0.865023
0.777833
0.701936
0.637658
0.626774
0.614929
0.61423
0.615824
0.616483
0.616307
0.61636
0.616156
0.615775
0.61499
1.40994
1.36837
1.29218
1.19859
1.09552
0.995512
0.897952
0.809781
0.730781
0.660693
0.632604
0.615355
0.615099
0.616522
0.61644
0.616527
0.616686
0.616469
0.616046
0.615212
1.41194
1.37654
1.3077
1.22053
1.12212
1.02522
0.928419
0.840967
0.759466
0.686339
0.643471
0.616825
0.617692
0.617266
0.616237
0.61673
0.616953
0.616678
0.616222
0.615369
1.41361
1.38345
1.32152
1.24002
1.1467
1.05225
0.9574
0.870317
0.78749
0.713875
0.658777
0.620093
0.621405
0.617839
0.61606
0.616905
0.617123
0.616805
0.616343
0.61549
1.4151
1.3895
1.33372
1.25776
1.16888
1.07744
0.984565
0.897775
0.815344
0.740683
0.677485
0.628838
0.625413
0.618797
0.616269
0.617196
0.617177
0.616832
0.616412
0.61557
1.41653
1.39495
1.34473
1.27385
1.18915
1.10073
1.00996
0.9241
0.841951
0.766592
0.699634
0.643441
0.628722
0.617747
0.616512
0.61763
0.617217
0.616869
0.616516
0.61568
1.41794
1.4
1.35487
1.28845
1.20789
1.12218
1.03393
0.949139
0.867226
0.792229
0.722401
0.661064
0.633968
0.618232
0.617934
0.618048
0.616919
0.616817
0.61648
0.615663
1.41936
1.40474
1.36415
1.30186
1.22506
1.14225
1.05644
0.972815
0.891696
0.816737
0.745115
0.682101
0.642817
0.619647
0.620087
0.618341
0.616623
0.616817
0.61646
0.615677
1.42083
1.40908
1.37256
1.31409
1.24087
1.16097
1.07756
0.995363
0.915141
0.839951
0.768438
0.703462
0.654153
0.622586
0.622721
0.619013
0.616545
0.616901
0.616389
0.615691
1.4224
1.4129
1.38001
1.3252
1.25535
1.17846
1.09735
1.01691
0.937293
0.862795
0.790732
0.72509
0.6694
0.629482
0.62535
0.618419
0.616613
0.617094
0.616285
0.615729
1.42395
1.41622
1.38663
1.33517
1.26872
1.19462
1.11617
1.03709
0.958885
0.88449
0.81256
0.746796
0.68626
0.640035
0.62732
0.618548
0.617032
0.617305
0.616094
0.615826
1.42548
1.41916
1.39246
1.34424
1.28093
1.20979
1.13376
1.05647
0.979468
0.905379
0.834015
0.767489
0.704757
0.654162
0.630887
0.618627
0.618216
0.61742
0.615824
0.615995
1.42702
1.42177
1.39763
1.35243
1.29223
1.22393
1.1504
1.07496
0.999087
0.925812
0.854435
0.787963
0.724141
0.669467
0.636399
0.61914
0.619856
0.617467
0.615709
0.616265
1.42854
1.42409
1.40218
1.35989
1.3027
1.23715
1.16615
1.0925
1.01808
0.945356
0.874451
0.807906
0.743174
0.686482
0.645129
0.621174
0.621733
0.617483
0.615716
0.616656
1.43001
1.42613
1.40618
1.36667
1.3124
1.24956
1.18097
1.10927
1.03627
0.964257
0.89397
0.826971
0.762669
0.703831
0.655855
0.625876
0.623057
0.61718
0.615838
0.617174
1.43135
1.42791
1.4097
1.37284
1.32137
1.26117
1.19494
1.12526
1.05363
0.982697
0.912594
0.845934
0.781522
0.721075
0.669504
0.633201
0.624264
0.617096
0.616212
0.617738
1.43252
1.42945
1.41285
1.37845
1.32972
1.27198
1.20816
1.14035
1.07041
1.00026
0.930916
0.86426
0.799652
0.739012
0.684078
0.642301
0.625918
0.617427
0.617174
0.618386
1.43348
1.43073
1.41566
1.38365
1.33748
1.28215
1.22055
1.15475
1.08633
1.01728
0.94857
0.881955
0.817723
0.756194
0.699804
0.65396
0.629071
0.618273
0.618284
0.618836
1.43421
1.43177
1.41818
1.38848
1.34477
1.29174
1.23225
1.16842
1.10148
1.0337
0.965456
0.899472
0.834929
0.773544
0.71612
0.666385
0.634035
0.619331
0.619957
0.619281
1.43473
1.43255
1.42041
1.39295
1.35168
1.30077
1.24341
1.18127
1.11606
1.04924
0.982053
0.916237
0.851963
0.790533
0.73223
0.680198
0.641525
0.620887
0.622123
0.619855
1.43508
1.43316
1.42234
1.39709
1.35813
1.3094
1.25388
1.19364
1.12979
1.06438
0.997921
0.93268
0.86858
0.806916
0.748735
0.694471
0.650343
0.623641
0.624308
0.62039
1.43531
1.43363
1.42405
1.40085
1.36419
1.31749
1.26389
1.20529
1.14306
1.07878
1.01334
0.948659
0.884567
0.823379
0.764653
0.708837
0.661369
0.62955
0.626066
0.620923
1.43543
1.434
1.42557
1.4043
1.3698
1.32512
1.27335
1.2164
1.15573
1.09263
1.0283
0.963977
0.900459
0.839272
0.780177
0.723673
0.673529
0.637404
0.627548
0.620746
1.43548
1.43429
1.42692
1.40748
1.37501
1.33232
1.28228
1.22703
1.16779
1.10603
1.04261
0.978995
0.915827
0.854841
0.7955
0.73814
0.686925
0.647419
0.630055
0.620813
1.43555
1.43455
1.42814
1.41043
1.37991
1.33905
1.29079
1.23708
1.17942
1.11882
1.05651
0.993508
0.930844
0.870101
0.810211
0.752833
0.70129
0.658072
0.633417
0.621235
1.43562
1.43478
1.42924
1.41318
1.3845
1.34544
1.29885
1.24673
1.19049
1.13118
1.06992
1.00755
0.945637
0.884717
0.824787
0.767588
0.715725
0.670033
0.638696
0.622048
1.43569
1.43502
1.43025
1.41571
1.38881
1.35148
1.30653
1.25593
1.2011
1.14306
1.08284
1.02132
0.959914
0.899061
0.839109
0.782233
0.730766
0.682437
0.645066
0.623253
1.43575
1.43522
1.43118
1.41803
1.39284
1.3572
1.31384
1.26473
1.21129
1.1545
1.09539
1.03469
0.973859
0.912999
0.853195
0.797293
0.745433
0.694998
0.653409
0.625293
1.43574
1.43537
1.43197
1.42016
1.3966
1.36261
1.32081
1.27318
1.22108
1.16554
1.10757
1.04769
0.987397
0.926526
0.867544
0.812128
0.759895
0.707986
0.662581
0.628068
1.43577
1.4355
1.43264
1.42205
1.40008
1.3677
1.32743
1.28126
1.23049
1.17622
1.11934
1.06036
1.00039
0.940046
0.881821
0.826958
0.774153
0.720396
0.673072
0.632128
1.43589
1.43566
1.4332
1.42373
1.40327
1.37248
1.33371
1.28897
1.23956
1.18649
1.13075
1.07252
1.01306
0.953407
0.896333
0.841616
0.787605
0.733083
0.684148
0.637054
1.4361
1.43589
1.43371
1.4252
1.40621
1.37695
1.33965
1.29629
1.24821
1.19636
1.14168
1.08422
1.02539
0.966901
0.910917
0.855621
0.800898
0.745315
0.695711
0.643263
1.43632
1.43616
1.43421
1.42656
1.40892
1.38115
1.34521
1.30323
1.25643
1.20579
1.15208
1.09553
1.03759
0.980582
0.925144
0.8694
0.813461
0.757497
0.707696
0.650366
1.4365
1.43641
1.43465
1.4278
1.41147
1.38508
1.35051
1.30978
1.2643
1.21472
1.16203
1.10648
1.04995
0.994199
0.939205
0.882314
0.825743
0.769556
0.719705
0.658386
1.43667
1.4366
1.43504
1.42893
1.41384
1.38883
1.35552
1.31607
1.27174
1.2233
1.17153
1.11744
1.06244
1.0079
0.952406
0.894734
0.837692
0.78146
0.731873
0.667116
1.43694
1.43684
1.43537
1.42995
1.41609
1.3924
1.36039
1.32207
1.2789
1.2315
1.18094
1.12845
1.07524
1.02107
0.964906
0.906554
0.849414
0.793374
0.743928
0.676389
1.43721
1.43708
1.43568
1.43091
1.41824
1.39588
1.36508
1.32788
1.28571
1.23954
1.19039
1.13984
1.0879
1.0336
0.97658
0.917909
0.861082
0.805168
0.755933
0.68612
1.43737
1.43716
1.43592
1.4318
1.42031
1.39924
1.36964
1.33347
1.29232
1.24752
1.20023
1.15141
1.10013
1.04519
0.987499
0.929059
0.872641
0.816928
0.767821
0.696155
1.43747
1.43708
1.43605
1.4326
1.42222
1.40241
1.37397
1.33888
1.29887
1.25573
1.21042
1.16292
1.11147
1.05576
0.99796
0.940047
0.884194
0.828571
0.779579
0.70644
1.43761
1.43701
1.43612
1.43328
1.42394
1.40532
1.378
1.34413
1.30562
1.26439
1.22077
1.17381
1.12163
1.06553
1.00812
0.951044
0.895636
0.840098
0.79123
0.716887
1.43773
1.43708
1.43632
1.43395
1.4255
1.40796
1.38178
1.34936
1.31278
1.27355
1.23099
1.18344
1.13059
1.07476
1.01826
0.962003
0.906955
0.851485
0.802744
0.727442
1.43769
1.43721
1.4366
1.4346
1.42696
1.41046
1.38554
1.35485
1.32049
1.28297
1.24032
1.19173
1.13866
1.08379
1.02839
0.972897
0.918122
0.862751
0.814157
0.73806
1.43741
1.43705
1.43677
1.43519
1.42827
1.41292
1.38962
1.36108
1.32864
1.2918
1.24819
1.19879
1.14625
1.09274
1.03851
0.983657
0.92911
0.873879
0.825431
0.748689
1.43749
1.43689
1.43672
1.43552
1.42934
1.41537
1.3943
1.36818
1.33687
1.299
1.25426
1.20519
1.15392
1.10184
1.04854
0.994202
0.939942
0.884925
0.836608
0.759312
1.43799
1.4371
1.43683
1.43584
1.4305
1.41827
1.39986
1.37577
1.34404
1.30444
1.25921
1.21136
1.16182
1.11101
1.05841
1.00454
0.950621
0.895846
0.847641
0.769887
1.43749
1.43712
1.43705
1.43645
1.43202
1.42208
1.4061
1.38277
1.34935
1.3084
1.26375
1.21774
1.16992
1.1201
1.06805
1.01468
0.961177
0.906676
0.85856
0.78041
1.43628
1.43591
1.43652
1.43734
1.43478
1.42738
1.41269
1.38695
1.3519
1.31159
1.26868
1.22455
1.178
1.12889
1.07745
1.02471
0.971653
0.917384
0.869345
0.790873
1.43667
1.43531
1.4361
1.43851
1.43896
1.43288
1.41634
1.38853
1.35316
1.3146
1.27411
1.23164
1.18587
1.13729
1.08655
1.0345
0.981943
0.927934
0.879984
0.801257
1.43732
1.43655
1.43861
1.44374
1.44469
1.43669
1.41742
1.38843
1.35391
1.3179
1.27985
1.23858
1.19339
1.14546
1.09553
1.04421
0.992117
0.938345
0.890519
0.811592
1.42959
1.43472
1.44239
1.44841
1.44755
1.43728
1.41604
1.38791
1.35577
1.32204
1.2855
1.24497
1.20041
1.15333
1.10428
1.05363
1.00206
0.948576
0.900879
0.821808
1.43301
1.44289
1.45051
1.45096
1.44602
1.43264
1.41235
1.38789
1.35907
1.32702
1.29081
1.25055
1.20699
1.16099
1.1128
1.06279
1.01174
0.958582
0.911094
0.83195
1.43077
1.46256
1.46032
1.45373
1.44148
1.42659
1.40962
1.38898
1.36301
1.33174
1.29556
1.25583
1.21329
1.1684
1.12114
1.07179
1.02127
0.968408
0.92109
0.841934
1.32577
1.46784
1.44732
1.44322
1.43457
1.42388
1.41063
1.39197
1.36669
1.33539
1.29975
1.26113
1.21968
1.17557
1.12907
1.08043
1.03046
0.977916
0.930828
0.851757
0.964282
1.37357
1.41769
1.42969
1.43004
1.42369
1.41274
1.39491
1.36964
1.33908
1.3041
1.26642
1.22598
1.18275
1.13691
1.08879
1.03932
0.987128
0.940322
0.861413
0.68084
1.15346
1.42917
1.43415
1.42722
1.42203
1.41153
1.39509
1.37134
1.34197
1.30897
1.27216
1.23221
1.1896
1.14452
1.09701
1.04792
0.996003
0.949496
0.870843
0.622602
0.819073
1.32037
1.42093
1.42168
1.41838
1.4097
1.3944
1.3717
1.34456
1.3125
1.27796
1.23868
1.19662
1.15191
1.10482
1.05623
1.00473
0.958532
0.880103
0.620107
0.646907
1.03192
1.39267
1.4263
1.42059
1.4102
1.39315
1.37187
1.34649
1.31581
1.28212
1.24406
1.20393
1.15946
1.1127
1.06433
1.01319
0.967395
0.889205
0.62007
0.621183
0.737043
1.24329
1.42126
1.42085
1.41058
1.39407
1.37271
1.34731
1.3182
1.2857
1.24953
1.20938
1.16626
1.1205
1.07259
1.02179
0.976203
0.898158
0.62007
0.620091
0.631302
0.939398
1.37399
1.42153
1.41203
1.39557
1.37446
1.34942
1.32005
1.28849
1.25339
1.21547
1.1729
1.12752
1.08038
1.03035
0.985122
0.907102
0.62007
0.62007
0.620472
0.695543
1.19219
1.41577
1.41452
1.399
1.37733
1.35171
1.32292
1.29102
1.25666
1.21949
1.1794
1.13499
1.0883
1.03859
0.993854
0.916027
0.62007
0.62007
0.620078
0.626053
0.892196
1.3604
1.41491
1.4019
1.38041
1.35482
1.32617
1.29419
1.25998
1.22356
1.1839
1.1416
1.09628
1.0472
1.00266
0.924922
0.62007
0.62007
0.62007
0.620278
0.680043
1.1702
1.40605
1.40371
1.38454
1.3589
1.33001
1.29794
1.26395
1.22783
1.1886
1.14727
1.10264
1.05537
1.01141
0.933922
0.62007
0.62007
0.62007
0.620074
0.624637
0.881881
1.35142
1.40542
1.38881
1.36284
1.33396
1.30244
1.26873
1.23251
1.19345
1.15249
1.1093
1.06247
1.01918
0.942581
0.62007
0.62007
0.62007
0.62007
0.620238
0.680296
1.17164
1.39849
1.39076
1.36658
1.33846
1.30794
1.27436
1.23775
1.19862
1.15788
1.11518
1.06934
1.02668
0.951038
0.62007
0.62007
0.62007
0.62007
0.620074
0.625066
0.899645
1.35435
1.39107
1.37026
1.34363
1.31389
1.28021
1.24337
1.20425
1.16362
1.12109
1.07575
1.03364
0.959187
0.62007
0.62007
0.62007
0.62007
0.62007
0.620277
0.693807
1.19796
1.38189
1.37394
1.34902
1.31905
1.28548
1.24908
1.21026
1.16978
1.12717
1.08213
1.04036
0.966814
0.62007
0.62007
0.62007
0.62007
0.62007
0.620076
0.627657
0.943174
1.35233
1.37798
1.35456
1.32412
1.291
1.25533
1.21698
1.17666
1.13383
1.08883
1.04715
0.974187
0.62007
0.62007
0.62007
0.62007
0.62007
0.62007
0.620458
0.723331
1.23282
1.37326
1.35924
1.32929
1.29617
1.26133
1.22369
1.18365
1.14076
1.09574
1.0541
0.981372
0.62007
0.62007
0.62007
0.62007
0.62007
0.62007
0.620084
0.634261
1.00729
1.3422
1.35896
1.3357
1.30172
1.26744
1.23052
1.19082
1.14823
1.10321
1.06158
0.988705
0.62007
0.62007
0.62007
0.62007
0.62007
0.62007
0.620071
0.620992
0.774764
1.26469
1.36265
1.34041
1.30737
1.27363
1.2373
1.19796
1.1559
1.11092
1.0693
0.996147
0.62007
0.62007
0.62007
0.62007
0.62007
0.62007
0.62007
0.620112
0.650277
1.08198
1.34139
1.34044
1.31368
1.27995
1.24379
1.20479
1.16349
1.11874
1.07741
1.00404
0.62007
0.62007
0.62007
0.62007
0.62007
0.62007
0.62007
0.620072
0.622719
0.852368
1.29626
1.3452
1.32006
1.2864
1.2499
1.21141
1.17101
1.12662
1.08567
1.01219
0.62007
0.62007
0.62007
0.62007
0.62007
0.62007
0.62007
0.62007
0.620222
0.686025
1.16111
1.33502
1.32472
1.29239
1.25516
1.21753
1.178
1.13405
1.09368
1.0205
0.62007
0.62007
0.62007
0.62007
0.62007
0.62007
0.62007
0.62007
0.620077
0.628705
0.95104
1.31062
1.32862
1.29905
1.26138
1.22434
1.18519
1.14167
1.1019
1.02911
0.62007
0.62007
0.62007
0.62007
0.62007
0.62007
0.62007
0.62007
0.62007
0.620725
0.75194
1.22921
1.32683
1.30312
1.26789
1.23081
1.19168
1.14883
1.10966
1.03745
0.62007
0.62007
0.62007
0.62007
0.62007
0.62007
0.62007
0.62007
0.62007
0.620109
0.64739
1.05789
1.3067
1.30607
1.27606
1.2376
1.19843
1.15634
1.11761
1.04592
0.62007
0.62007
0.62007
0.62007
0.62007
0.62007
0.62007
0.62007
0.62007
0.620072
0.622947
0.853139
1.27088
1.31217
1.28388
1.24467
1.20536
1.16379
1.12525
1.05405
0.62007
0.62007
0.62007
0.62007
0.62007
0.62007
0.62007
0.62007
0.62007
0.62007
0.62029
0.696278
1.15697
1.30441
1.28897
1.25174
1.21222
1.17103
1.13269
1.06206
0.62007
0.62007
0.62007
0.62007
0.62007
0.62007
0.62007
0.62007
0.62007
0.62007
0.620084
0.632862
0.975044
1.28709
1.29176
1.26024
1.22024
1.17885
1.14049
1.07025
0.62007
0.62007
0.62007
0.62007
0.62007
0.62007
0.62007
0.62007
0.62007
0.62007
0.620071
0.62137
0.788216
1.23028
1.29163
1.26669
1.22797
1.18598
1.14785
1.07822
0.62007
0.62007
0.62007
0.62007
0.62007
0.62007
0.62007
0.62007
0.62007
0.62007
0.62007
0.62018
0.667225
1.09521
1.27988
1.27277
1.2367
1.19333
1.15557
1.08649
0.62007
0.62007
0.62007
0.62007
0.62007
0.62007
0.62007
0.62007
0.62007
0.62007
0.62007
0.620078
0.627186
0.916411
1.26152
1.27811
1.24508
1.2011
1.16342
1.09462
0.62007
0.62007
0.62007
0.62007
0.62007
0.62007
0.62007
0.62007
0.62007
0.62007
0.62007
0.620071
0.620822
0.749934
1.19045
1.27479
1.25053
1.20914
1.17106
1.10248
0.62007
0.62007
0.62007
0.62007
0.62007
0.62007
0.62007
0.62007
0.62007
0.62007
0.62007
0.62007
0.620141
0.653667
1.04862
1.25958
1.25576
1.21916
1.17942
1.11065
0.62007
0.62007
0.62007
0.62007
0.62007
0.62007
0.62007
0.62007
0.62007
0.62007
0.62007
0.62007
0.620076
0.625114
0.879098
1.23767
1.26059
1.22782
1.18747
1.11858
0.62007
0.62007
0.62007
0.62007
0.62007
0.62007
0.62007
0.62007
0.62007
0.62007
0.62007
0.62007
0.620071
0.620657
0.729718
1.15945
1.25575
1.23372
1.19573
1.1266
0.62007
0.62007
0.62007
0.62007
0.62007
0.62007
0.62007
0.62007
0.62007
0.62007
0.62007
0.62007
0.62007
0.620134
0.647954
1.01982
1.24323
1.239
1.2055
1.13523
0.62007
0.62007
0.62007
0.62007
0.62007
0.62007
0.62007
0.62007
0.62007
0.62007
0.62007
0.62007
0.62007
0.620076
0.624479
0.860604
1.21702
1.24222
1.21365
1.14376
)
;

boundaryField
{
    inlet
    {
        type            calculated;
        value           nonuniform List<scalar> 0();
    }
    outlet
    {
        type            calculated;
        value           nonuniform List<scalar> 
102
(
0.599577
0.600134
0.60182
0.604841
0.608023
0.610607
0.612217
0.613042
0.613472
0.613753
0.613985
0.614217
0.614465
0.614735
0.61499
0.615212
0.615369
0.61549
0.61557
0.61568
0.615663
0.615677
0.615691
0.615729
0.615826
0.615995
0.616265
0.616656
0.617174
0.617738
0.618386
0.618836
0.619281
0.619855
0.62039
0.620923
0.620746
0.620813
0.621235
0.622048
0.623253
0.625293
0.628068
0.632128
0.637054
0.643263
0.650366
0.658386
0.667116
0.676389
0.68612
0.696155
0.70644
0.716887
0.727442
0.73806
0.748689
0.759312
0.769887
0.78041
0.790873
0.801257
0.811592
0.821808
0.83195
0.841934
0.851757
0.861413
0.870843
0.880103
0.889205
0.898158
0.907102
0.916027
0.924922
0.933922
0.942581
0.951038
0.959187
0.966814
0.974187
0.981372
0.988705
0.996147
1.00404
1.01219
1.0205
1.02911
1.03745
1.04592
1.05405
1.06206
1.07025
1.07822
1.08649
1.09462
1.10248
1.11065
1.11858
1.1266
1.13523
1.14376
)
;
    }
    bottom
    {
        type            symmetryPlane;
    }
    top
    {
        type            calculated;
        value           nonuniform List<scalar> 0();
    }
    obstacle
    {
        type            calculated;
        value           nonuniform List<scalar> 
88
(
1.41983
1.41773
1.4169
1.41704
1.41753
1.41811
1.41825
1.41801
1.41721
1.41645
1.41638
1.41647
1.41651
1.4163
1.41581
1.41515
1.41481
1.4148
1.4149
1.41501
1.41502
1.41511
1.41521
1.41533
1.41541
1.41539
1.4152
1.41486
1.41471
1.41477
1.415
1.4154
1.41553
1.41532
1.41496
1.41447
1.41407
1.41398
1.41405
1.41424
1.41445
1.4146
1.41481
1.41499
1.41508
1.41507
1.41498
1.41477
1.41454
1.41443
1.41438
1.41439
1.41439
1.41439
1.41434
1.41422
1.41414
1.41413
1.41409
1.41404
1.41394
1.41379
1.41357
1.41335
1.41328
1.41334
1.41344
1.4137
0.839045
0.517331
0.52857
0.541672
0.57257
0.596203
0.59457
0.590057
0.591136
0.593338
0.59582
0.598337
0.599271
0.599143
0.59913
0.599348
0.599576
0.599607
0.599644
0.599577
)
;
    }
    defaultFaces
    {
        type            empty;
    }
    procBoundary1to0
    {
        type            processor;
        value           nonuniform List<scalar> 
103
(
1.42166
1.41994
1.41377
1.40925
1.40705
1.40869
1.41276
1.41591
1.41626
1.41675
1.40378
1.31396
0.924331
0.642528
0.620176
0.62007
0.62007
0.62007
0.62007
0.62007
0.62007
0.62007
0.62007
0.62007
0.62007
0.62007
0.62007
0.62007
0.62007
0.62007
0.62007
0.62007
0.62007
0.62007
0.62007
0.62007
0.62007
0.62007
0.62007
0.62007
0.62007
0.62007
0.62007
0.62007
0.62007
0.62007
0.62007
0.62007
0.62007
0.62007
0.62007
0.62007
0.62007
0.62007
0.62007
0.62007
0.62007
0.62007
0.62007
0.62007
0.62007
0.62007
0.62007
0.62007
0.62007
0.62007
0.62007
0.62007
0.62007
0.62007
0.62007
0.62007
0.62007
0.62007
0.62007
0.62007
0.62007
0.62007
0.62007
0.62007
0.62007
0.62007
0.62007
0.62007
0.62007
0.62007
0.62007
0.62007
0.62007
0.62007
0.62007
0.62007
0.62007
0.62007
0.62007
0.62007
0.62007
0.62007
0.62007
0.62007
0.62007
0.62007
0.62007
)
;
    }
    procBoundary1to3
    {
        type            processor;
        value           nonuniform List<scalar> 
89
(
0.62007
0.62007
0.62007
0.62007
0.62007
0.62007
0.62007
0.62007
0.62007
0.62007
0.62007
0.62007
0.62007
0.62007
0.62007
0.62007
0.62007
0.62007
0.62007
0.62007
0.62007
0.62007
0.62007
0.62007
0.62007
0.62007
0.62007
0.62007
0.62007
0.62007
0.62007
0.62007
0.62007
0.62007
0.62007
0.62007
0.62007
0.62007
0.62007
0.62007
0.62007
0.62007
0.62007
0.62007
0.62007
0.62007
0.62007
0.62007
0.62007
0.62007
0.62007
0.62007
0.62007
0.62007
0.62007
0.62007
0.62007
0.62007
0.62007
0.62007
0.62007
0.62007
0.62007
0.62007
0.62007
0.62007
0.62007
0.62007
0.62007
0.62007
0.62007
0.62007
0.62007
0.62007
0.62007
0.62007
0.62007
0.62007
0.62007
0.62007
0.62007
0.62007
0.620071
0.620645
0.722605
1.1382
1.23792
1.21965
1.15284
)
;
    }
}


// ************************************************************************* //
