/*--------------------------------*- C++ -*----------------------------------*\
| =========                 |                                                 |
| \\      /  F ield         | OpenFOAM: The Open Source CFD Toolbox           |
|  \\    /   O peration     | Version:  2306                                  |
|   \\  /    A nd           | Website:  www.openfoam.com                      |
|    \\/     M anipulation  |                                                 |
\*---------------------------------------------------------------------------*/
FoamFile
{
    version     2.0;
    format      ascii;
    arch        "LSB;label=32;scalar=64";
    class       volScalarField;
    location    "0.0001";
    object      T;
}
// * * * * * * * * * * * * * * * * * * * * * * * * * * * * * * * * * * * * * //

dimensions      [0 0 0 1 0 0 0];

internalField   nonuniform List<scalar> 
9032
(
269.3
269.277
269.28
269.326
269.416
269.531
269.618
269.665
269.672
269.67
269.698
269.736
269.761
269.775
269.786
269.789
269.803
269.839
269.88
269.913
269.944
269.98
270.01
270.04
270.067
270.084
270.08
270.074
270.082
270.105
270.138
270.178
270.196
270.193
270.185
270.165
270.156
270.161
270.174
270.197
270.22
270.238
270.261
270.28
270.295
270.3
270.298
270.29
270.279
270.274
270.275
270.28
270.287
270.293
270.293
270.29
270.29
270.299
270.3
270.297
270.291
270.279
270.264
270.251
270.248
270.257
270.27
270.297
269.643
269.623
269.622
269.654
269.711
269.768
269.804
269.82
269.845
269.886
269.918
269.933
269.94
269.949
269.961
269.971
269.985
270.002
270.016
270.03
270.058
270.096
270.134
270.17
270.197
270.213
270.212
270.201
270.187
270.186
270.193
270.204
270.216
270.214
270.208
270.199
270.187
270.187
270.194
270.215
270.24
270.266
270.292
270.308
270.319
270.318
270.312
270.302
270.292
270.287
270.287
270.293
270.299
270.304
270.304
270.303
270.306
270.314
270.315
270.313
270.307
270.296
270.283
270.272
270.269
270.276
270.288
270.313
270.431
270.381
270.364
270.375
270.417
270.42
270.4
270.341
270.304
270.303
270.312
270.334
270.349
270.348
270.341
270.331
270.321
270.315
270.306
270.303
270.302
270.312
270.342
270.385
270.413
270.422
270.423
270.409
270.382
270.359
270.345
270.334
270.332
270.331
270.323
270.315
270.304
270.293
270.293
270.3
270.312
270.329
270.348
270.361
270.365
270.361
270.352
270.34
270.331
270.326
270.323
270.326
270.329
270.33
270.332
270.334
270.338
270.343
270.347
270.347
270.343
270.336
270.325
270.312
270.302
270.301
270.306
270.328
271.271
271.13
271.02
270.974
270.986
270.985
270.966
270.919
270.861
270.806
270.772
270.77
270.773
270.762
270.738
270.705
270.665
270.626
270.584
270.559
270.555
270.559
270.576
270.591
270.595
270.59
270.578
270.562
270.54
270.512
270.486
270.465
270.452
270.443
270.429
270.414
270.399
270.386
270.386
270.387
270.392
270.4
270.408
270.413
270.413
270.407
270.396
270.383
270.371
270.362
270.353
270.351
270.352
270.353
270.354
270.356
270.361
270.367
270.374
270.38
270.381
270.377
270.368
270.355
270.339
270.329
270.328
270.345
271.548
271.389
271.177
271.151
271.183
271.184
271.169
271.135
271.069
270.989
270.938
270.933
270.931
270.915
270.891
270.852
270.804
270.751
270.701
270.671
270.659
270.661
270.668
270.672
270.67
270.658
270.638
270.619
270.6
270.572
270.54
270.516
270.495
270.482
270.474
270.468
270.46
270.456
270.454
270.45
270.444
270.436
270.43
270.43
270.432
270.426
270.416
270.403
270.39
270.376
270.363
270.359
270.36
270.36
270.362
270.366
270.373
270.381
270.388
270.394
270.396
270.395
270.388
270.378
270.363
270.347
270.341
270.351
271.296
271.112
270.981
270.979
270.977
270.979
270.981
270.982
270.976
270.954
270.925
270.901
270.881
270.865
270.836
270.806
270.767
270.726
270.698
270.679
270.664
270.654
270.652
270.648
270.639
270.621
270.598
270.578
270.565
270.546
270.52
270.495
270.475
270.46
270.451
270.453
270.459
270.461
270.458
270.451
270.44
270.426
270.413
270.41
270.414
270.412
270.404
270.392
270.378
270.362
270.347
270.341
270.342
270.342
270.344
270.35
270.358
270.366
270.373
270.376
270.376
270.376
270.373
270.368
270.362
270.351
270.336
270.334
270.692
270.695
270.635
270.57
270.456
270.417
270.429
270.492
270.586
270.614
270.597
270.543
270.509
270.507
270.515
270.533
270.529
270.512
270.492
270.482
270.489
270.504
270.513
270.511
270.494
270.467
270.442
270.423
270.415
270.413
270.406
270.388
270.362
270.344
270.34
270.346
270.367
270.38
270.379
270.37
270.348
270.329
270.317
270.316
270.325
270.329
270.326
270.316
270.301
270.284
270.267
270.261
270.263
270.264
270.267
270.274
270.283
270.291
270.298
270.302
270.304
270.307
270.308
270.307
270.305
270.301
270.291
270.257
269.915
270.114
270.156
270.089
269.905
269.834
269.852
269.939
270.053
270.1
270.081
270.017
269.965
269.963
269.993
270.051
270.08
270.084
270.08
270.083
270.103
270.152
270.2
270.226
270.225
270.197
270.154
270.127
270.121
270.124
270.132
270.132
270.123
270.108
270.103
270.107
270.129
270.154
270.161
270.158
270.138
270.116
270.108
270.111
270.13
270.147
270.149
270.144
270.127
270.109
270.093
270.087
270.092
270.1
270.107
270.117
270.123
270.127
270.133
270.139
270.142
270.148
270.158
270.165
270.167
270.168
270.169
270.122
269.379
269.697
269.722
269.638
269.481
269.423
269.427
269.497
269.614
269.657
269.649
269.602
269.556
269.542
269.566
269.621
269.658
269.67
269.672
269.674
269.688
269.735
269.802
269.841
269.849
269.836
269.797
269.773
269.774
269.784
269.803
269.813
269.814
269.808
269.81
269.822
269.848
269.876
269.886
269.884
269.869
269.851
269.848
269.858
269.883
269.904
269.914
269.913
269.899
269.88
269.865
269.856
269.86
269.87
269.882
269.895
269.904
269.907
269.913
269.921
269.923
269.928
269.941
269.955
269.964
269.969
269.979
269.94
269.188
269.52
269.485
269.246
269.206
269.178
269.185
269.271
269.383
269.451
269.447
269.415
269.364
269.352
269.375
269.426
269.459
269.459
269.45
269.43
269.426
269.455
269.522
269.569
269.578
269.573
269.543
269.522
269.524
269.538
269.562
269.58
269.587
269.583
269.58
269.586
269.604
269.627
269.638
269.639
269.631
269.62
269.622
269.636
269.662
269.684
269.697
269.696
269.684
269.664
269.65
269.638
269.637
269.645
269.657
269.671
269.681
269.686
269.693
269.705
269.709
269.712
269.72
269.733
269.747
269.759
269.775
269.759
269.215
269.3
269.226
269.163
269.163
269.091
269.073
269.199
269.312
269.351
269.343
269.331
269.311
269.318
269.361
269.411
269.425
269.424
269.388
269.35
269.347
269.366
269.426
269.466
269.463
269.45
269.419
269.405
269.413
269.439
269.464
269.477
269.478
269.467
269.456
269.457
269.467
269.487
269.501
269.503
269.5
269.49
269.489
269.498
269.517
269.537
269.552
269.553
269.547
269.532
269.516
269.506
269.5
269.502
269.507
269.512
269.517
269.523
269.532
269.543
269.548
269.549
269.552
269.56
269.573
269.591
269.615
269.633
268.923
269.377
269.164
269.274
269.204
269.111
269.162
269.26
269.324
269.325
269.314
269.31
269.307
269.333
269.404
269.455
269.461
269.449
269.392
269.346
269.337
269.345
269.39
269.412
269.404
269.389
269.364
269.358
269.375
269.406
269.436
269.444
269.442
269.429
269.418
269.417
269.422
269.436
269.448
269.446
269.443
269.435
269.434
269.443
269.461
269.481
269.495
269.498
269.494
269.483
269.465
269.449
269.438
269.43
269.429
269.43
269.433
269.44
269.451
269.459
269.461
269.461
269.461
269.463
269.47
269.486
269.508
269.553
261.087
268.935
269.553
269.561
269.245
269.163
269.339
269.46
269.412
269.355
269.332
269.308
269.318
269.377
269.479
269.524
269.523
269.495
269.416
269.362
269.349
269.35
269.374
269.377
269.369
269.361
269.35
269.353
269.38
269.417
269.449
269.456
269.452
269.437
269.424
269.42
269.423
269.432
269.436
269.433
269.431
269.429
269.434
269.444
269.46
269.475
269.485
269.484
269.479
269.467
269.449
269.431
269.417
269.407
269.405
269.408
269.415
269.424
269.433
269.434
269.433
269.43
269.425
269.418
269.418
269.423
269.437
269.497
219.306
260.995
269.605
269.418
268.957
269.203
269.675
269.679
269.542
269.438
269.355
269.332
269.354
269.452
269.569
269.583
269.574
269.529
269.446
269.393
269.372
269.367
269.379
269.377
269.372
269.371
269.367
269.383
269.417
269.457
269.493
269.503
269.499
269.487
269.47
269.455
269.444
269.433
269.424
269.425
269.43
269.435
269.444
269.456
269.47
269.481
269.487
269.483
269.475
269.462
269.446
269.431
269.42
269.416
269.418
269.421
269.425
269.432
269.434
269.434
269.431
269.426
269.419
269.411
269.406
269.406
269.412
269.476
182.633
219.49
262.161
268.803
268.715
269.542
269.909
269.761
269.595
269.464
269.373
269.383
269.448
269.604
269.685
269.678
269.638
269.561
269.477
269.434
269.41
269.4
269.404
269.398
269.395
269.4
269.41
269.436
269.473
269.512
269.552
269.575
269.575
269.566
269.541
269.505
269.463
269.431
269.415
269.414
269.424
269.442
269.463
269.482
269.494
269.498
269.497
269.489
269.48
269.469
269.458
269.452
269.45
269.452
269.453
269.452
269.451
269.451
269.451
269.451
269.449
269.442
269.432
269.418
269.407
269.408
269.418
269.48
180.009
182.704
219.361
259.653
267.45
269.825
269.981
269.665
269.567
269.463
269.407
269.455
269.637
269.802
269.825
269.784
269.691
269.577
269.498
269.467
269.45
269.446
269.446
269.44
269.442
269.452
269.471
269.498
269.534
269.572
269.609
269.635
269.638
269.627
269.595
269.549
269.496
269.45
269.428
269.428
269.439
269.462
269.485
269.502
269.508
269.508
269.508
269.502
269.496
269.491
269.49
269.493
269.499
269.501
269.5
269.496
269.49
269.486
269.483
269.481
269.477
269.47
269.461
269.451
269.441
269.438
269.446
269.505
180
180.01
182.465
217.075
258.167
269.592
269.84
269.582
269.607
269.473
269.399
269.489
269.751
269.882
269.865
269.799
269.692
269.582
269.529
269.505
269.497
269.498
269.497
269.5
269.507
269.525
269.548
269.57
269.595
269.623
269.656
269.675
269.675
269.661
269.631
269.583
269.528
269.478
269.456
269.455
269.466
269.489
269.511
269.522
269.52
269.515
269.514
269.515
269.515
269.517
269.52
269.527
269.533
269.538
269.541
269.539
269.532
269.523
269.516
269.513
269.511
269.51
269.507
269.505
269.5
269.494
269.494
269.547
180
180
180.008
182.102
215.275
256.897
269.098
269.747
269.878
269.453
269.294
269.485
269.695
269.749
269.729
269.703
269.629
269.561
269.541
269.535
269.538
269.541
269.546
269.56
269.58
269.598
269.614
269.628
269.641
269.659
269.683
269.696
269.691
269.674
269.645
269.602
269.552
269.507
269.49
269.49
269.5
269.519
269.537
269.54
269.537
269.53
269.528
269.531
269.538
269.546
269.552
269.556
269.561
269.563
269.563
269.561
269.554
269.548
269.546
269.546
269.549
269.555
269.559
269.561
269.56
269.556
269.544
269.591
180
180
180
180.007
181.822
211.988
256.511
269.817
270.106
268.986
269.084
269.524
269.667
269.58
269.511
269.525
269.522
269.526
269.532
269.543
269.552
269.559
269.569
269.59
269.617
269.632
269.642
269.651
269.655
269.663
269.687
269.692
269.683
269.667
269.641
269.606
269.569
269.536
269.527
269.531
269.541
269.554
269.559
269.556
269.551
269.546
269.544
269.547
269.555
269.565
269.571
269.573
269.574
269.572
269.569
269.565
269.565
269.566
269.569
269.572
269.578
269.588
269.598
269.603
269.602
269.602
269.594
269.637
180
180
180
180
180.005
181.37
209.132
257.372
268.566
268.226
269.487
270.049
269.87
269.62
269.484
269.445
269.456
269.498
269.545
269.565
269.555
269.54
269.544
269.566
269.608
269.63
269.64
269.647
269.642
269.639
269.651
269.652
269.648
269.637
269.618
269.6
269.585
269.571
269.569
269.57
269.576
269.579
269.578
269.573
269.56
269.553
269.551
269.555
269.568
269.581
269.585
269.583
269.577
269.572
269.569
269.567
269.567
269.569
269.573
269.578
269.586
269.598
269.609
269.617
269.621
269.624
269.625
269.683
180
180
180
180
180
180.003
181.057
209.177
253.358
266.546
270.744
270.603
270.147
269.806
269.577
269.455
269.445
269.514
269.584
269.587
269.558
269.507
269.497
269.509
269.55
269.599
269.617
269.624
269.61
269.587
269.583
269.583
269.584
269.594
269.603
269.607
269.604
269.597
269.586
269.578
269.577
269.577
269.576
269.572
269.563
269.558
269.559
269.563
269.578
269.598
269.603
269.601
269.595
269.582
269.571
269.566
269.565
269.568
269.575
269.579
269.585
269.594
269.604
269.613
269.62
269.626
269.636
269.715
180
180
180
180
180
180
180.002
180.961
204.473
247.42
269.704
270.423
269.889
269.719
269.497
269.457
269.461
269.588
269.66
269.637
269.569
269.472
269.446
269.46
269.501
269.56
269.589
269.595
269.579
269.541
269.52
269.511
269.512
269.534
269.573
269.604
269.604
269.602
269.59
269.572
269.562
269.557
269.556
269.549
269.548
269.551
269.556
269.561
269.571
269.589
269.597
269.596
269.594
269.584
269.567
269.557
269.555
269.558
269.563
269.566
269.568
269.572
269.578
269.588
269.604
269.62
269.635
269.729
180
180
180
180
180
180
180
180.002
180.588
199.414
249.004
266.257
268.639
269.31
269.406
269.398
269.516
269.635
269.706
269.669
269.604
269.504
269.43
269.436
269.475
269.536
269.562
269.561
269.532
269.483
269.452
269.444
269.448
269.472
269.52
269.573
269.585
269.583
269.569
269.538
269.509
269.507
269.508
269.514
269.521
269.527
269.533
269.539
269.547
269.565
269.578
269.578
269.578
269.573
269.556
269.538
269.532
269.533
269.537
269.541
269.543
269.546
269.551
269.558
269.569
269.592
269.624
269.723
180
180
180
180
180
180
180
180
180.001
180.355
197.81
242.692
266.827
270.597
269.669
269.209
269.341
269.498
269.597
269.597
269.568
269.497
269.467
269.481
269.519
269.547
269.545
269.527
269.484
269.434
269.401
269.389
269.402
269.435
269.486
269.536
269.557
269.55
269.529
269.488
269.451
269.448
269.45
269.461
269.477
269.491
269.5
269.505
269.514
269.532
269.551
269.555
269.556
269.554
269.538
269.514
269.505
269.506
269.51
269.516
269.518
269.519
269.522
269.529
269.539
269.558
269.6
269.724
180
180
180
180
180
180
180
180
180
180
180.279
193.74
238.838
265.737
268.223
268.718
269.053
269.392
269.492
269.51
269.46
269.435
269.476
269.522
269.554
269.544
269.511
269.455
269.394
269.358
269.36
269.366
269.398
269.446
269.492
269.526
269.538
269.515
269.48
269.439
269.405
269.402
269.408
269.425
269.445
269.463
269.471
269.475
269.481
269.496
269.519
269.527
269.528
269.527
269.513
269.488
269.481
269.485
269.494
269.507
269.511
269.509
269.506
269.508
269.518
269.539
269.586
269.736
180
180
180
180
180
180
180
180
180
180
180
180.155
190.002
234.154
264.036
269.239
269.668
269.49
269.384
269.262
269.255
269.331
269.455
269.556
269.58
269.526
269.426
269.335
269.298
269.302
269.324
269.368
269.429
269.486
269.522
269.531
269.523
269.489
269.447
269.408
269.385
269.384
269.39
269.408
269.425
269.438
269.444
269.445
269.447
269.457
269.473
269.485
269.488
269.49
269.485
269.469
269.466
269.471
269.484
269.503
269.514
269.515
269.513
269.508
269.515
269.537
269.594
269.769
180
180
180
180
180
180
180
180
180
180
180
180
180.089
187.44
227.778
260.324
269.286
269.56
269.45
269.185
269.153
269.318
269.533
269.63
269.589
269.484
269.371
269.297
269.284
269.303
269.346
269.409
269.482
269.547
269.564
269.56
269.533
269.49
269.443
269.405
269.389
269.39
269.397
269.414
269.43
269.441
269.447
269.446
269.447
269.455
269.466
269.471
269.471
269.47
269.46
269.448
269.451
269.46
269.477
269.499
269.517
269.524
269.527
269.526
269.532
269.558
269.624
269.829
180
180
180
180
180
180
180
180
180
180
180
180
180
180.051
184.561
219.223
260.584
269.629
269.514
269.54
269.381
269.513
269.664
269.715
269.632
269.507
269.395
269.357
269.369
269.394
269.441
269.498
269.551
269.598
269.602
269.591
269.56
269.519
269.473
269.44
269.425
269.421
269.424
269.435
269.453
269.472
269.488
269.492
269.489
269.491
269.491
269.489
269.485
269.476
269.457
269.441
269.443
269.448
269.464
269.493
269.519
269.533
269.54
269.546
269.56
269.597
269.68
269.918
180
180
180
180
180
180
180
180
180
180
180
180
180
180
180.02
182.583
215.004
255.361
269.19
269.847
269.669
269.621
269.793
269.816
269.685
269.534
269.447
269.461
269.494
269.533
269.562
269.577
269.591
269.615
269.606
269.591
269.576
269.548
269.514
269.487
269.467
269.454
269.454
269.457
269.475
269.502
269.53
269.55
269.557
269.558
269.549
269.533
269.515
269.495
269.469
269.451
269.448
269.448
269.454
269.478
269.512
269.539
269.553
269.567
269.59
269.643
269.751
270.029
180
180
180
180
180
180
180
180
180
180
180
180
180
180
180
180.009
181.59
208.459
252.194
266.481
268.985
269.475
269.727
269.73
269.617
269.48
269.464
269.501
269.573
269.609
269.609
269.593
269.581
269.587
269.576
269.574
269.565
269.557
269.535
269.516
269.49
269.467
269.465
269.462
269.477
269.508
269.543
269.575
269.596
269.602
269.595
269.581
269.556
269.522
269.491
269.47
269.458
269.452
269.454
269.468
269.501
269.531
269.555
269.58
269.619
269.692
269.829
270.148
180
180
180
180
180
180
180
180
180
180
180
180
180
180
180
180
180.004
180.902
200.327
244.481
266.877
270.392
269.99
269.451
269.442
269.434
269.45
269.483
269.545
269.569
269.576
269.571
269.558
269.551
269.544
269.539
269.541
269.539
269.523
269.514
269.486
269.46
269.444
269.432
269.443
269.473
269.511
269.56
269.599
269.61
269.607
269.599
269.584
269.557
269.522
269.493
269.471
269.457
269.455
269.466
269.496
269.526
269.554
269.586
269.638
269.733
269.905
270.265
180
180
180
180
180
180
180
180
180
180
180
180
180
180
180
180
180
180.002
180.342
194.776
237.676
266.47
268.493
269.133
269.437
269.535
269.507
269.507
269.506
269.51
269.513
269.525
269.533
269.54
269.532
269.512
269.517
269.52
269.506
269.499
269.469
269.438
269.417
269.403
269.409
269.434
269.465
269.505
269.548
269.574
269.583
269.586
269.582
269.566
269.538
269.506
269.48
269.464
269.463
269.472
269.496
269.526
269.556
269.593
269.655
269.773
269.981
270.37
180
180
180
180
180
180
180
180
180
180
180
180
180
180
180
180
180
180
180
180.193
189.302
230.98
260.532
269.843
270.078
269.792
269.589
269.575
269.585
269.53
269.505
269.518
269.543
269.56
269.562
269.554
269.544
269.53
269.509
269.489
269.456
269.424
269.402
269.387
269.39
269.407
269.432
269.462
269.492
269.519
269.54
269.556
269.56
269.556
269.539
269.505
269.474
269.46
269.464
269.48
269.507
269.536
269.564
269.604
269.681
269.824
270.067
270.466
180
180
180
180
180
180
180
180
180
180
180
180
180
180
180
180
180
180
180
180
180.075
185.427
219.819
258.992
268.227
269.075
269.423
269.65
269.634
269.579
269.505
269.496
269.535
269.568
269.579
269.591
269.586
269.57
269.545
269.513
269.482
269.45
269.421
269.412
269.415
269.421
269.432
269.448
269.469
269.493
269.519
269.543
269.55
269.545
269.525
269.49
269.458
269.451
269.458
269.483
269.517
269.548
269.58
269.623
269.714
269.888
270.165
270.558
180
180
180
180
180
180
180
180
180
180
180
180
180
180
180
180
180
180
180
180
180
180.027
182.597
211.192
252.528
268.485
270.11
270.011
269.493
269.505
269.457
269.441
269.466
269.505
269.554
269.589
269.588
269.585
269.566
269.543
269.522
269.482
269.446
269.435
269.433
269.445
269.459
269.472
269.48
269.493
269.519
269.545
269.552
269.546
269.522
269.477
269.443
269.435
269.445
269.479
269.522
269.557
269.591
269.642
269.754
269.962
270.271
270.639
180
180
180
180
180
180
180
180
180
180
180
180
180
180
180
180
180
180
180
180
180
180
180.009
181.079
203.581
246.832
265.669
268.779
269.16
269.425
269.384
269.396
269.413
269.444
269.484
269.519
269.52
269.53
269.55
269.551
269.543
269.507
269.469
269.451
269.446
269.456
269.47
269.482
269.499
269.521
269.551
269.576
269.578
269.568
269.533
269.477
269.442
269.432
269.441
269.477
269.525
269.563
269.601
269.665
269.804
270.05
270.38
270.703
180
180
180
180
180
180
180
180
180
180
180
180
180
180
180
180
180
180
180
180
180
180
180
180.002
180.536
194.649
236.24
263.386
270.124
270.066
269.587
269.469
269.444
269.482
269.53
269.511
269.476
269.453
269.486
269.526
269.535
269.519
269.477
269.444
269.429
269.438
269.457
269.479
269.501
269.529
269.566
269.592
269.595
269.585
269.548
269.491
269.454
269.441
269.449
269.487
269.534
269.571
269.614
269.694
269.863
270.148
270.483
270.749
180
180
180
180
180
180
180
180
180
180
180
180
180
180
180
180
180
180
180
180
180
180
180
180
180.001
180.166
188.401
224.721
261.937
267.83
268.974
269.461
269.682
269.678
269.601
269.509
269.447
269.429
269.465
269.523
269.546
269.534
269.497
269.455
269.421
269.416
269.419
269.438
269.474
269.519
269.563
269.587
269.594
269.586
269.552
269.501
269.473
269.463
269.475
269.512
269.552
269.59
269.638
269.738
269.94
270.257
270.572
270.782
180
180
180
180
180
180
180
180
180
180
180
180
180
180
180
180
180
180
180
180
180
180
180
180
180
180
180.062
183.673
216.109
252.95
268.938
270.396
270.391
269.862
269.537
269.461
269.499
269.552
269.577
269.587
269.578
269.558
269.527
269.482
269.437
269.415
269.414
269.422
269.447
269.495
269.544
269.567
269.576
269.567
269.536
269.501
269.482
269.477
269.494
269.533
269.568
269.608
269.67
269.798
270.037
270.371
270.65
270.809
180
180
180
180
180
180
180
180
180
180
180
180
180
180
180
180
180
180
180
180
180
180
180
180
180
180
180
180.015
181.62
204.343
247.13
265.285
269.304
269.271
269.192
269.345
269.581
269.675
269.678
269.638
269.601
269.575
269.56
269.539
269.497
269.452
269.433
269.435
269.451
269.49
269.53
269.55
269.557
269.544
269.513
269.492
269.481
269.484
269.507
269.547
269.581
269.626
269.705
269.869
270.144
270.477
270.717
270.827
180
180
180
180
180
180
180
180
180
180
180
180
180
180
180
180
180
180
180
180
180
180
180
180
180
180
180
180
180.004
180.56
194.738
235.65
263.961
269.923
269.649
269.619
269.721
269.627
269.592
269.534
269.503
269.528
269.558
269.559
269.531
269.482
269.453
269.452
269.461
269.491
269.523
269.544
269.551
269.541
269.513
269.497
269.489
269.49
269.514
269.553
269.586
269.636
269.74
269.942
270.249
270.561
270.764
270.838
180
180
180
180
180
180
180
180
180
180
180
180
180
180
180
180
180
180
180
180
180
180
180
180
180
180
180
180
180
180.001
180.168
188.079
223.315
259.596
267.35
269.115
269.416
269.206
269.334
269.38
269.4
269.466
269.529
269.524
269.504
269.461
269.436
269.44
269.454
269.48
269.51
269.533
269.55
269.547
269.522
269.506
269.495
269.496
269.521
269.559
269.595
269.658
269.787
270.02
270.34
270.617
270.785
270.842
180
180
180
180
180
180
180
180
180
180
180
180
180
180
180
180
180
180
180
180
180
180
180
180
180
180
180
180
180
180
180
180.056
182.999
212.419
250.292
269.033
269.713
269.512
269.474
269.433
269.427
269.467
269.489
269.48
269.476
269.447
269.416
269.406
269.395
269.414
269.464
269.507
269.541
269.546
269.527
269.508
269.496
269.497
269.527
269.571
269.615
269.696
269.849
270.108
270.423
270.664
270.798
270.848
180
180
180
180
180
180
180
180
180
180
180
180
180
180
180
180
180
180
180
180
180
180
180
180
180
180
180
180
180
180
180
180
180.01
181.173
199.464
242.31
263.322
269.916
270.101
269.786
269.593
269.525
269.539
269.54
269.544
269.534
269.486
269.411
269.366
269.37
269.422
269.49
269.53
269.538
269.515
269.487
269.475
269.481
269.522
269.585
269.645
269.742
269.921
270.2
270.497
270.707
270.82
270.868
180
180
180
180
180
180
180
180
180
180
180
180
180
180
180
180
180
180
180
180
180
180
180
180
180
180
180
180
180
180
180
180
180
180.002
180.328
190.538
226.414
261.028
268.993
269.148
269.585
269.807
269.664
269.648
269.642
269.639
269.598
269.488
269.407
269.403
269.439
269.514
269.542
269.539
269.508
269.463
269.456
269.47
269.517
269.591
269.669
269.785
269.992
270.283
270.552
270.745
270.849
270.896
180
180
180
180
180
180
180
180
180
180
180
180
180
180
180
180
180
180
180
180
180
180
180
180
180
180
180
180
180
180
180
180
180
180
180
180.084
184.145
213.964
252.322
266.96
270.428
270.247
269.622
269.557
269.569
269.562
269.544
269.477
269.457
269.477
269.527
269.57
269.572
269.553
269.514
269.473
269.462
269.483
269.533
269.604
269.69
269.823
270.051
270.342
270.586
270.776
270.88
270.924
180
180
180
180
180
180
180
180
180
180
180
180
180
180
180
180
180
180
180
180
180
180
180
180
180
180
180
180
180
180
180
180
180
180
180
180
180.018
181.326
202.088
241.236
266.38
268.193
268.959
269.273
269.478
269.411
269.351
269.359
269.43
269.521
269.571
269.57
269.554
269.522
269.497
269.495
269.501
269.526
269.572
269.631
269.721
269.871
270.113
270.391
270.62
270.809
270.903
270.938
180
180
180
180
180
180
180
180
180
180
180
180
180
180
180
180
180
180
180
180
180
180
180
180
180
180
180
180
180
180
180
180
180
180
180
180
180
180.003
180.429
190.679
228.664
258.073
269.869
270.359
270.158
269.508
269.251
269.266
269.377
269.504
269.528
269.511
269.47
269.452
269.468
269.508
269.539
269.567
269.6
269.652
269.754
269.929
270.189
270.455
270.678
270.855
270.923
270.939
180
180
180
180
180
180
180
180
180
180
180
180
180
180
180
180
180
180
180
180
180
180
180
180
180
180
180
180
180
180
180
180
180
180
180
180
180
180
180
180.093
184.303
212.259
252.413
266.363
269.063
269.138
269.199
269.38
269.595
269.593
269.538
269.452
269.418
269.429
269.47
269.526
269.566
269.588
269.605
269.652
269.771
269.978
270.262
270.527
270.75
270.902
270.933
270.935
180
180
180
180
180
180
180
180
180
180
180
180
180
180
180
180
180
180
180
180
180
180
180
180
180
180
180
180
180
180
180
180
180
180
180
180
180
180
180
180
180.019
181.204
199.312
238.763
263.598
269.913
270.012
269.983
270.028
269.789
269.541
269.412
269.428
269.476
269.532
269.578
269.594
269.598
269.606
269.652
269.784
270.022
270.326
270.595
270.822
270.929
270.927
270.92
180
180
180
180
180
180
180
180
180
180
180
180
180
180
180
180
180
180
180
180
180
180
180
180
180
180
180
180
180
180
180
180
180
180
180
180
180
180
180
180
180
180.002
180.295
189.513
223.131
258.259
266.916
269.211
269.71
269.372
269.201
269.285
269.42
269.559
269.626
269.626
269.613
269.609
269.619
269.675
269.825
270.088
270.398
270.67
270.881
270.921
270.907
270.891
180
180
180
180
180
180
180
180
180
180
180
180
180
180
180
180
180
180
180
180
180
180
180
180
180
180
180
180
180
180
180
180
180
180
180
180
180
180
180
180
180
180
180
180.073
182.883
209.104
245.51
267.596
269.451
269.006
269.182
269.3
269.475
269.592
269.613
269.588
269.581
269.579
269.602
269.696
269.884
270.179
270.492
270.763
270.903
270.898
270.873
270.855
180
180
180
180
180
180
180
180
180
180
180
180
180
180
180
180
180
180
180
180
180
180
180
180
180
180
180
180
180
180
180
180
180
180
180
180
180
180
180
180
180
180
180
180
180.01
180.818
194.329
232.851
259.877
268.87
270.06
269.967
269.566
269.604
269.612
269.561
269.562
269.545
269.582
269.715
269.95
270.27
270.581
270.832
270.885
270.864
270.833
270.827
180
180
180
180
180
180
180
180
180
180
180
180
180
180
180
180
180
180
180
180
180
180
180
180
180
180
180
180
180
180
180
180
180
180
180
180
180
180
180
180
180
180
180
180
180
180.001
180.165
185.423
214.859
251.918
267.489
268.454
268.894
269.438
269.682
269.706
269.638
269.563
269.596
269.748
270.023
270.356
270.659
270.844
270.848
270.815
270.803
270.814
180
180
180
180
180
180
180
180
180
180
180
180
180
180
180
180
180
180
180
180
180
180
180
180
180
180
180
180
180
180
180
180
180
180
180
180
180
180
180
180
180
180
180
180
180
180
180
180.026
181.487
199.022
238.383
261.155
269.489
270.328
270.291
269.911
269.628
269.526
269.605
269.794
270.109
270.458
270.749
270.859
270.841
270.791
270.783
270.815
180
180
180
180
180
180
180
180
180
180
180
180
180
180
180
180
180
180
180
180
180
180
180
180
180
180
180
180
180
180
180
180
180
180
180
180
180
180
180
180
180
180
180
180
180
180
180
180
180.003
180.284
188.535
219.047
256.59
266.631
269.281
269.272
269.201
269.307
269.536
269.843
270.217
270.568
270.838
270.879
270.852
270.793
270.783
270.825
180
180
180
180
180
180
180
180
180
180
180
180
180
180
180
180
180
180
180
180
180
180
180
180
180
180
180
180
180
180
180
180
180
180
180
180
180
180
180
180
180
180
180
180
180
180
180
180
180
180
180.061
182.151
204.534
241.048
264.782
270.167
269.862
269.803
269.956
270.054
270.368
270.666
270.864
270.867
270.837
270.795
270.801
270.857
180
180
180
180
180
180
180
180
180
180
180
180
180
180
180
180
180
180
180
180
180
180
180
180
180
180
180
180
180
180
180
180
180
180
180
180
180
180
180
180
180
180
180
180
180
180
180
180
180
180
180
180.006
180.505
190.723
224.238
257.078
266.747
269.903
270.239
270.06
270.425
270.695
270.838
270.828
270.817
270.823
270.868
270.959
180
180
180
180
180
180
180
180
180
180
180
180
180
180
180
180
180
180
180
180
180
180
180
180
180
180
180
180
180
180
180
180
180
180
180
180
180
180
180
180
180
180
180
180
180
180
180
180
180
180
180
180
180.001
180.089
182.939
206.926
242.301
266.609
268.65
269.287
270.227
270.787
270.896
270.874
270.868
270.908
270.991
271.119
180
180
180
180
180
180
180
180
180
180
180
180
180
180
180
180
180
180
180
180
180
180
180
180
180
180
180
180
180
180
180
180
180
180
180
180
180
180
180
180
180
180
180
180
180
180
180
180
180
180
180
180
180
180
180.009
180.663
191.09
226.536
255.597
269.169
271.738
271.72
271.284
270.979
270.966
270.99
271.053
271.183
180
180
180
180
180
180
180
180
180
180
180
180
180
180
180
180
180
180
180
180
180
180
180
180
180
180
180
180
180
180
180
180
180
180
180
180
180
180
180
180
180
180
180
180
180
180
180
180
180
180
180
180
180
180
180
180.001
180.096
183.387
206.329
246.592
265.37
269.937
270.694
270.808
270.817
270.896
271.044
271.301
180
180
180
180
180
180
180
180
180
180
180
180
180
180
180
180
180
180
180
180
180
180
180
180
180
180
180
180
180
180
180
180
180
180
180
180
180
180
180
180
180
180
180
180
180
180
180
180
180
180
180
180
180
180
180
180
180
180.012
180.647
192.939
227.638
259.807
271.515
271.504
271.294
271.301
271.4
271.62
180
180
180
180
180
180
180
180
180
180
180
180
180
180
180
180
180
180
180
180
180
180
180
180
180
180
180
180
180
180
180
180
180
180
180
180
180
180
180
180
180
180
180
180
180
180
180
180
180
180
180
180
180
180
180
180
180
180
180.001
180.126
184.028
209.641
249.832
266.338
271.809
271.937
271.902
271.825
180
180
180
180
180
180
180
180
180
180
180
180
180
180
180
180
180
180
180
180
180
180
180
180
180
180
180
180
180
180
180
180
180
180
180
180
180
180
180
180
180
180
180
180
180
180
180
180
180
180
180
180
180
180
180
180
180
180
180
180
180.016
180.829
195.408
229.986
263.339
269.751
270.775
271.232
180
180
180
180
180
180
180
180
180
180
180
180
180
180
180
180
180
180
180
180
180
180
180
180
180
180
180
180
180
180
180
180
180
180
180
180
180
180
180
180
180
180
180
180
180
180
180
180
180
180
180
180
180
180
180
180
180
180
180
180
180
180.001
180.172
184.422
213.017
248.997
268.907
272.354
180
180
180
180
180
180
180
180
180
180
180
180
180
180
180
180
180
180
180
180
180
180
180
180
180
180
180
180
180
180
180
180
180
180
180
180
180
180
180
180
180
180
180
180
180
180
180
180
180
180
180
180
180
180
180
180
180
180
180
180
180
180
180
180.019
181.062
195.386
232.984
261.614
180
180
180
180
180
180
180
180
180
180
180
180
180
180
180
180
180
180
180
180
180
180
180
180
180
180
180
180
180
180
180
180
180
180
180
180
180
180
180
180
180
180
180
180
180
180
180
180
180
180
180
180
180
180
180
180
180
180
180
180
180
180
180
180
180.002
180.167
185.356
209.866
180
180
180
180
180
180
180
180
180
180
180
180
180
180
180
180
180
180
180
180
180
180
180
180
180
180
180
180
180
180
180
180
180
180
180
180
180
180
180
180
180
180
180
180
180
180
180
180
180
180
180
180
180
180
180
180
180
180
180
180
180
180
180
180
180
180
180.056
178.873
180
180
180
180
180
180
180
180
180
180
180
180
180
180
180
180
180
180
180
180
180
180
180
180
180
180
180
180
180
180
180
180
180
180
180
180
180
180
180
180
180
180
180
180
180
180
180
180
180
180
180
180
180
180
180
180
180
180
180
180
180
180
180
180
180
180
180
179.87
180
180
180
180
180
180
180
180
180
180
180
180
180
180
180
180
180
180
180
180
180
180
180
180
180
180
180
180
180
180
180
180
180
180
180
180
180
180
180
180
180
180
180
180
180
180
180
180
180
180
180
180
180
180
180
180
180
180
180
180
180
180
180
180
180
180
180
179.998
180
180
180
180
180
180
180
180
180
180
180
180
180
180
180
180
180
180
180
180
180
180
180
180
180
180
180
180
180
180
180
180
180
180
180
180
180
180
180
180
180
180
180
180
180
180
180
180
180
180
180
180
180
180
180
180
180
180
180
180
180
180
180
180
180
180
180
180
180
180
180
180
180
180
180
180
180
180
180
180
180
180
180
180
180
180
180
180
180
180
180
180
180
180
180
180
180
180
180
180
180
180
180
180
180
180
180
180
180
180
180
180
180
180
180
180
180
180
180
180
180
180
180
180
180
180
180
180
180
180
180
180
180
180
180
180
180
180
180
180
180
180
180
180
180
180
180
180
180
180
180
180
180
180
180
180
180
180
180
180
180
180
180
180
180
180
180
180
180
180
180
180
180
180
180
180
180
180
180
180
180
180
180
180
180
180
180
180
180
180
180
180
180
180
180
180
180
180
180
180
180
180
180
180
180
180
180
180
180
180
180
180
180
180
180
180
180
180
180
180
180
180
180
180
180
180
180
180
180
180
180
180
180
180
180
180
180
180
180
180
180
180
180
180
180
180
180
180
180
180
180
180
180
180
180
180
180
180
180
180
180
180
180
180
180
180
180
180
180
180
180
180
180
180
180
180
180
180
180
180
180
180
180
180
180
180
180
180
180
180
180
180
180
180
180
180
180
180
180
180
180
180
180
180
180
180
180
180
180
180
180
180
180
180
180
180
180
180
180
180
180
180
180
180
180
180
180
180
180
180
180
180
180
180
180
180
180
180
180
180
180
180
180
180
180
180
180
180
180
180
180
180
180
180
180
180
180
180
180
180
180
180
180
180
180
180
180
180
180
180
180
180
180
180
180
180
180
180
180
180
180
180
180
180
180
180
180
180
180
180
180
180
180
180
180
180
180
180
180
180
180
180
180
180
180
180
180
180
180
180
180
180
180
180
180
180
180
180
180
180
180
180
180
180
180
180
180
180
180
180
180
180
180
180
180
180
180
180
180
180
180
180
180
180
180
180
180
180
180
180
180
180
180
180
180
180
180
180
180
180
180
180
180
180
180
180
180
180
180
180
180
180
180
180
180
180
180
180
180
180
180
180
180
180
180
180
180
180
180
180
180
180
180
180
180
180
180
180
180
180
180
180
180
180
180
180
180
180
180
180
180
180
180
180
180
180
180
180
180
180
180
180
180
180
180
180
180
180
180
180
180
180
180
180
180
180
180
180
180
180
180
180
180
180
180
180
180
180
180
180
180
180
180
180
180
180
180
180
180
180
180
180
180
180
180
180
180
180
180
180
180
180
180
180
180
180
180
180
180
180
180
180
180
180
180
180
180
180
180
180
180
180
180
180
180
180
180
180
180
180
180
180
180
180
180
180
180
180
180
180
180
180
180
180
180
180
180
180
180
180
180
180
180
180
180
180
180
180
180
180
180
180
180
180
180
180
180
180
180
180
180
180
180
180
180
180
180
180
180
180
180
180
180
180
180
180
180
180
180
180
180
180
180
180
180
180
180
180
180
180
180
180
180
180
180
180
180
180
180
180
180
180
180
180
180
180
180
180
180
180
180
180
180
180
180
180
180
180
180
180
180
180
180
180
180
180
180
180
180
180
180
180
180
180
180
180
180
180
180
180
180
180
180
180
180
180
180
180
180
180
180
180
180
180
180
180
180
180
180
180
180
180
180
180
180
180
180
180
180
180
180
180
180
180
180
180
180
180
180
180
180
180
180
180
180
180
180
180
180
180
180
180
180
180
180
180
180
180
180
180
180
180
180
180
180
180
180
180
180
180
180
180
180
180
180
180
180
180
180
180
180
180
180
180
180
180
180
180
180
180
180
180
180
180
180
180
180
180
180
180
180
180
180
180
180
180
180
180
180
180
180
180
180
180
180
180
180
180
180
180
180
180
180
180
180
180
180
180
180
180
180
180
180
180
180
180
180
180
180
180
180
180
180
180
180
180
180
180
180
180
180
180
180
180
180
180
180
180
180
180
180
180
180
180
180
180
180
180
180
180
180
180
180
180
180
180
180
180
180
180
180
180
180
180
180
180
180
180
180
180
180
180
180
180
180
180
180
180
180
180
180
180
180
180
180
180
180
180
180
180
180
180
180
180
180
180
180
180
180
180
180
180
180
180
180
180
180
180
180
180
180
180
180
180
180
180
180
180
180
180
180
180
180
180
180
180
180
180
180
180
180
180
180
180
180
180
180
180
180
180
180
180
180
180
180
180
180
180
180
180
180
180
180
180
180
180
180
180
180
180
180
180
180
180
180
180
180
180
180
180
180
180
180
180
180
180
180
180
180
180
180
180
180
180
180
180
180
180
180
180
180
180
180
180
180
180
180
180
180
180
180
180
180
180
180
180
180
180
180
180
180
180
180
180
180
180
180
180
180
180
180
180
180
180
180
180
180
180
180
180
180
180
180
180
180
180
180
180
180
180
180
180
180
180
180
180
180
180
180
180
180
180
180
180
180
180
180
180
180
180
180
180
180
180
180
180
180
180
180
180
180
180
180
180
180
180
180
180
180
180
180
180
180
180
180
180
180
180
180
180
180
180
180
180
180
180
180
180
180
180
180
180
180
180
180
180
180
180
180
180
180
180
180
180
180
180
180
180
180
180
180
180
180
180
180
180
180
180
180
180
180
180
180
180
180
180
180
180
180
180
180
180
180
180
180
180
180
180
180
180
180
180
180
180
180
180
180
180
180
180
180
180
180
180
180
180
180
180
180
180
180
180
180
180
180
180
180
180
180
180
180
180
180
180
180
180
180
180
180
180
180
180
180
180
180
180
180
180
180
180
180
180
180
180
180
180
180
180
180
180
180
180
180
180
180
180
180
180
180
180
180
180
180
180
180
180
180
180
180
180
180
180
180
180
180
180
180
180
180
180
180
180
180
180
180
180
180
180
180
180
180
180
180
180
180
180
180
180
180
180
180
180
180
180
180
180
180
180
180
180
180
180
180
180
180
180
180
180
180
180
180
180
180
180
180
180
180
180
180
180
180
180
180
180
180
180
180
180
180
180
180
180
180
180
180
180
180
180
180
180
180
180
180
180
180
180
180
180
180
180
180
180
180
180
180
180
180
180
180
180
180
180
180
180
180
180
180
180
180
180
180
180
180
180
180
180
180
180
180
180
180
180
180
180
180
180
180
180
180
180
180
180
180
180
180
180
180
180
180
180
180
180
180
180
180
180
180
180
180
180
180
180
180
180
180
180
180
180
180
180
180
180
180
180
180
180
180
180
180
180
180
180
180
180
180
180
180
180
180
180
180
180
180
180
180
180
180
180
180
180
180
180
180
180
180
180
180
180
180
180
180
180
180
180
180
180
180
180
180
180
180
180
180
180
180
180
180
180
180
180
180
180
180
180
180
180
180
180
180
180
180
180
180
180
180
180
180
180
180
180
180
180
180
180
180
180
180
180
180
180
180
180
180
180
180
180
180
180
180
180
180
180
180
180
180
180
180
180
180
180
180
180
180
180
180
180
180
180
180
180
180
180
180
180
180
180
180
180
180
180
180
180
180
180
180
180
180
180
180
180
180
180
180
180
180
180
180
180
180
180
180
180
180
180
180
180
180
180
180
180
180
180
180
180
180
180
180
180
180
180
180
180
180
180
180
180
180
180
180
180
180
180
180
180
180
180
180
180
180
180
180
180
180
180
180
180
180
180
180
180
180
180
180
180
180
180
180
180
180
180
180
180
180
180
180
180
180
180
180
180
180
180
180
180
180
180
180
180
180
180
180
180
180
180
180
180
180
180
180
180
180
180
180
180
180
180
180
180
180
180
180
180
180
180
180
180
180
180
180
180
180
180
180
180
180
180
180
180
180
180
180
180
180
180
180
180
180
180
180
180
180
180
180
180
180
180
180
180
180
180
180
180
180
180
180
180
180
180
180
180
180
180
180
180
180
180
180
180
180
180
180
180
180
180
180
180
180
180
180
180
180
180
180
180
180
180
180
180
180
180
180
180
180
180
180
180
180
180
180
180
180
180
180
180
180
180
180
180
180
180
180
180
180
180
180
180
180
180
180
180
180
180
180
180
180
180
180
180
180
180
180
180
180
180
180
180
180
180
180
180
180
180
180
180
180
180
180
180
180
180
180
180
180
180
180
180
180
180
180
180
180
180
180
180
180
180
180
180
180
180
180
180
180
180
180
180
180
180
180
180
180
180
180
180
180
180
180
180
180
180
180
180
180
180
180
180
180
180
180
180
180
180
180
180
180
180
180
180
180
180
180
180
180
180
180
180
180
180
180
180
180
180
180
180
180
180
180
180
180
180
180
180
180
180
180
180
180
180
180
180
180
180
180
180
180
180
180
180
180
180
180
180
180
180
180
180
180
180
180
180
180
180
180
180
180
180
180
180
180
180
180
180
180
180
180
180
180
180
180
180
180
180
180
180
180
180
180
180
180
180
180
180
180
180
180
180
180
180
180
180
180
180
180
180
180
180
180
180
180
180
180
180
180
180
180
180
180
180
180
180
180
180
180
180
180
180
180
180
180
180
180
180
180
180
180
180
180
180
180
180
180
180
180
180
180
180
180
180
180
180
180
180
180
180
180
180
180
180
180
180
180
180
180
180
180
180
180
180
180
180
180
180
180
180
180
180
180
180
180
180
180
180
180
180
180
180
180
180
180
180
180
180
180
180
180
180
180
180
180
180
180
180
180
180
180
180
180
180
180
180
180
180
180
180
180
180
180
180
180
180
180
180
180
180
180
180
180
180
180
180
180
180
180
180
180
180
180
180
180
180
180
180
180
180
180
180
180
180
180
180
180
180
180
180
180
180
180
180
180
180
180
180
180
180
180
180
180
180
180
180
180
180
180
180
180
180
180
180
180
180
180
180
180
180
180
180
180
180
180
180
180
180
180
180
180
180
180
180
180
180
180
180
180
180
180
180
180
180
180
180
180
180
180
180
180
180
180
180
180
180
180
180
180
180
180
180
180
180
180
180
180
180
180
180
180
180
180
180
180
180
180
180
180
180
180
180
180
180
180
180
180
180
180
180
180
180
180
180
180
180
180
180
221.67
190.923
193.892
195.52
199.273
201.629
201.14
200.182
199.857
199.877
199.932
199.947
199.835
199.626
199.405
199.23
199.049
198.85
198.684
198.398
243.452
214.377
205.05
197.747
197.826
199.289
199.201
199.165
199.158
199.214
199.347
199.431
199.365
199.222
199.065
198.918
198.766
198.597
198.459
198.214
251.075
224.244
207.622
196.616
196.024
195.661
196.23
197.096
197.426
197.583
197.852
198.056
198.14
198.127
198.075
198.01
197.948
197.87
197.79
197.624
256.164
233.726
214.87
199.963
195.91
193.144
193.715
195.184
195.617
195.842
196.134
196.365
196.558
196.644
196.696
196.722
196.732
196.731
196.733
196.691
259.818
241.179
222.157
205.945
197.614
192.152
193.165
194.153
194.466
194.712
194.945
195.119
195.292
195.425
195.488
195.522
195.558
195.592
195.634
195.663
262.404
246.84
229.152
213.259
202.142
193.295
193.516
193.336
193.699
194.259
194.442
194.486
194.604
194.733
194.761
194.768
194.78
194.802
194.836
194.858
264.198
251.181
235.189
220.044
207.278
196.437
194.433
192.885
193.301
193.993
194.314
194.25
194.326
194.426
194.433
194.418
194.393
194.379
194.386
194.369
265.465
254.465
240.249
225.898
212.853
201.46
196.264
193.258
193.335
193.857
194.173
194.148
194.237
194.325
194.321
194.292
194.239
194.196
194.179
194.12
266.33
257.021
244.354
230.978
218.272
206.461
198.799
193.491
193.688
193.908
193.959
194.068
194.193
194.258
194.259
194.23
194.166
194.116
194.088
194.002
266.925
259.02
247.677
235.418
223.041
211.501
202.47
194.714
194.631
193.94
193.753
193.977
194.17
194.184
194.201
194.179
194.118
194.068
194.035
193.935
267.388
260.594
250.488
239.132
227.378
216.228
206.302
197.4
195.346
193.601
193.606
193.865
194.107
194.095
194.128
194.115
194.065
194.02
193.981
193.878
267.774
261.906
252.84
242.333
231.249
220.406
210.377
200.959
196.499
193.48
193.562
193.894
193.96
193.981
194.039
194.03
193.997
193.957
193.914
193.812
268.097
263.038
254.832
245.174
234.611
224.285
214.291
204.748
198.362
193.649
193.931
193.845
193.732
193.846
193.942
193.928
193.91
193.876
193.829
193.731
268.38
264.015
256.615
247.652
237.691
227.804
217.929
208.576
200.9
194.411
194.486
193.852
193.546
193.726
193.847
193.827
193.819
193.788
193.738
193.639
268.626
264.879
258.194
249.892
240.495
231.001
221.371
212.2
203.787
196.306
194.997
193.54
193.469
193.665
193.754
193.728
193.73
193.7
193.647
193.545
268.844
265.634
259.612
251.913
243.053
233.939
224.59
215.528
206.971
198.932
195.58
193.453
193.461
193.645
193.632
193.637
193.653
193.624
193.568
193.46
269.029
266.294
260.869
253.748
245.37
236.664
227.536
218.73
210.094
201.838
196.795
193.556
193.661
193.617
193.491
193.56
193.593
193.558
193.497
193.388
269.19
266.861
261.997
255.383
247.51
239.132
230.315
221.707
213.104
204.933
198.558
193.901
194.053
193.589
193.404
193.523
193.551
193.507
193.444
193.335
269.332
267.359
262.996
256.871
249.437
241.42
232.901
224.463
216.056
207.92
200.726
194.941
194.503
193.654
193.403
193.522
193.517
193.464
193.406
193.3
269.457
267.801
263.892
258.216
251.191
243.523
235.299
227.078
218.837
210.775
203.281
196.684
194.873
193.512
193.402
193.54
193.486
193.437
193.392
193.289
269.565
268.198
264.705
259.425
252.8
245.446
237.542
229.54
221.445
213.562
205.879
198.769
195.49
193.571
193.557
193.576
193.43
193.418
193.376
193.276
269.657
268.556
265.435
260.52
254.257
247.224
239.626
231.84
223.936
216.188
208.44
201.228
196.555
193.756
193.824
193.617
193.399
193.419
193.371
193.274
269.753
268.871
266.079
261.498
255.577
248.859
241.556
234.001
226.289
218.64
211.029
203.701
197.926
194.134
194.165
193.715
193.396
193.433
193.366
193.278
269.848
269.139
266.638
262.37
256.764
250.361
243.335
236.033
228.479
221.015
213.466
206.18
199.756
194.99
194.503
193.654
193.408
193.464
193.363
193.291
269.94
269.367
267.126
263.139
257.842
251.723
244.997
237.905
230.578
223.234
215.813
208.632
201.752
196.282
194.758
193.679
193.47
193.501
193.353
193.317
270.036
269.568
267.551
263.83
258.81
252.981
246.523
239.67
232.545
225.334
218.08
210.935
203.911
197.984
195.202
193.698
193.633
193.529
193.333
193.352
270.14
269.75
267.928
264.45
259.698
254.137
247.943
241.325
234.388
227.354
220.201
213.175
206.136
199.806
195.878
193.767
193.852
193.547
193.325
193.395
270.254
269.92
268.265
265.016
260.516
255.207
249.269
242.871
236.144
229.254
222.246
215.319
208.284
201.805
196.932
194.024
194.09
193.556
193.329
193.448
270.37
270.078
268.569
265.537
261.276
256.206
250.506
244.33
237.802
231.063
224.206
217.332
210.444
203.813
198.213
194.605
194.25
193.515
193.344
193.511
270.482
270.222
268.844
266.017
261.984
257.142
251.665
245.71
239.365
232.803
226.047
219.3
212.496
205.778
199.826
195.489
194.388
193.498
193.385
193.576
270.58
270.349
269.096
266.462
262.649
258.016
252.761
247.004
240.862
234.44
227.832
221.17
214.436
207.789
201.525
196.574
194.577
193.531
193.495
193.647
270.659
270.455
269.322
266.876
263.271
258.843
253.791
248.237
242.274
236.012
229.531
222.951
216.339
209.685
203.337
197.952
194.947
193.621
193.621
193.69
270.714
270.537
269.521
267.259
263.855
259.625
254.766
249.407
243.612
237.516
231.139
224.691
218.125
211.573
205.191
199.408
195.536
193.739
193.818
193.733
270.752
270.595
269.692
267.607
264.405
260.36
255.696
250.507
244.896
238.932
232.707
226.341
219.874
213.399
207.001
201.018
196.426
193.921
194.078
193.791
270.776
270.637
269.834
267.923
264.912
261.059
256.569
251.564
246.102
240.304
234.197
227.945
221.564
215.141
208.834
202.667
197.471
194.254
194.338
193.842
270.792
270.67
269.958
268.204
265.382
261.71
257.398
252.555
247.261
241.604
235.637
229.495
223.178
216.876
210.585
204.315
198.775
194.971
194.541
193.896
270.803
270.697
270.067
268.46
265.813
262.318
258.174
253.492
248.361
242.845
237.025
230.971
224.772
218.537
212.276
206.001
200.206
195.919
194.709
193.869
270.81
270.719
270.164
268.694
266.21
262.885
258.898
254.377
249.397
244.037
238.344
232.41
226.302
220.152
213.932
207.631
201.774
197.12
195.008
193.87
270.818
270.739
270.253
268.912
266.583
263.412
259.58
255.205
250.386
245.165
239.616
233.789
227.786
221.722
215.507
209.271
203.441
198.389
195.418
193.914
270.828
270.759
270.334
269.118
266.934
263.911
260.22
255.991
251.317
246.243
240.83
235.111
229.234
223.212
217.054
210.902
205.102
199.808
196.063
194.017
270.839
270.78
270.41
269.309
267.266
264.381
260.827
256.735
252.203
247.269
241.988
236.394
230.617
224.658
218.558
212.504
206.814
201.27
196.835
194.177
270.846
270.798
270.481
269.487
267.578
264.827
261.404
257.445
253.048
248.249
243.101
237.625
231.952
226.049
220.021
214.133
208.465
202.739
197.837
194.443
270.853
270.813
270.543
269.651
267.869
265.25
261.955
258.126
253.857
249.189
244.17
238.809
233.234
227.383
221.495
215.719
210.075
204.244
198.926
194.802
270.866
270.828
270.595
269.796
268.14
265.649
262.48
258.779
254.636
250.094
245.196
239.952
234.451
228.702
222.945
217.286
211.642
205.668
200.161
195.321
270.889
270.844
270.636
269.925
268.39
266.026
262.98
259.404
255.385
250.962
246.186
241.04
235.627
229.994
224.403
218.817
213.104
207.106
201.452
195.945
270.913
270.861
270.673
270.039
268.623
266.38
263.453
259.997
256.1
251.795
247.13
242.083
236.766
231.287
225.854
220.265
214.532
208.479
202.788
196.724
270.925
270.874
270.707
270.148
268.84
266.714
263.896
260.558
256.78
252.59
248.027
243.086
237.885
232.587
227.255
221.675
215.868
209.831
204.16
197.607
270.923
270.879
270.738
270.251
269.047
267.025
264.315
261.086
257.428
253.342
248.885
244.055
239.013
233.872
228.628
222.984
217.162
211.156
205.524
198.594
270.912
270.879
270.769
270.35
269.24
267.318
264.709
261.591
258.041
254.064
249.7
245.02
240.146
235.153
229.905
224.232
218.41
212.452
206.894
199.655
270.9
270.884
270.803
270.444
269.42
267.593
265.088
262.073
258.631
254.751
250.505
245.984
241.298
236.376
231.104
225.41
219.624
213.737
208.242
200.77
270.885
270.897
270.841
270.532
269.586
267.852
265.45
262.541
259.19
255.421
251.308
246.976
242.429
237.529
232.215
226.533
220.823
215
209.573
201.926
270.867
270.915
270.876
270.61
269.734
268.094
265.802
262.991
259.73
256.08
252.137
247.978
243.514
238.587
233.246
227.627
222.003
216.25
210.882
203.105
270.863
270.932
270.908
270.671
269.858
268.315
266.136
263.427
260.26
256.752
252.992
248.969
244.516
239.545
234.226
228.697
223.174
217.479
212.167
204.301
270.88
270.955
270.932
270.714
269.959
268.516
266.448
263.846
260.799
257.455
253.857
249.905
245.409
240.427
235.173
229.761
224.325
218.685
213.43
205.503
270.921
270.987
270.959
270.75
270.048
268.7
266.74
264.257
261.362
258.194
254.708
250.73
246.195
241.256
236.113
230.816
225.455
219.867
214.669
206.707
270.966
271.019
270.985
270.784
270.137
268.884
267.034
264.682
261.963
258.95
255.482
251.438
246.9
242.066
237.049
231.857
226.561
221.027
215.887
207.906
270.987
271.032
271.001
270.817
270.228
269.077
267.353
265.16
262.596
259.657
256.132
252.036
247.56
242.867
237.982
232.88
227.641
222.162
217.079
209.097
271.042
271.045
271.005
270.847
270.324
269.284
267.723
265.705
263.235
260.231
256.631
252.574
248.223
243.677
238.902
233.876
228.697
223.278
218.251
210.276
271.16
271.114
271.035
270.894
270.448
269.543
268.168
266.293
263.794
260.667
257.034
253.087
248.9
244.49
239.803
234.846
229.729
224.372
219.398
211.438
271.271
271.219
271.112
270.992
270.623
269.892
268.678
266.841
264.211
260.986
257.403
253.614
249.591
245.291
240.676
235.79
230.741
225.447
220.523
212.584
271.336
271.265
271.175
271.149
270.934
270.381
269.234
267.187
264.43
261.256
257.808
254.177
250.277
246.06
241.522
236.717
231.739
226.502
221.624
213.712
271.558
271.381
271.295
271.366
271.389
270.917
269.612
267.4
264.609
261.55
258.273
254.775
250.951
246.795
242.337
237.619
232.714
227.534
222.702
214.82
271.789
271.627
271.68
271.948
271.994
271.367
269.853
267.558
264.813
261.915
258.801
255.386
251.61
247.517
243.145
238.513
233.677
228.549
223.762
215.914
271.265
271.679
272.139
272.469
272.394
271.605
269.897
267.663
265.111
262.378
259.366
255.996
252.26
248.233
243.944
239.391
234.623
229.547
224.801
216.989
271.639
272.357
272.813
272.796
272.387
271.335
269.758
267.799
265.508
262.916
259.939
256.586
252.914
248.965
244.75
240.264
235.559
230.533
225.831
218.057
271.402
273.893
273.676
273.143
272.193
271.017
269.697
268.03
265.945
263.429
260.477
257.176
253.58
249.715
245.576
241.151
236.504
231.519
226.853
219.115
263.501
275.21
273.476
272.847
272.007
271.102
269.918
268.372
266.34
263.834
260.948
257.757
254.264
250.473
246.402
242.042
237.448
232.502
227.871
220.173
228.604
268.91
272.9
272.917
272.566
271.586
270.389
268.792
266.702
264.229
261.395
258.302
254.924
251.233
247.237
242.932
238.392
233.486
228.894
221.235
188.879
249.559
274.689
274.27
273.301
272.314
270.975
269.309
267.146
264.637
261.895
258.859
255.541
251.937
248.038
243.814
239.329
234.464
229.913
222.299
180.332
208.306
264.306
273.333
273.231
272.701
271.621
269.957
267.724
265.201
262.393
259.455
256.164
252.617
248.783
244.636
240.231
235.436
230.936
223.367
180.004
183.625
234.849
270.682
273.557
273.105
272.158
270.52
268.404
265.91
263.046
260.04
256.747
253.318
249.508
245.423
241.082
236.364
231.938
224.428
180
180.134
196.12
256.341
272.871
273.043
272.265
270.919
269.011
266.602
263.797
260.739
257.457
253.921
250.171
246.171
241.905
237.267
232.908
225.463
180
180.002
181.437
222.827
267.415
272.837
272.206
271.012
269.379
267.241
264.524
261.504
258.189
254.692
250.881
246.86
242.656
238.121
233.844
226.466
180
180
180.047
190.099
250.714
271.932
272.089
271.075
269.553
267.579
265.146
262.23
258.968
255.438
251.698
247.65
243.43
238.919
234.719
227.422
180
180
180.001
180.74
216.43
265.521
271.79
270.956
269.513
267.698
265.515
262.831
259.716
256.255
252.474
248.48
244.276
239.764
235.58
228.33
180
180
180
180.024
187.861
248.451
270.735
270.708
269.487
267.744
265.691
263.213
260.339
257.042
253.319
249.342
245.089
240.637
236.457
229.224
180
180
180
180
180.555
214.954
264.557
270.521
269.421
267.684
265.688
263.408
260.782
257.699
254.13
250.215
246.026
241.515
237.312
230.097
180
180
180
180
180.019
187.792
248.562
269.785
269.304
267.64
265.704
263.566
261.094
258.187
254.819
251.058
246.945
242.465
238.235
231.001
180
180
180
180
180
180.602
217.198
264.707
269.139
267.652
265.782
263.706
261.289
258.508
255.344
251.793
247.824
243.417
239.191
231.953
180
180
180
180
180
180.024
189.483
250.799
268.192
267.656
265.889
263.77
261.371
258.7
255.712
252.376
248.588
244.329
240.161
232.935
180
180
180
180
180
180.001
180.912
222.718
264.635
267.686
265.979
263.822
261.463
258.879
256.013
252.841
249.226
245.151
241.096
233.938
180
180
180
180
180
180
180.045
193.299
253.471
267.129
266.067
263.908
261.531
259.013
256.234
253.171
249.703
245.82
241.931
234.911
180
180
180
180
180
180
180.002
181.714
230.485
263.905
265.877
264.13
261.644
259.157
256.438
253.439
250.093
246.373
242.661
235.825
180
180
180
180
180
180
180
180.106
200.029
255.682
265.877
264.182
261.779
259.328
256.643
253.676
250.42
246.81
243.252
236.626
180
180
180
180
180
180
180
180.005
183.676
238.605
263.979
263.981
262.036
259.549
256.854
253.9
250.715
247.181
243.755
237.337
180
180
180
180
180
180
180
180
180.307
210.223
258.391
264.12
262.283
259.797
257.065
254.138
251.018
247.53
244.193
237.95
180
180
180
180
180
180
180
180
180.017
188.121
245.91
263.07
262.353
260.001
257.224
254.368
251.309
247.849
244.582
238.491
180
180
180
180
180
180
180
180
180.001
181.009
222.867
259.792
262.386
260.232
257.446
254.661
251.639
248.209
244.992
239.008
180
180
180
180
180
180
180
180
180
180.075
196.559
251.125
261.933
260.207
257.656
254.909
251.914
248.548
245.379
239.478
180
180
180
180
180
180
180
180
180
180.005
183.239
235.023
259.643
260.113
257.967
255.144
252.189
248.916
245.791
239.956
180
180
180
180
180
180
180
180
180
180
180.331
209.865
254.741
260.151
258.152
255.331
252.426
249.249
246.168
240.4
180
180
180
180
180
180
180
180
180
180
180.025
189.235
243.991
259.198
258.13
255.479
252.604
249.516
246.498
240.825
180
180
180
180
180
180
180
180
180
180
180.002
181.483
225.169
256.665
258.12
255.806
252.868
249.795
246.821
241.245
180
180
180
180
180
180
180
180
180
180
180
180.149
201.022
249.875
257.806
255.999
253.137
250.008
247.079
241.615
180
180
180
180
180
180
180
180
180
180
180
180.013
185.566
237.583
256.348
255.988
253.446
250.24
247.36
241.995
180
180
180
180
180
180
180
180
180
180
180
180.001
180.816
217.619
253.426
256.043
253.682
250.473
247.636
242.348
180
180
180
180
180
180
180
180
180
180
180
180
180.086
195.864
245.695
255.483
253.725
250.718
247.881
242.664
180
180
180
180
180
180
180
180
180
180
180
180
180.008
183.901
232.535
253.82
253.699
251.12
248.174
242.994
180
180
180
180
180
180
180
180
180
180
180
180
180.001
180.577
212.609
250.557
253.736
251.389
248.417
243.283
180
180
180
180
180
180
180
180
180
180
180
180
180
180.068
193.147
242.477
253.088
251.504
248.691
243.566
180
180
180
180
180
180
180
180
180
180
180
180
180
180.007
183.203
229.233
251.692
251.522
249.102
243.904
180
180
180
180
180
180
180
180
180
180
180
180
180
180.001
180.503
210.058
248.138
251.488
249.396
244.23
)
;

boundaryField
{
    inlet
    {
        type            fixedValue;
        value           nonuniform List<scalar> 0();
    }
    outlet
    {
        type            zeroGradient;
    }
    bottom
    {
        type            symmetryPlane;
    }
    top
    {
        type            zeroGradient;
    }
    obstacle
    {
        type            zeroGradient;
    }
    defaultFaces
    {
        type            empty;
    }
    procBoundary1to0
    {
        type            processor;
        value           nonuniform List<scalar> 
103
(
269.322
269.711
270.517
271.373
271.62
271.322
270.52
269.653
269.158
269.112
268.137
260.071
221.067
183.197
180.013
180
180
180
180
180
180
180
180
180
180
180
180
180
180
180
180
180
180
180
180
180
180
180
180
180
180
180
180
180
180
180
180
180
180
180
180
180
180
180
180
180
180
180
180
180
180
180
180
180
180
180
180
180
180
180
180
180
180
180
180
180
180
180
180
180
180
180
180
180
180
180
180
180
180
180
180
180
180
180
180
180
180
180
180
180
180
180
180
)
;
    }
    procBoundary1to3
    {
        type            processor;
        value           nonuniform List<scalar> 
89
(
180
180
180
180
180
180
180
180
180
180
180
180
180
180
180
180
180
180
180
180
180
180
180
180
180
180
180
180
180
180
180
180
180
180
180
180
180
180
180
180
180
180
180
180
180
180
180
180
180
180
180
180
180
180
180
180
180
180
180
180
180
180
180
180
180
180
180
180
180
180
180
180
180
180
180
180
180
180
180
180
180
180
180
180.066
192.157
240.126
250.889
249.567
244.62
)
;
    }
}


// ************************************************************************* //
