/*--------------------------------*- C++ -*----------------------------------*\
| =========                 |                                                 |
| \\      /  F ield         | OpenFOAM: The Open Source CFD Toolbox           |
|  \\    /   O peration     | Version:  2306                                  |
|   \\  /    A nd           | Website:  www.openfoam.com                      |
|    \\/     M anipulation  |                                                 |
\*---------------------------------------------------------------------------*/
FoamFile
{
    version     2.0;
    format      ascii;
    arch        "LSB;label=32;scalar=64";
    class       volScalarField;
    location    "2e-05";
    object      p;
}
// * * * * * * * * * * * * * * * * * * * * * * * * * * * * * * * * * * * * * //

dimensions      [1 -1 -2 0 0 0 0];

internalField   nonuniform List<scalar> 
8941
(
32000
32000
32000
32000
32000
32000
32000
32000
32000
32000
32000
32000
32000
32000
32000
32000
32000
32000
32000
32000
32000
32000
32000
32000
32000
32000
32000
32000
32000
32000
32000
32000
32000
32000
32000
32000
32000
32000
32000
32000
32000
32000
32000
32000
32000
32000
32000
32000
32000
32000
32000
32000
32000
32000
32000
32000
32000
32000
32000
32000
32000
32000
32000
32000
32000
32000
32000
32000
32000
32000
32000
32000
32000
32000
32000
32000
32000
32000
32000
32000
32000
32000
32000
32000
32000
32000
32000
32000
32000
32000
32000
32000
32000
32000
32000
32000
32000
32000
32000
32000
32000
32000
32000
32000
32000
32000
32000
32000
32000
32000
32000
32000
32000
32000
32000
32000
32000
32000
32000
32000
32000
32000
32000
32000
32000
32000
32000
32000
32000
32000
32000
32000
32000
32000
32000
32000
32000
32000
32000
32000
32000
32000
32000
32000
32000
32000
32000
32000
32000
32000
32000
32000
32000
32000
32000
32000
32000
32000
32000
32000
32000
32000
32000
32000
32000
32000
32000
32000
32000
32000
32000
32000
32000
32000
32000
32000
32000
32000
32000
32000
32000
32000
32000
32000
32000
32000
32000
32000
32000
32000
32000
32000
32000
32000
32000
32000
32000
32000
32000
32000
32000
32000
32000
32000
32000
32000
32000
32000
32000
32000
32000
32000
32000
32000
32000
32000
32000
32000
32000
32000
32000
32000
32000
32000
32000
32000
32000
32000
32000
32000
32000
32000
32000
32000
32000
32000
32000
32000
32000
32000
32000
32000
32000
32000
32000
32000
32000
32000
32000
32000
32000
32000
32000
32000
32000
32000
32000
32000
32000
32000
32000
32000
32000
32000
32000
32000
32000
32000
32000
32000
32000
32000
32000
32000
32000
32000
32000
32000
32000
32000
32000
32000
32000
32000
32000
32000
32000
32000
32000
32000
32000
32000
32000
32000
32000
32000
32000
32000
32000
32000
32000
32000
32000
32000
32000
32000
32000
32000
32000
32000
32000
32000
32000
32000
32000
32000
32000
32000
32000
32000
32000
32000
32000
32000
32000
32000
32000
32000
32000
32000
32000
32000
32000
32000
32000
32000
32000
32000
32000
32000
32000
32000
32000
32000
32000
32000
32000
32000
32000
32000
32000
32000
32000
32000
32000
32000
32000
32000
32000
32000
32000
32000
32000
32000
32000
32000
32000
32000
32000
32000
32000
32000
32000
32000
32000
32000
32000
32000
32000
32000
32000
32000
32000
32000
32000
32000
32000
32000
32000
32000
32000
32000
32000
32000
32000
32000
32000
32000
32000
32000
32000
32000
32000
32000
32000
32000
32000
32000
32000
32000
32000
32000
32000
32000
32000
32000
32000
32000
32000
32000
32000
32000
32000
32000
32000
32000
32000
32000
32000
32000
32000
32000
32000
32000
32000
32000
32000
32000
32000
32000
32000
32000
32000
32000
32000
32000
32000
32000
32000
32000
32000
32000
32000
32000
32000
32000
32000
32000
32000
32000
32000
32000
32000
32000
32000
32000
32000
32000
32000
32000
32000
32000
32000
32000
32000
32000
32000
32000
32000
32000
32000
32000
32000
32000
32000
32000
32000
32000
32000
32000
32000
32000
32000
32000
32000
32000
32000
32000
32000
32000
32000
32000
32000
32000
32000
32000
32000
32000
32000
32000
32000
32000
32000
32000
32000
32000
32000
32000
32000
32000
32000
32000
32000
32000
32000
32000
32000
32000
32000
32000
32000
32000
32000
32000
32000
32000
32000
32000
32000
32000
32000
32000
32000
32000
32000
32000
32000
32000
32000
32000
32000
32000
32000
32000
32000
32000
32000
32000
32000
32000
32000
32000
32000
32000
32000
32000
32000
32000
32000
32000
32000
32000
32000
32000
32000
32000
32000
32000
32000
32000
32000
32000
32000
32000
32000
32000
32000
32000
32000
32000
32000
32000
32000
32000
32000
32000
32000
32000
32000
32000
32000
32000
32000
32000
32000
32000
32000
32000
32000
32000
32000
32000
32000
32000
32000
32000
32000
32000
32000
32000
32000
32000
32000
32000
32000
32000
32000
32000
32000
32000
32000
32000
32000
32000
32000
32000
32000
32000
32000
32000
32000
32000
32000
32000
32000
32000
32000
32000
32000
32000
32000
32000
32000
32000
32000
32000
32000
32000
32000
32000
32000
32000
32000
32000
32000
32000
32000
32000
32000
32000
32000
32000
32000
32000
32000
32000
32000
32000
32000
32000
32000
32000
32000
32000
32000
32000
32000
32000
32000
32000
32000
32000
32000
32000
32000
32000
32000
32000
32000
32000
32000
32000
32000
32000
32000
32000
32000
32000
32000
32000
32000
32000
32000
32000
32000
32000
32000
32000
32000
32000
32000
32000
32000
32000
32000
32000
32000
32000
32000
32000
32000
32000
32000
32000
32000
32000
32000
32000
32000
32000
32000
32000
32000
32000
32000
32000
32000
32000
32000
32000
32000
32000
32000
32000
32000
32000
32000
32000
32000
32000
32000
32000
32000
32000
32000
32000
32000
32000
32000
32000
32000
32000
32000
32000
32000
32000
32000
32000
32000
32000
32000
32000
32000
32000
32000
32000
32000
32000
32000
32000
32000
32000
32000
32000
32000
32000
32000
32000
32000
32000
32000
32000
32000
32000
32000
32000
32000
32000
32000
32000
32000
32000
32000
32000
32000
32000
32000
32000
32000
32000
32000
32000
32000
32000
32000
32000
32000
32000
32000
32000
32000
32000
32000
32000
32000
32000
32000
32000
32000
32000
32000
32000
32000
32000
32000
32000
32000
32000
32000
32000
32000
32000
32000
32000
32000
32000
32000
32000
32000
32000
32000
32000
32000
32000
32000
32000
32000
32000
32000
32000
32000
32000
32000
32000
32000
32000
32000
32000
32000
32000
32000
32000
32000
32000
32000
32000
32000
32000
32000
32000
32000
32000
32000
32000
32000
32000
32000
32000
32000
32000
32000
32000
32000
32000
32000
32000
32000
32000
32000
32000
32000
32000
32000
32000
32000
32000
32000
32000
32000
32000
32000
32000
32000
32000
32000
32000
32000
32000
32000
32000
32000
32000
32000
32000
32000
32000
32000
32000
32000
32000
32000
32000
32000
32000
32000
32000
32000
32000
32000
32000
32000
32000
32000
32000
32000
32000
32000
32000
32000
32000
32000
32000
32000
32000
32000
32000
32000
32000
32000
32000
32000
32000
32000
32000
32000
32000
32000
32000
32000
32000
32000
32000
32000
32000
32000
32000
32000
32000
32000
32000
32000
32000
32000
32000
32000
32000
32000
32000
32000
32000
32000
32000
32000
32000
32000
32000
32000
32000
32000
32000
32000
32000
32000
32000
32000
32000
32000
32000
32000
32000
32000
32000
32000
32000
32000
32000
32000
32000
32000
32000
32000
32000
32000
32000
32000
32000
32000
32000
32000
32000
32000
32000
32000
32000
32000
32000
32000
32000
32000
32000
32000
32000
32000
32000
32000
32000
32000
32000
32000
32000
32000
32000
32000
32000
32000
32000
32000
32000
32000
32000
32000
32000
32000
32000
32000
32000
32000
32000
32000
32000
32000
32000
32000
32000
32000
32000
32000
32000
32000
32000
32000
32000
32000
32000
32000
32000
32000
32000
32000
32000
32000
32000
32000
32000
32000
32000
32000
32000
32000
32000
32000
32000
32000
32000
32000
32000
32000
32000
32000
32000
32000
32000
32000
32000
32000
32000
32000
32000
32000
32000
32000
32000
32000
32000
32000
32000
32000
32000
32000
32000
32000
32000
32000
32000
32000
32000
32000
32000
32000
32000
32000
32000
32000
32000
32000
32000
32000
32000
32000
32000
32000
32000
32000
32000
32000
32000
32000
32000
32000
32000
32000
32000
32000
32000
32000
32000
32000
32000
32000
32000
32000
32000
32000
32000
32000
32000
32000
32000
32000
32000
32000
32000
32000
32000
32000
32000
32000
32000
32000
32000
32000
32000
32000
32000
32000
32000
32000
32000
32000
32000
32000
32000
32000
32000
32000
32000
32000
32000
32000
32000
32000
32000
32000
32000
32000
32000
32000
32000
32000
32000
32000
32000
32000
32000
32000
32000
32000
32000
32000
32000
32000
32000
32000
32000
32000
32000
32000
32000
32000
32000
32000
32000
32000
32000
32000
32000
32000
32000
32000
32000
32000
32000
32000
32000
32000
32000
32000
32000
32000
32000
32000
32000
32000
32000
32000
32000
32000
32000
32000
32000
32000
32000
32000
32000
32000
32000
32000
32000
32000
32000
32000
32000
32000
32000
32000
32000
32000
32000
32000
32000
32000
32000
32000
32000
32000
32000
32000
32000
32000
32000
32000
32000
32000
32000
32000
32000
32000
32000
32000
32000
32000
32000
32000
32000
32000
32000
32000
32000
32000
32000
32000
32000
32000
32000
32000
32000
32000
32000
32000
32000
32000
32000
32000
32000
32000
32000
32000
32000
32000
32000
32000
32000
32000
32000
32000
32000
32000
32000
32000
32000
32000
32000
32000
32000
32000
32000
32000
32000
32000
32000
32000
32000
32000
32000
32000
32000
32000
32000
32000
32000
32000
32000
32000
32000
32000
32000
32000
32000
32000
32000
32000
32000
32000
32000
32000
32000
32000
32000
32000
32000
32000
32000
32000
32000
32000
32000
32000
32000
32000
32000
32000
32000
32000
32000
32000
32000
32000
32000
32000
32000
32000
32000
32000
32000
32000
32000
32000
32000
32000
32000
32000
32000
32000
32000
32000
32000
32000
32000
32000
32000
32000
32000
32000
32000
32000
32000
32000
32000
32000
32000
32000
32000
32000
32000
32000
32000
32000
32000
32000
32000
32000
32000
32000
32000
32000
32000
32000
32000
32000
32000
32000
32000
32000
32000
32000
32000
32000
32000
32000
32000
32000
32000
32000
32000
32000
32000
32000
32000
32000
32000
32000
32000
32000
32000
32000
32000
32000
32000
32000
32000
32000
32000
32000
32000
32000
32000
32000
32000
32000
32000
32000
32000
32000
32000
32000
32000
32000
32000
32000
32000
32000
32000
32000
32000
32000
32000
32000
32000
32000
32000
32000
32000
32000
32000
32000
32000
32000
32000
32000
32000
32000
32000
32000
32000
32000
32000
32000
32000
32000
32000
32000
32000
32000
32000
32000
32000
32000
32000
32000
32000
32000
32000
32000
32000
32000
32000
32000
32000
32000
32000
32000
32000
32000
32000
32000
32000
32000
32000
32000
32000
32000
32000
32000
32000
32000
32000
32000
32000
32000
32000
32000
32000
32000
32000
32000
32000
32000
32000
32000
32000
32000
32000
32000
32000
32000
32000
32000
32000
32000
32000
32000
32000
32000
32000
32000
32000
32000
32000
32000
32000
32000
32000
32000
32000
32000
32000
32000
32000
32000
32000
32000
32000
32000
32000
32000
32000
32000
32000
32000
32000
32000
32000
32000
32000
32000
32000
32000
32000
32000
32000
32000
32000
32000
32000
32000
32000
32000
32000
32000
32000
32000
32000
32000
32000
32000
32000
32000
32000
32000
32000
32000
32000
32000
32000
32000
32000
32000
32000
32000
32000
32000
32000
32000
32000
32000
32000
32000
32000
32000
32000
32000
32000
32000
32000
32000
32000
32000
32000
32000
32000
32000
32000
32000
32000
32000
32000
32000
32000
32000
32000
32000
32000
32000
32000
32000
32000
32000
32000
32000
32000
32000
32000
32000
32000
32000
32000
32000
32000
32000
32000
32000
32000
32000
32000
32000
32000
32000
32000
32000
32000
32000
32000
32000
32000
32000
32000
32000
32000
32000
32000
32000
32000
32000
32000
32000
32000
32000
32000
32000
32000
32000
32000
32000
32000
32000
32000
32000
32000
32000
32000
32000
32000
32000
32000
32000
32000
32000
32000
32000
32000
32000
32000
32000
32000
32000
32000
32000
32000
32000
32000
32000
32000
32000
32000
32000
32000
32000
32000
32000
32000
32000
32000
32000
32000
32000
32000
32000
32000
32000
32000
32000
32000
32000
32000
32000
32000
32000
32000
32000
32000
32000
32000
32000
32000
32000
32000
32000
32000
32000
32000
32000
32000
32000
32000
32000
32000
32000
32000
32000
32000
32000
32000
32000
32000
32000
32000
32000
32000
32000
32000
32000
32000
32000
32000
32000
32000
32000
32000
32000
32000
32000
32000
32000
32000
32000
32000
32000
32000
32000
32000
32000
32000
32000
32000
32000
32000
32000
32000
32000
32000
32000
32000
32000
32000
32000
32000
32000
32000
32000
32000
32000
32000
32000
32000
32000
32000
32000
32000
32000
32000
32000
32000
32000
32000
32000
32000
32000
32000
32000
32000
32000
32000
32000
32000
32000
32000
32000
32000
32000
32000
32000
32000
32000
32000
32000
32000
32000
32000
32000
32000
32000
32000
32000
32000
32000
32000
32000
32000
32000
32000
32000
32000
32000
32000
32000
32000
32000
32000
32000
32000
32000
32000
32000
32000
32000
32000
32000
32000
32000
32000
32000
32000
32000
32000
32000
32000
32000
32000
32000
32000
32000
32000
32000
32000
32000
32000
32000
32000
32000
32000
32000
32000
32000
32000
32000
32000
32000
32000
32000
32000
32000
32000
32000
32000
32000
32000
32000
32000
32000
32000
32000
32000
32000
32000
32000
32000
32000
32000
32000
32000
32000
32000
32000
32000
32000
32000
32000
32000
32000
32000
32000
32000
32000
32000
32000
32000
32000
32000
32000
32000
32000
32000
32000
32000
32000
32000
32000
32000
32000
32000
32000
32000
32000
32000
32000
32000
32000
32000
32000
32000
32000
32000
32000
32000
32000
32000
32000
32000
32000
32000
32000
32000
32000
32000
32000
32000
32000
32000
32000
32000
32000
32000
32000
32000
32000
32000
32000
32000
32000
32000
32000
32000
32000
32000
32000
32000
32000
32000
32000
32000
32000
32000
32000
32000
32000
32000
32000
32000
32000
32000
32000
32000
32000
32000
32000
32000
32000
32000
32000
32000
32000
32000
32000
32000
32000
32000
32000
32000
32000
32000
32000
32000
32000
32000
32000
32000
32000
32000
32000
32000
32000
32000
32000
32000
32000
32000
32000
32000
32000
32000
32000
32000
32000
32000
32000
32000
32000
32000
32000
32000
32000
32000
32000
32000
32000
32000
32000
32000
32000
32000
32000
32000
32000
32000
32000
32000
32000
32000
32000
32000
32000
32000
32000
32000
32000
32000
32000
32000
32000
32000
32000
32000
32000
32000
32000
32000
32000
32000
32000
32000
32000
32000
32000
32000
32000
32000
32000
32000
32000
32000
32000
32000
32000
32000
32000
32000
32000
32000
32000
32000
32000
32000
32000
32000
32000
32000
32000
32000
32000
32000
32000
32000
32000
32000
32000
32000
32000
32000
32000
32000
32000
32000
32000
32000
32000
32000
32000
32000
32000
32000
32000
32000
32000
32000
32000
32000
32000
32000
32000
32000
32000
32000
32000
32000
32000
32000
32000
32000
32000
32000
32000
32000
32000
32000
32000
32000
32000
32000
32000
32000
32000
32000
32000
32000
32000
32000
32000
32000
32000
32000
32000
32000
32000
32000
32000
32000
32000
32000
32000
32000
32000
32000
32000
32000
32000
32000
32000
32000
32000
32000
32000
32000
32000
32000
32000
32000
32000
32000
32000
32000
32000
32000
32000
32000
32000
32000
32000
32000
32000
32000
32000
32000
32000
32000
32000
32000
32000
32000
32000
32000
32000
32000
32000
32000
32000
32000
32000
32000
32000
32000
32000
32000
32000
32000
32000
32000
32000
32000
32000
32000
32000
32000
32000
32000
32000
32000
32000
32000
32000
32000
32000
32000
32000
32000
32000
32000
32000
32000
32000
32000
32000
32000
32000
32000
32000
32000
32000
32000
32000
32000
32000
32000
32000
32000
32000
32000
32000
32000
32000
32000
32000
32000
32000
32000
32000
32000
32000
32000
32000
32000
32000
32000
32000
32000
32000
32000
32000
32000
32000
32000
32000
32000
32000
32000
32000
32000
32000
32000
32000
32000
32000
32000
32000
32000
32000
32000
32000
32000
32000
32000
32000
32000
32000
32000
32000
32000
32000
32000
32000
32000
32000
32000
32000
32000
32000
32000
32000
32000
32000
32000
32000
32000
32000
32000
32000
32000
32000
32000
32000
32000
32000
32000
32000
32000
32000
32000
32000
32000
32000
32000
32000
32000
32000
32000
32000
32000
32000
32000
32000
32000
32000
32000
32000
32000
32000
32000
32000
32000
32000
32000
32000
32000
32000
32000
32000
32000
32000
32000
32000
32000
32000
32000
32000
32000
32000
32000
32000
32000
32000
32000
32000
32000
32000
32000
32000
32000
32000
32000
32000
32000
32000
32000
32000
32000
32000
32000
32000
32000
32000
32000
32000
32000
32000
32000
32000
32000
32000
32000
32000
32000
32000
32000
32000
32000
32000
32000
32000
32000
32000
32000
32000
32000
32000
32000
32000
32000
32000
32000
32000
32000
32000
32000
32000
32000
32000
32000
32000
32000
32000
32000
32000
32000
32000
32000
32000
32000
32000
32000
32000
32000
32000
32000
32000
32000
32000
32000
32000
32000
32000
32000
32000
32000
32000
32000
32000
32000
32000
32000
32000
32000
32000
32000
32000
32000
32000
32000
32000
32000
32000
32000
32000
32000
32000
32000
32000
32000
32000
32000
32000
32000
32000
32000
32000
32000
32000
32000
32000
32000
32000
32000
32000
32000
32000
32000
32000
32000
32000
32000
32000
32000
32000
32000
32000
32000
32000
32000
32000
32000
32000
32000
32000
32000
32000
32000
32000
32000
32000
32000
32000
32000
32000
32000
32000
32000
32000
32000
32000
32000
32000
32000
32000
32000
32000
32000
32000
32000
32000
32000
32000
32000
32000
32000
32000
32000
32000
32000
32000
32000
32000
32000
32000
32000
32000
32000
32000
32000
32000
32000
32000
32000
32000
32000
32000
32000
32000
32000
32000
32000
32000
32000
32000
32000
32000
32000
32000
32000
32000
32000
32000
32000
32000
32000
32000
32000
32000
32000
32000
32000
32000
32000
32000
32000
32000
32000
32000
32000
32000
32000
32000
32000
32000
32000
32000
32000
32000
32000
32000
32000
32000
32000
32000
32000
32000
32000
32000
32000
32000
32000
32000
32000
32000
32000
32000
32000
32000
32000
32000
32000
32000
32000
32000
32000
32000
32000
32000
32000
32000
32000
32000
32000
32000
32000
32000
32000
32000
32000
32000
32000
32000
32000
32000
32000
32000
32000
32000
32000
32000
32000
32000
32000
32000
32000
32000
32000
32000
32000
32000
32000
32000
32000
32000
32000
32000
32000
32000
32000
32000
32000
32000
32000
32000
32000
32000
32000
32000
32000
32000
32000
32000
32000
32000
32000
32000
32000
32000
32000
32000
32000
32000
32000
32000
32000
32000
32000
32000
32000
32000
32000
32000
32000
32000
32000
32000
32000
32000
32000
32000
32000
32000
32000
32000
32000
32000
32000
32000
32000
32000
32000
32000
32000
32000
32000
32000
32000
32000
32000
32000
32000
32000
32000
32000
32000
32000
32000
32000
32000
32000
32000
32000
32000
32000
32000
32000
32000
32000
32000
32000
32000
32000
32000
32000
32000
32000
32000
32000
32000
32000
32000
32000
32000
32000
32000
32000
32000
32000
32000
32000
32000
32000
32000
32000
32000
32000
32000
32000
32000
32000
32000
32000
32000
32000
32000
32000
32000
32000
32000
32000
32000
32000
32000
32000
32000
32000
32000
32000
32000
32000
32000
32000
32000
32000
32000
32000
32000
32000
32000
32000
32000
32000
32000
32000
32000
32000
32000
32000
32000
32000
32000
32000
32000
32000
32000
32000
32000
32000
32000
32000
32000
32000
32000
32000
32000
32000
32000
32000
32000
32000
32000
32000
32000
32000
32000
32000
32000
32000
32000
32000
32000
32000
32000
32000
32000
32000
32000
32000
32000
32000
32000
32000
32000
32000
32000
32000
32000
32000
32000
32000
32000
32000
32000
32000
32000
32000
32000
32000
32000
32000
32000
32000
32000
32000
32000
32000
32000
32000
32000
32000
32000
32000
32000
32000
32000
32000
32000
32000
32000
32000
32000
32000
32000
32000
32000
32000
32000
32000
32000
32000
32000
32000
32000
32000
32000
32000
32000
32000
32000
32000
32000
32000
32000
32000
32000
32000
32000
32000
32000
32000
32000
32000
32000
32000
32000
32000
32000
32000
32000
32000
32000
32000
32000
32000
32000
32000
32000
32000
32000
32000
32000
32000
32000
32000
32000
32000
32000
32000
32000
32000
32000
32000
32000
32000
32000
32000
32000
32000
32000
32000
32000
32000
32000
32000
32000
32000
32000
32000
32000
32000
32000
32000
32000
32000
32000
32000
32000
32000
32000
32000
32000
32000
32000
32000
32000
32000
32000
32000
32000
32000
32000
32000
32000
32000
32000
32000
32000
32000
32000
32000
32000
32000
32000
32000
32000
32000
32000
32000
32000
32000
32000
32000
32000
32000
32000
32000
32000
32000
32000
32000
32000
32000
32000
32000
32000
32000
32000
32000
32000
32000
32000
32000
32000
32000
32000
32000
32000
32000
32000
32000
32000
32000
32000
32000
32000
32000
32000
32000
32000
32000
32000
32000
32000
32000
32000
32000
32000
32000
32000
32000
32000
32000
32000
32000
32000
32000
32000
32000
32000
32000
32000
32000
32000
32000
32000
32000
32000
32000
32000
32000
32000
32000
32000
32000
32000
32000
32000
32000
32000
32000
32000
32000
32000
32000
32000
32000
32000
32000
32000
32000
32000
32000
32000
32000
32000
32000
32000
32000
32000
32000
32000
32000
32000
32000
32000
32000
32000
32000
32000
32000
32000
32000
32000
32000
32000
32000
32000
32000
32000
32000
32000
32000
32000
32000
32000
32000
32000
32000
32000
32000
32000
32000
32000
32000
32000
32000
32000
32000
32000
32000
32000
32000
32000
32000
32000
32000
32000
32000
32000
32000
32000
32000
32000
32000
32000
32000
32000
32000
32000
32000
32000
32000
32000
32000
32000
32000
32000
32000
32000
32000
32000
32000
32000
32000
32000
32000
32000
32000
32000
32000
32000
32000
32000
32000
32000
32000
32000
32000
32000
32000
32000
32000
32000
32000
32000
32000
32000
32000
32000
32000
32000
32000
32000
32000
32000
32000
32000
32000
32000
32000
32000
32000
32000
32000
32000
32000
32000
32000
32000
32000
32000
32000
32000
32000
32000
32000
32000
32000
32000
32000
32000
32000
32000
32000
32000
32000
32000
32000
32000
32000
32000
32000
32000
32000
32000
32000
32000
32000
32000
32000
32000
32000
32000
32000
32000
32000
32000
32000
32000
32000
32000
32000
32000
32000
32000
32000
32000
32000
32000
32000
32000
32000
32000
32000
32000
32000
32000
32000
32000
32000
32000
32000
32000
32000
32000
32000
32000
32000
32000
32000
32000
32000
32000
32000
32000
32000
32000
32000
32000
32000
32000
32000
32000
32000
32000
32000
32000
32000
32000
32000
32000
32000
32000
32000
32000
32000
32000
32000
32000
32000
32000
32000
32000
32000
32000
32000
32000
32000
32000
32000
32000
32000
32000
32000
32000
32000
32000
32000
32000
32000
32000
32000
32000
32000
32000
32000
32000
32000
32000
32000
32000
32000
32000
32000
32000
32000
32000
32000
32000
32000
32000
32000
32000
32000
32000
32000
32000
32000
32000
32000
32000
32000
32000
32000
32000
32000
32000
32000
32000
32000
32000
32000
32000
32000
32000
32000
32000
32000
32000
32000
32000
32000
32000
32000
32000
32000
32000
32000
32000
32000
32000
32000
32000
32000
32000
32000
32000
32000
32000
32000
32000
32000
32000
32000
32000
32000
32000
32000
32000
32000
32000
32000
32000
32000
32000
32000
32000
32000
32000
32000
32000
32000
32000
32000
32000
32000
32000
32000
32000
32000
32000
32000
32000
32000
32000
32000
32000
32000
32000
32000
32000
32000
32000
32000
32000
32000
32000
32000
32000
32000
32000
32000
32000
32000
32000
32000
32000
32000
32000
32000
32000
32000
32000
32000
32000
32000
32000
32000
32000
32000
32000
32000
32000
32000
32000
32000
32000
32000
32000
32000
32000
32000
32000
32000
32000
32000
32000
32000
32000
32000
32000
32000
32000
32000
32000
32000
32000
32000
32000
32000
32000
32000
32000
32000
32000
32000
32000
32000
32000
32000
32000
32000
32000
32000
32000
32000
32000
32000
32000
32000
32000
32000
32000
32000
32000
32000
32000
32000
32000
32000
32000
32000
32000
32000
32000
32000
32000
32000
32000
32000
32000
32000
32000
32000
32000
32000
32000
32000
32000
32000
32000
32000
32000
32000
32000
32000
32000
32000
32000
32000
32000
32000
32000
32000
32000
32000
32000
32000
32000
32000
32000
32000
32000
32000
32000
32000
32000
32000
32000
32000
32000
32000
32000
32000
32000
32000
32000
32000
32000
32000
32000
32000
32000
32000
32000
32000
32000
32000
32000
32000
32000
32000
32000
32000
32000
32000
32000
32000
32000
32000
32000
32000
32000
32000
32000
32000
32000
32000
32000
32000
32000
32000
32000
32000
32000
32000
32000
32000
32000
32000
32000
32000
32000
32000
32000
32000
32000
32000
32000
32000
32000
32000
32000
32000
32000
32000
32000
32000
32000
32000
32000
32000
32000
32000
32000
32000
32000
32000
32000
32000
32000
32000
32000
32000
32000
32000
32000
32000
32000
32000
32000
32000
32000
32000
32000
32000
32000
32000
32000
32000
32000
32000
32000
32000
32000
32000
32000
32000
32000
32000
32000
32000
32000
32000
32000
32000
32000
32000
32000
32000
32000
32000
32000
32000
32000
32000
32000
32000
32000
32000
32000
32000
32000
32000
32000
32000
32000
32000
32000
32000
32000
32000
32000
32000
32000
32000
32000
32000
32000
32000
32000
32000
32000
32000
32000
32000
32000
32000
32000
32000
32000
32000
32000
32000
32000
32000
32000
32000
32000
32000
32000
32000
32000
32000
32000
32000
32000
32000
32000
32000
32000
32000
32000
32000
32000
32000
32000
32000
32000
32000
32000
32000
32000
32000
32000
32000
32000
32000
32000
32000
32000
32000
32000
32000
32000
32000
32000
32000
32000
32000
32000
32000
32000
32000
32000
32000
32000
32000
32000
32000
32000
32000
32000
32000
32000
32000
32000
32000
32000
32000
32000
32000
32000
32000
32000
32000
32000
32000
32000
32000
32000
32000
32000
32000
32000
32000
32000
32000
32000
32000
32000
32000
32000
32000
32000
32000
32000
32000
32000
32000
32000
32000
32000
32000
32000
32000
32000
32000
32000
32000
32000
32000
32000
32000
32000
32000
32000
32000
32000
32000
32000
32000
32000
32000
32000
32000
32000
32000
32000
32000
32000
32000
32000
32000
32000
32000
32000
32000
32000
32000
32000
32000
32000
32000
32000
32000
32000
32000
32000
32000
32000
32000
32000
32000
32000
32000
32000
32000
32000
32000
32000
32000
32000
32000
32000
32000
32000
32000
32000
32000
32000
32000
32000
32000
32000
32000
32000
32000
32000
32000
32000
32000
32000
32000
32000
32000
32000
32000
32000
32000
32000
32000
32000
32000
32000
32000
32000
32000
32000
32000
32000
32000
32000
32000
32000
32000
32000
32000
32000
32000
32000
32000
32000
32000
32000
32000
32000
32000
32000
32000
32000
32000
32000
32000
32000
32000
32000
32000
32000
32000
32000
32000
32000
32000
32000
32000
32000
32000
32000
32000
32000
32000
32000
32000
32000
32000
32000
32000
32000
32000
32000
32000
32000
32000
32000
32000
32000
32000
32000
32000
32000
32000
32000
32000
32000
32000
32000
32000
32000
32000
32000
32000
32000
32000
32000
32000
32000
32000
32000
32000
32000
32000
32000
32000
32000
32000
32000
32000
32000
32000
32000
32000
32000
32000
32000
32000
32000
32000
32000
32000
32000
32000
32000
32000
32000
32000
32000
32000
32000
32000
32000
32000
32000
32000
32000
32000
32000
32000
32000
32000
32000
32000
32000
32000
32000
32000
32000
32000
32000
32000
32000
32000
32000
32000
32000
32000
32000
32000
32000
32000
32000
32000
32000
32000
32000
32000
32000
32000
32000
32000
32000
32000
32000
32000
32000
32000
32000
32000
32000
32000
32000
32000
32000
32000
32000
32000
32000
32000
32000
32000
32000
32000
32000
32000
32000
32000
32000
32000
32000
32000
32000
32000
32000
32000
32000
32000
32000
32000
32000
32000
32000
32000
32000
32000
32000
32000
32000
32000
32000
32000
32000
32000
32000
32000
32000
32000
32000
32000
32000
32000
32000
32000
32000
32000
32000
32000
32000
32000
32000
32000
32000
32000
32000
32000
32000
32000
32000
32000
32000
32000
32000
32000
32000
32000
32000
32000
32000
32000
32000
32000
32000
32000
32000
32000
32000
32000
32000
32000
32000
32000
32000
32000
32000
32000
32000
32000
32000
32000
32000
32000
32000
32000
32000
32000
32000
32000
32000
32000
32000
32000
32000
32000
32000
32000
32000
32000
32000
32000
32000
32000
32000
32000
32000
32000
32000
32000
32000
32000
32000
32000
32000
32000
32000
32000
32000
32000
32000
32000
32000
32000
32000
32000
32000
32000
32000
32000
32000
32000
32000
32000
32000
32000
32000
32000
32000
32000
32000
32000
32000
32000
32000
32000
32000
32000
32000
32000
32000
32000
32000
32000
32000
32000
32000
32000
32000
32000
32000
32000
32000
32000
32000
32000
32000
32000
32000
32000
32000
32000
32000
32000
32000
32000
32000
32000
32000
32000
32000
32000
32000
32000
32000
32000
32000
32000
32000
32000
32000
32000
32000
32000
32000
32000
32000
32000
32000
32000
32000
32000
32000
32000
32000
32000
32000
32000
32000
32000
32000
32000
32000
32000
32000
32000
32000
32000
32000
32000
32000
32000
32000
32000
32000
32000
32000
32000
32000
32000
32000
32000
32000
32000
32000
32000
32000
32000
32000
32000
32000
32000
32000
32000
32000
32000
32000
32000
32000
32000
32000
32000
32000
32000
32000
32000
32000
32000
32000
32000
32000
32000
32000
32000
32000
32000
32000
32000
32000
32000
32000
32000
32000
32000
32000
32000
32000
32000
32000
32000
32000
32000
32000
32000
32000
32000
32000
32000
32000
32000
32000
32000
32000
32000
32000
32000
32000
32000
32000
32000
32000
32000
32000
32000
32000
32000
32000
32000
32000
32000
32000
32000
32000
32000
32000
32000
32000
32000
32000
32000
32000
32000
32000
32000
32000
32000
32000
32000
32000
32000
32000
32000
32000
32000
32000
32000
32000
32000
32000
32000
32000
32000
32000
32000
32000
32000
32000
32000
32000
32000
32000
32000
32000
32000
32000
32000
32000
32000
32000
32000
32000
32000
32000
32000
32000
32000
32000
32000
32000
32000
32000
32000
32000
32000
32000
32000
32000
32000
32000
32000
32000
32000
32000
32000
32000
32000
32000
32000
32000
32000
32000
32000
32000
32000
32000
32000
32000
32000
32000
32000
32000
32000
32000
32000
32000
32000
32000
32000
32000
32000
32000
32000
32000
32000
32000
32000
32000
32000
32000
32000
32000
32000
32000
32000
32000
32000
32000
32000
32000
32000
32000
32000
32000
32000
32000
32000
32000
32000
32000
32000
32000
32000
32000
32000
32000
32000
32000
32000
32000
32000
32000
32000
32000
32000
32000
32000
32000
32000
32000
32000
32000
32000
32000
32000
32000
32000
32000
32000
32000
32000
32000
32000
32000
32000
32000
32000
32000
32000
32000
32000
32000
32000
32000
32000
32000
32000
32000
32000
32000
32000
32000
32000
32000
32000
32000
32000
32000
32000
32000
32000
32000
32000
32000
32000
32000
32000
32000
32000
32000
32000
32000
32000
32000
32000
32000
32000
32000
32000
32000
32000
32000
32000
32000
32000
32000
32000
32000
32000
32000
32000
32000
32000
32000
32000
32000
32000
32000
32000
32000
32000
32000
32000
32000
32000
32000
32000
32000
32000
32000
32000
32000
32000
32000
32000
32000
32000
32000
32000
32000
32000
32000
32000
32000
32000
32000
32000
32000
32000
32000
32000
32000
32000
32000
32000
32000
32000
32000
32000
32000
32000
32000
32000
32000
32000
32000
32000
32000
32000
32000
32000
32000
32000
32000
32000
32000
32000
32000
32000
32000
32000
32000
32000
32000
32000
32000
32000
32000
32000
32000
32000
32000
32000
32000
32000
32000
32000
32000
32000
32000
32000
32000
32000
32000
32000
32000
32000
32000
32000
32000
32000
32000
32000
32000
32000
32000
32000
32000
32000
32000
32000
32000
32000
32000
32000
32000
32000
32000
32000
32000
32000
32000
32000
32000
32000
32000
32000
32000
32000
32000
32000
32000
32000
32000
32000
32000
32000
32000
32000
32000
32000
32000
32000
32000
32000
32000
32000
32000
32000
32000
32000
32000
32000
32000
32000
32000
32000
32000
32000
32000
32000
32000
32000
32000
32000
32000
32000
32000
32000
32000
32000
32000
32000
32000
32000
32000
32000
32000
32000
32000
32000
32000
32000
32000
32000
32000
32000
32000
32000
32000
32000
32000
32000
32000
32000
32000
32000
32000
32000
32000
32000
32000
32000
32000
32000
32000
32000
32000
32000
32000
32000
32000
32000
32000
32000
32000
32000
32000
32000
32000
32000
32000
32000
32000
32000
32000
32000
32000
32000
32000
32000
32000
32000
32000
32000
32000
32000
32000
32000
32000
32000
32000
32000
32000
32000
32000
32000
32000
32000
32000
32000
32000
32000
32000
32000
32000
32000
32000
32000
32000
32000
32000
32000
32000
32000
32000
32000
32000
32000
32000
32000
32000
32000
32000
32000
32000
32000
32000
32000
32000
32000
32000
32000
32000
32000
32000
32000
32000
32000
32000
32000
32000
32000
32000
32000
32000
32000
32000
32000
32000
32000
32000
32000
32000
32000
32000
32000
32000
32000
32000
32000
32000
32000
32000
32000
32000
32000
32000
32000
32000
32000
32000
32000
32000
32000
32000
32000
32000
32000
32000
32000
32000
32000
32000
32000
32000
32000
32000
32000
32000
32000
32000
32000
32000
32000
32000
32000
32000
32000
32000
32000
32000
32000
32000
32000
32000
32000
32000
32000
32000
32000
32000
32000
32000
32000
32000
32000
32000
32000
32000
32000
32000
32000
32000
32000
32000
32000
32000
32000
32000
32000
32000
32000
32000
32000
32000
32000
32000
32000
32000
32000
32000
32000
32000
32000
32000
32000
32000
32000
32000
32000
32000
32000
32000
32000
32000
32000
32000
32000
32000
32000
32000
32000
32000
32000
32000
32000
32000
32000
32000
32000
32000
32000
32000
32000
32000
32000
32000
32000
32000
32000
32000
32000
32000
32000
32000
32000
32000
32000
32000
32000
32000
32000
32000
32000
32000
32000
32000
32000
32000
32000
32000
32000
32000
32000
32000
32000
32000
32000
32000
32000
32000
32000
32000
32000
32000
32000
32000
32000
32000
32000
32000
32000
32000
32000
32000
32000
32000
32000
32000
32000
32000
32000
32000
32000
32000
32000
32000
32000
32000
32000
32000
32000
32000
32000
32000
32000
32000
32000
32000
32000
32000
32000
32000
32000
32000
32000
32000
32000
32000
32000
32000
32000
32000
32000
32000
32000
32000
32000
32000
32000
32000
32000
32000
32000
32000
32000
32000
32000
32000
32000
32000
32000
32000
32000
32000
32000
32000
32000
32000
32000
32000
32000
32000
32000
32000
32000
32000
32000
32000
32000
32000
32000
32000
32000
32000
32000
32000
32000
32000
32000
32000
32000
32000
32000
32000
32000
32000
32000
32000
32000
32000
32000
32000
32000
32000
32000
32000
32000
32000
32000
32000
32000
32000
32000
32000
32000
32000
32000
32000
32000
32000
32000
32000
32000
32000
32000
32000
32000
32000
32000
32000
32000
32000
32000
32000
32000
32000
32000
32000
32000
32000
32000
32000
32000
32000
32000
32000
32000
32000
32000
32000
32000
32000
32000
32000
32000
32000
32000
32000
32000
32000
32000
32000
32000
32000
32000
32000
32000
32000
32000
32000
32000
32000
32000
32000
32000
32000
32000
32000
32000
32000
32000
32000
32000
32000
32000
32000
32000
32000
32000
32000
32000
32000
32000
32000
32000
32000
32000
32000
32000
32000
32000
32000
32000
32000
32000
32000
32000
32000
32000
32000
32000
32000
32000
32000
32000
32000
32000
32000
32000
32000
32000
32000
32000
32000
32000
32000
32000
32000
32000
32000
32000
32000
32000
32000
32000
32000
32000
32000
32000
32000
32000
32000
32000
32000
32000
32000
32000
32000
32000
32000
32000
32000
32000
32000
32000
32000
32000
32000
32000
32000
32000
32000
32000
32000
32000
32000
32000
32000
32000
32000
32000
32000
32000
32000
32000
32000
32000
32000
32000
32000
32000
32000
32000
32000
32000
32000
32000
32000
32000
32000
32000
32000
32000
32000
32000
32000
32000
32000
32000
32000
32000
32000
32000
32000
32000
32000
32000
32000
32000
32000
32000
32000
32000
32000
32000
32000
32000
32000
32000
32000
32000
32000
32000
32000
32000
32000
32000
32000
32000
32000
32000
32000
32000
32000
32000
32000
32000
32000
32000
32000
32000
32000
32000
32000
32000
32000
32000
32000
32000
32000
32000
32000
32000
32000
32000
32000
32000
32000
32000
32000
32000
32000
32000
32000
32000
32000
32000
32000
32000
32000
32000
32000
32000
32000
32000
32000
32000
32000
32000
32000
32000
32000
32000
32000
32000
32000
32000
32000
32000
32000
32000
32000
32000
32000
32000
32000
32000
32000
32000
32000
32000
32000
32000
32000
32000
32000
32000
32000
32000
32000
32000
32000
32000
32000
32000
32000
32000
32000
32000
32000
32000
32000
32000
32000
32000
32000
32000
32000
32000
32000
32000
32000
32000
32000
32000
32000
32000
32000
32000
32000
32000
32000
32000
32000
32000
32000
32000
32000
32000
32000
32000
32000
32000
32000
32000
32000
32000
32000
32000
32000
32000
32000
32000
32000
32000
32000
32000
32000
32000
32000
32000
32000
32000
32000
32000
32000
32000
32000
32000
32000
32000
32000
32000
32000
32000
32000
32000
32000
32000
32000
32000
32000
32000
32000
32000
32000
32000
32000
32000
32000
32000
32000
32000
32000
32000
32000
32000
32000
32000
32000
32000
32000
32000
32000
32000
32000
32000
32000
32000
32000
32000
32000
32000
32000
32000
32000
32000
32000
32000
32000
32000
32000
32000
32000
32000
32000
32000
32000
32000
32000
32000
32000
32000
32000
32000
32000
32000
32000
32000
32000
32000
32000
32000
32000
32000
32000
32000
32000
32000
32000
32000
32000
32000
32000
32000
32000
32000
32000
32000
32000
32000
32000
32000
32000
32000
32000
32000
32000
32000
32000
32000
32000
32000
32000
32000
32000
32000
32000
32000
32000
32000
32000
32000
32000
32000
32000
32000
32000
32000
32000
32000
32000
32000
32000
32000
32000
32000
32000
32000
32000
32000
32000
32000
32000
32000
32000
32000
32000
32000
32000
32000
32000
32000
32000
32000
32000
32000
32000
32000
32000
32000
32000
32000
32000
32000
32000
32000
32000
32000
32000
32000
32000
32000
32000
32000
32000
32000
32000
32000
32000
32000
32000
32000
32000
32000
32000
32000
32000
32000
32000
32000
32000
32000
32000
32000
32000
32000
32000
32000
32000
32000
32000
32000
32000
32000
32000
32000
32000
32000
32000
32000
32000
32000
32000
32000
32000
32000
32000
32000
32000
32000
32000
32000
32000
32000
32000
32000
32000
32000
32000
32000
32000
32000
32000
32000
32000
32000
32000
32000
32000
32000
32000
32000
32000
32000
32000
32000
32000
32000
32000
32000
32000
32000
32000
32000
32000
32000
32000
32000
32000
32000
32000
32000
32000
32000
32000
32000
32000
32000
32000
32000
32000
32000
32000
32000
32000
32000
32000
32000
32000
32000
32000
32000
32000
32000
32000
32000
32000
32000
32000
32000
32000
32000
32000
32000
32000
32000
32000
32000
32000
32000
32000
32000
32000
32000
32000
32000
32000
32000
32000
32000
32000
32000
32000
32000
32000
32000
32000
32000
32000
32000
32000
32000
32000
32000
32000
32000
32000
32000
32000
32000
32000
32000
32000
32000
32000
32000
32000
32000
32000
32000
32000
32000
32000
32000
32000
32000
32000
32000
32000
32000
32000
32000
32000
32000
32000
32000
32000
32000
32000
32000
32000
32000
32000
32000
32000
32000
32000
32000
32000
32000
32000
32000
32000
32000
32000
32000
32000
32000
32000
32000
32000
32000
32000
32000
32000
32000
32000
32000
32000
32000
32000
32000
32000
32000
32000
32000
32000
32000
32000
32000
32000
32000
32000
32000
32000
32000
32000
32000
32000
32000
32000
32000
32000
32000
32000
32000
32000
32000
32000
32000
32000
32000
32000
32000
32000
32000
32000
32000
32000
32000
32000
32000
32000
32000
32000
32000
32000
32000
32000
32000
32000
32000
32000
32000
32000
32000
32000
32000
32000
32000
32000
32000
32000
32000
32000
32000
32000
32000
32000
32000
32000
32000
32000
32000
32000
32000
32000
32000
32000
32000
32000
32000
32000
32000
32000
32000
32000
32000
32000
32000
32000
32000
32000
32000
32000
32000
32000
32000
32000
32000
32000
32000
32000
32000
32000
32000
32000
32000
32000
32000
32000
32000
32000
32000
32000
32000
32000
32000
32000
32000
32000
32000
32000
32000
32000
32000
32000
32000
32000
32000
32000
32000
32000
32000
32000
32000
32000
32000
32000
32000
32000
32000
32000
32000
32000
32000
32000
32000
32000
32000
32000
32000
32000
32000
32000
32000
32000
32000
32000
32000
32000
32000
32000
32000
32000
32000
32000
32000
32000
32000
32000
32000
32000
32000
32000
32000
32000
32000
32000
32000
32000
32000
32000
32000
32000
32000
32000
32000
32000
32000
32000
32000
32000
32000
32000
32000
32000
32000
32000
32000
32000
32000
32000
32000
32000
32000
32000
32000
32000
32000
32000
32000
32000
32000
32000
32000
32000
32000
32000
32000
32000
32000
32000
32000
32000
32000
32000
32000
32000
32000
32000
32000
32000
32000
32000
32000
32000
32000
32000
32000
32000
32000
32000
32000
32000
32000
32000
32000
32000
32000
32000
32000
32000
32000
32000
32000
32000
32000
32000
32000
32000
32000
32000
32000
32000
32000
32000
32000
32000
32000
32000
32000
32000
32000
32000
32000
32000
32000
32000
32000
32000
32000
32000
32000
32000
32000
32000
32000
32000
32000
32000
32000
32000
32000
32000
32000
32000
32000
32000
32000
32000
32000
32000
32000
32000
32000
32000
32000
32000
32000
32000
32000
32000
32000
32000
32000
32000
32000
32000
32000
32000
32000
32000
32000
32000
32000
32000
32000
32000
32000
32000
32000
32000
32000
32000
32000
32000
32000
32000
32000
32000
32000
32000
32000
32000
32000
32000
32000
32000
32000
32000
32000
32000
32000
32000
32000
32000
32000
32000
32000
32000
32000
32000
32000
32000
32000
32000
32000
32000
32000
32000
32000
32000
32000
32000
32000
32000
32000
32000
32000
32000
32000
32000
32000
32000
32000
32000
32000
32000
32000
32000
32000
32000
32000
32000
32000
32000
32000
32000
32000
32000
32000
32000
32000
32000
32000
32000
32000
32000
32000
32000
32000
32000
32000
32000
32000
32000
32000
32000
32000
32000
32000
32000
32000
32000
32000
32000
32000
32000
32000
32000
32000
32000
32000
32000
32000
32000
32000
32000
32000
32000
32000
32000
32000
32000
32000
32000
32000
32000
32000
32000
32000
32000
32000
32000
32000
32000
32000
32000
32000
32000
32000
32000
32000
32000
32000
32000
32000
32000
32000
32000
32000
32000
32000
32000
32000
32000
32000
32000
32000
32000
32000
32000
32000
32000
32000
32000
32000
32000
32000
32000
32000
32000
32000
32000
32000
32000
32000
32000
32000
32000
32000
32000
32000
32000
32000
32000
32000
32000
32000
32000
32000
32000
32000
32000
32000
32000
32000
32000
32000
32000
32000
32000
32000
32000
32000
32000
32000
32000
32000
32000
32000
32000
32000
32000
32000
32000
32000
32000
32000
32000
32000
32000
32000
32000
32000
32000
32000
32000
32000
32000
32000
32000
32000
32000
32000
32000
32000
32000
32000
32000
32000
32000
32000
32000
32000
32000
32000
32000
32000
32000
32000
32000
32000
32000
32000
32000
32000
32000
32000
32000
32000
32000
32000
32000
32000
32000
32000
32000
32000
32000
32000
32000
32000
32000
32000
32000
32000
32000
32000
32000
32000
32000
32000
32000
32000
32000
32000
32000
32000
32000
32000
32000
32000
32000
32000
32000
32000
32000
32000
32000
32000
32000
32000
32000
32000
32000
32000
32000
32000
32000
32000
32000
32000
32000
32000
32000
32000
32000
32000
32000
32000
32000
32000
32000
32000
32000
32000
32000
32000
32000
32000
32000
32000
32000
32000
32000
32000
32000
32000
32000
32000
32000
32000
32000
32000
32000
32000
32000
32000
32000
32000
32000
32000
32000
32000
32000
32000
32000
32000
32000
32000
32000
32000
32000
32000
32000
32000
32000
32000
32000
32000
32000
32000
32000
32000
32000
32000
32000
32000
32000
32000
32000
32000
32000
32000
32000
32000
32000
32000
32000
32000
32000
32000
32000
32000
32000
32000
32000
32000
32000
32000
32000
32000
32000
32000
32000
32000
32000
32000
32000
32000
32000
32000
32000
32000
32000
32000
32000
32000
32000
32000
32000
32000
32000
32000
32000
32000
32000
32000
32000
32000
32000
32000
32000
32000
32000
32000
32000
32000
32000
32000
32000
32000
32000
32000
32000
32000
32000
32000
32000
32000
32000
32000
32000
32000
32000
32000
32000
32000
32000
32000
32000
32000
32000
32000
32000
32000
32000
32000
32000
32000
32000
32000
32000
32000
32000
32000
32000
32000
32000
32000
32000
32000
32000
32000
32000
32000
32000
32000
32000
32000
32000
32000
32000
32000
32000
32000
32000
32000
32000
32000
32000
32000
32000
32000
32000
32000
32000
32000
32000
32000
32000
32000
32000
32000
32000
32000
32000
32000
32000
32000
32000
32000
32000
32000
32000
32000
32000
32000
32000
32000
32000
32000
32000
32000
32000
32000
32000
32000
32000
32000
32000
32000
32000
32000
32000
32000
32000
32000
32000
32000
32000
32000
32000
32000
32000
32000
32000
32000
32000
32000
32000
32000
32000
32000
32000
32000
32000
32000
32000
32000
32000
32000
32000
32000
32000
32000
32000
32000
32000
32000
32000
32000
32000
32000
32000
32000
32000
32000
32000
32000
32000
32000
32000
32000
32000
32000
32000
32000
32000
32000
32000
32000
32000
32000
32000
32000
32000
32000
32000
32000
32000
32000
32000
32000
32000
32000
32000
32000
32000
32000
32000
32000
32000
32000
32000
32000
32000
32000
32000
32000
32000
32000
32000
32000
32000
32000
32000
32000
32000
32000
32000
32000
32000
32000
32000
32000
32000
32000
32000
32000
32000
32000
32000
32000
32000
32000
32000
32000
32000
32000
32000
32000
32000
32000
32000
32000
32000
32000
32000
32000
32000
32000
32000
32000
32000
32000
32000
32000
32000
32000
32000
32000
32000
32000
32000
32000
32000
32000
32000
32000
32000
32000
32000
32000
32000
32000
32000
32000
32000
32000
32000
32000
32000
32000
32000
32000
32000
32000
32000
32000
32000
32000
32000
32000
32000
32000
32000
32000
32000
32000
32000
32000
32000
32000
32000
32000
32000
32000
32000
32000
32000
32000
32000
32000
32000
32000
32000
32000
32000
32000
32000
32000
32000
32000
32000
32000
32000
32000
32000
32000
32000
32000
32000
32000
32000
32000
32000
32000
32000
32000
32000
32000
32000
32000
32000
32000
32000
32000
32000
32000
32000
32000
32000
32000
32000
32000
32000
32000
32000
32000
32000
32000
32000
32000
32000
32000
32000
32000
32000
32000
32000
32000
32000
32000
32000
32000
32000
32000
32000
32000
32000
32000
32000
32000
32000
32000
32000
32000
32000
32000
32000
32000
32000
32000
32000
32000
32000
32000
32000
32000
32000
32000
32000
32000
32000
32000
32000
32000
32000
32000
32000
32000
32000
32000
32000
32000
32000
32000
32000
32000
32000
32000
32000
32000
32000
32000
32000
32000
32000
32000
32000
32000
32000
32000
32000
32000
32000
32000
32000
32000
32000
32000
32000
32000
32000
32000
32000
32000
32000
32000
32000
32000
32000
32000
32000
32000
32000
32000
32000
32000
32000
32000
32000
32000
32000
32000
32000
32000
32000
32000
32000
32000
32000
32000
32000
32000
32000
32000
32000
32000
32000
32000
32000
32000
32000
32000
32000
32000
32000
32000
32000
32000
32000
32000
32000
32000
32000
32000
32000
32000
32000
32000
32000
32000
32000
32000
32000
32000
32000
32000
32000
32000
32000
32000
32000
32000
32000
32000
32000
32000
32000
32000
32000
32000
32000
32000
32000
32000
32000
32000
32000
32000
32000
32000
32000
32000
32000
32000
32000
32000
32000
32000
32000
32000
32000
32000
32000
32000
32000
32000
32000
32000
32000
32000
32000
32000
32000
32000
32000
32000
32000
32000
32000
32000
32000
32000
32000
32000
32000
32000
32000
32000
32000
32000
32000
32000
32000
32000
32000
32000
32000
32000
32000
32000
32000
32000
32000
32000
32000
32000
32000
32000
32000
32000
32000
32000
32000
32000
32000
32000
32000
32000
32000
32000
32000
32000
32000
32000
32000
32000
32000
32000
32000
32000
32000
32000
32000
32000
32000
32000
32000
32000
32000
32000
32000
32000
32000
32000
32000
32000
32000
32000
32000
32000
32000
32000
32000
32000
32000
32000
32000
32000
32000
32000
32000
32000
32000
32000
32000
32000
32000
32000
32000
32000
32000
32000
32000
32000
32000
32000
32000
32000
32000
32000
32000
32000
32000
32000
32000
32000
32000
32000
32000
32000
32000
32000
32000
32000
32000
32000
32000
32000
32000
32000
32000
32000
32000
32000
32000
32000
32000
32000
32000
32000
32000
32000
32000
32000
32000
32000
32000
32000
32000
32000
32000
32000
32000
32000
32000
32000
32000
32000
32000
32000
32000
32000
32000
32000
32000
32000
32000
32000
32000
32000
32000
32000
32000
32000
32000
32000
32000
32000
32000
32000
32000
32000
32000
32000
32000
32000
32000
32000
32000
32000
32000
32000
32000
32000
32000
32000
32000
32000
32000
32000
32000
32000
32000
32000
32000
32000
32000
32000
32000
32000
32000
32000
32000
32000
32000
32000
32000
32000
32000
32000
32000
32000
32000
32000
32000
32000
32000
32000
32000
32000
32000
32000
32000
32000
32000
32000
32000
32000
32000
32000
32000
32000
32000
32000
32000
32000
32000
32000
32000
32000
32000
32000
32000
32000
32000
32000
32000
32000
32000
32000
32000
32000
32000
32000
32000
32000
59173.5
143688
141440
131185
127912
126950
126299
125682
125029
124311
123547
122702
34007.1
88247.3
126610
126904
127339
127033
126515
125773
124874
123976
123125
122255
32012.7
46563.1
117093
131210
128740
127515
126520
125573
124598
123660
122764
121864
32000
32372.3
86112.6
128638
128288
127432
126389
125324
124275
123310
122392
121471
32000
32001.8
43049.9
115775
128605
127211
126171
124992
123921
122958
122059
121149
32000
32000
32185.1
78110.4
125644
126621
125702
124548
123553
122642
121766
120884
32000
32000
32000.9
39302.9
108459
127176
125299
124291
123337
122435
121570
120702
32000
32000
32000
32078.3
65641
120911
124676
124100
123157
122220
121311
120434
32000
32000
32000
32000.3
35282
95508.3
125496
124225
122957
121997
121039
120097
32000
32000
32000
32000
32022.6
49582.6
115543
123454
122535
121777
120801
119811
32000
32000
32000
32000
32000.1
32588.4
78355.8
120280
122189
121542
120523
119602
32000
32000
32000
32000
32000
32002.5
39037.9
98519
122521
121323
120515
119571
32000
32000
32000
32000
32000
32000
32074.5
52454.1
112998
121253
120358
119287
32000
32000
32000
32000
32000
32000
32000.2
32861.3
75263.8
117010
119587
118633
32000
32000
32000
32000
32000
32000
32000
32003.6
37852.7
92391.6
118921
118378
32000
32000
32000
32000
32000
32000
32000
32000
32057.6
46800.6
103949
117769
32000
32000
32000
32000
32000
32000
32000
32000
32000.1
32372.8
59422.3
109621
32000
32000
32000
32000
32000
32000
32000
32000
32000
32001.1
33759.5
71265.7
32000
32000
32000
32000
32000
32000
32000
32000
32000
32000
32008.8
36610.2
32000
32000
32000
32000
32000
32000
32000
32000
32000
32000
32000
32039.7
32000
32000
32000
32000
32000
32000
32000
32000
32000
32000
32000
32000.1
32000
32000
32000
32000
32000
32000
32000
32000
32000
32000
32000
32000
32000
32000
32000
32000
32000
32000
32000
32000
32000
32000
32000
32000
32000
32000
32000
32000
32000
32000
32000
32000
32000
32000
32000
32000
32000
32000
32000
32000
32000
32000
32000
32000
32000
32000
32000
32000
32000
32000
32000
32000
32000
32000
32000
32000
32000
32000
32000
32000
32000
32000
32000
32000
32000
32000
32000
32000
32000
32000
32000
32000
32000
32000
32000
32000
32000
32000
32000
32000
32000
32000
32000
32000
32000
32000
32000
32000
32000
32000
32000
32000
32000
32000
32000
32000
32000
32000
32000
32000
32000
32000
32000
32000
32000
32000
32000
32000
32000
32000
32000
32000
32000
32000
32000
32000
32000
32000
32000
32000
32000
32000
32000
32000
32000
32000
32000
32000
32000
32000
32000
32000
32000
32000
32000
32000
32000
32000
32000
32000
32000
32000
32000
32000
32000
32000
32000
32000
32000
32000
32000
32000
32000
32000
32000
32000
32000
32000
32000
32000
32000
32000
32000
32000
32000
32000
32000
32000
32000
32000
32000
32000
32000
32000
32000
32000
32000
32000
32000
32000
32000
32000
32000
32000
32000
32000
32000
32000
32000
32000
32000
32000
32000
32000
32000
32000
32000
32000
32000
32000
32000
32000
32000
32000
32000
32000
32000
32000
32000
32000
32000
32000
32000
32000
32000
32000
32000
32000
32000
32000
32000
32000
32000
32000
32000
32000
32000
32000
32000
32000
32000
32000
32000
32000
32000
32000
32000
32000
32000
32000
32000
32000
32000
32000
32000
32000
32000
32000
32000
32000
32000
32000
32000
32000
32000
32000
32000
32000
32000
32000
32000
32000
32000
32000
32000
32000
32000
32000
32000
32000
32000
32000
32000
32000
32000
32000
32000
32000
32000
32000
32000
32000
32000
32000
32000
32000
32000
32000
32000
32000
32000
32000
32000
32000
32000
32000
32000
32000
32000
32000
32000
32000
32000
32000
32000
32000
32000
32000
32000
32000
32000
32000
32000
32000
32000
32000
32000
32000
32000
32000
32000
32000
32000
32000
32000
32000
32000
32000
32000
32000
32000
32000
32000
32000
32000
32000
32000
32000
32000
32000
32000
32000
32000
32000
32000
32000
32000
32000
32000
32000
32000
32000
32000
32000
32000
32000
32000
32000
32000
32000
32000
32000
32000
32000
32000
32000
32000
32000
32000
32000
32000
32000
32000
32000
32000
32000
32000
32000
32000
32000
32000
32000
32000
32000
32000
32000
32000
32000
32000
32000
32000
32000
32000
32000
32000
32000
32000
32000
32000
32000
32000
32000
32000
32000
32000
32000
32000
32000
32000
32000
32000
32000
32000
32000
32000
32000
32000
32000
32000
32000
32000
32000
32000
32000
32000
32000
32000
32000
32000
32000
32000
32000
32000
32000
32000
32000
32000
32000
32000
32000
32000
32000
32000
32000
32000
32000
32000
32000
32000
32000
32000
32000
32000
32000
32000
32000
32000
32000
32000
32000
32000
32000
32000
32000
32000
32000
32000
32000
32000
32000
32000
32000
32000
32000
32000
32000
32000
32000
32000
32000
32000
32000
32000
32000
32000
32000
32000
32000
32000
32000
32000
32000
32000
32000
32000
32000
32000
32000
32000
32000
32000
32000
32000
32000
32000
32000
32000
32000
32000
32000
32000
32000
32000
32000
32000
32000
32000
32000
32000
32000
32000
32000
32000
32000
32000
32000
32000
32000
32000
32000
32000
32000
32000
32000
32000
32000
32000
32000
32000
32000
32000
32000
32000
32000
32000
32000
32000
32000
32000
32000
32000
32000
32000
32000
32000
32000
32000
32000
32000
32000
32000
32000
32000
32000
32000
32000
32000
32000
32000
32000
32000
32000
32000
32000
32000
32000
32000
32000
32000
32000
32000
32000
32000
32000
32000
32000
32000
32000
32000
32000
32000
32000
32000
32000
32000
32000
32000
32000
32000
32000
32000
32000
32000
32000
32000
32000
32000
32000
32000
32000
32000
32000
32000
32000
32000
32000
32000
32000
32000
32000
32000
32000
32000
32000
32000
32000
32000
32000
32000
32000
32000
32000
32000
32000
32000
32000
32000
32000
32000
32000
32000
32000
32000
32000
32000
32000
32000
32000
32000
32000
32000
32000
32000
32000
32000
32000
32000
32000
32000
32000
32000
32000
32000
32000
32000
32000
32000
32000
32000
32000
32000
32000
32000
32000
32000
32000
32000
32000
32000
32000
32000
32000
32000
32000
32000
32000
32000
32000
32000
32000
32000
32000
32000
32000
32000
32000
32000
32000
32000
32000
32000
32000
32000
32000
32000
32000
32000
32000
32000
32000
32000
32000
32000
32000
32000
32000
32000
32000
32000
32000
32000
32000
32000
32000
32000
32000
32000
32000
32000
32000
32000
32000
32000
32000
32000
32000
32000
32000
32000
32000
32000
32000
32000
32000
32000
32000
32000
32000
32000
32000
32000
32000
32000
32000
32000
32000
32000
32000
32000
32000
32000
32000
32000
32000
32000
32000
32000
32000
32000
32000
32000
32000
32000
32000
32000
32000
32000
32000
32000
32000
32000
32000
32000
32000
32000
32000
32000
32000
32000
32000
32000
32000
32000
32000
32000
32000
32000
32000
32000
32000
32000
32000
32000
32000
32000
32000
32000
32000
32000
32000
32000
32000
32000
32000
32000
32000
32000
32000
32000
32000
32000
32000
32000
32000
32000
32000
32000
32000
32000
32000
32000
32000
32000
32000
32000
32000
32000
32000
32000
32000
32000
32000
32000
32000
32000
32000
32000
32000
32000
32000
32000
32000
32000
32000
32000
32000
32000
32000
32000
32000
32000
32000
32000
32000
32000
32000
32000
32000
32000
32000
32000
32000
32000
32000
32000
32000
32000
32000
32000
32000
32000
32000
32000
32000
32000
32000
32000
32000
32000
32000
32000
32000
32000
32000
32000
32000
32000
32000
32000
32000
32000
32000
32000
32000
32000
32000
32000
32000
32000
32000
32000
32000
32000
32000
32000
32000
32000
32000
32000
32000
32000
32000
32000
32000
32000
32000
32000
32000
32000
32000
32000
32000
32000
32000
32000
32000
32000
32000
32000
32000
32000
32000
32000
32000
32000
32000
32000
32000
32000
32000
32000
32000
32000
32000
32000
32000
32000
32000
32000
32000
32000
32000
32000
32000
32000
32000
32000
32000
32000
32000
32000
32000
)
;

boundaryField
{
    inlet
    {
        type            fixedValue;
        value           uniform 32000;
    }
    outlet
    {
        type            zeroGradient;
    }
    bottom
    {
        type            symmetryPlane;
    }
    top
    {
        type            zeroGradient;
    }
    obstacle
    {
        type            zeroGradient;
    }
    defaultFaces
    {
        type            empty;
    }
    procBoundary0to1
    {
        type            processor;
        value           nonuniform List<scalar> 
103
(
121782
121333
120912
120536
120227
119990
119812
119542
119176
118862
118590
118345
118003
117547
117330
117161
117330
114365
82828.3
40767.3
32125.6
32000.2
32000
32000
32000
32000
32000
32000
32000
32000
32000
32000
32000
32000
32000
32000
32000
32000
32000
32000
32000
32000
32000
32000
32000
32000
32000
32000
32000
32000
32000
32000
32000
32000
32000
32000
32000
32000
32000
32000
32000
32000
32000
32000
32000
32000
32000
32000
32000
32000
32000
32000
32000
32000
32000
32000
32000
32000
32000
32000
32000
32000
32000
32000
32000
32000
32000
32000
32000
32000
32000
32000
32000
32000
32000
32000
32000
32000
32000
32000
32000
32000
32000
)
;
    }
    procBoundary0to2
    {
        type            processor;
        value           nonuniform List<scalar> 
97
(
32000
32000
32000
32000
32000
32000
32000
32000
32000
32000
32000
32000
32000
32000
32000
32000
32000
32000
32000
32000
32000
32000
32000
32000
32000
32000
32000
32000
32000
32000
32000
32000
32000
32000
32000
32000
32000
32000
32000
32000
32000
32000
32000
32000
32000
32000
32000
32000
32000
32000
32000
32000
32000
32000
32000
32000
32000
32000
32000
32000
32000
32000
32000
32000
32000
32000
32000
32000
32000
32000
32000
32000
32000
32000
32000
32000
32000
32000
32000
32000
32000
32000
32000
32000
32000
32000
32000
32000
32000
32000
32000
32000
32000
32000
32000
32000
32000
)
;
    }
    procBoundary0to3
    {
        type            processor;
        value           nonuniform List<scalar> 2(32000 32000);
    }
}


// ************************************************************************* //
