/*--------------------------------*- C++ -*----------------------------------*\
| =========                 |                                                 |
| \\      /  F ield         | OpenFOAM: The Open Source CFD Toolbox           |
|  \\    /   O peration     | Version:  2306                                  |
|   \\  /    A nd           | Website:  www.openfoam.com                      |
|    \\/     M anipulation  |                                                 |
\*---------------------------------------------------------------------------*/
FoamFile
{
    version     2.0;
    format      ascii;
    arch        "LSB;label=32;scalar=64";
    class       volScalarField;
    location    "2e-05";
    object      rho;
}
// * * * * * * * * * * * * * * * * * * * * * * * * * * * * * * * * * * * * * //

dimensions      [1 -3 0 0 0 0 0];

internalField   nonuniform List<scalar> 
8941
(
0.62007
0.62007
0.62007
0.62007
0.62007
0.62007
0.62007
0.62007
0.62007
0.62007
0.62007
0.62007
0.62007
0.62007
0.62007
0.62007
0.62007
0.62007
0.62007
0.62007
0.62007
0.62007
0.62007
0.62007
0.62007
0.62007
0.62007
0.62007
0.62007
0.62007
0.62007
0.62007
0.62007
0.62007
0.62007
0.62007
0.62007
0.62007
0.62007
0.62007
0.62007
0.62007
0.62007
0.62007
0.62007
0.62007
0.62007
0.62007
0.62007
0.62007
0.62007
0.62007
0.62007
0.62007
0.62007
0.62007
0.62007
0.62007
0.62007
0.62007
0.62007
0.62007
0.62007
0.62007
0.62007
0.62007
0.62007
0.62007
0.62007
0.62007
0.62007
0.62007
0.62007
0.62007
0.62007
0.62007
0.62007
0.62007
0.62007
0.62007
0.62007
0.62007
0.62007
0.62007
0.62007
0.62007
0.62007
0.62007
0.62007
0.62007
0.62007
0.62007
0.62007
0.62007
0.62007
0.62007
0.62007
0.62007
0.62007
0.62007
0.62007
0.62007
0.62007
0.62007
0.62007
0.62007
0.62007
0.62007
0.62007
0.62007
0.62007
0.62007
0.62007
0.62007
0.62007
0.62007
0.62007
0.62007
0.62007
0.62007
0.62007
0.62007
0.62007
0.62007
0.62007
0.62007
0.62007
0.62007
0.62007
0.62007
0.62007
0.62007
0.62007
0.62007
0.62007
0.62007
0.62007
0.62007
0.62007
0.62007
0.62007
0.62007
0.62007
0.62007
0.62007
0.62007
0.62007
0.62007
0.62007
0.62007
0.62007
0.62007
0.62007
0.62007
0.62007
0.62007
0.62007
0.62007
0.62007
0.62007
0.62007
0.62007
0.62007
0.62007
0.62007
0.62007
0.62007
0.62007
0.62007
0.62007
0.62007
0.62007
0.62007
0.62007
0.62007
0.62007
0.62007
0.62007
0.62007
0.62007
0.62007
0.62007
0.62007
0.62007
0.62007
0.62007
0.62007
0.62007
0.62007
0.62007
0.62007
0.62007
0.62007
0.62007
0.62007
0.62007
0.62007
0.62007
0.62007
0.62007
0.62007
0.62007
0.62007
0.62007
0.62007
0.62007
0.62007
0.62007
0.62007
0.62007
0.62007
0.62007
0.62007
0.62007
0.62007
0.62007
0.62007
0.62007
0.62007
0.62007
0.62007
0.62007
0.62007
0.62007
0.62007
0.62007
0.62007
0.62007
0.62007
0.62007
0.62007
0.62007
0.62007
0.62007
0.62007
0.62007
0.62007
0.62007
0.62007
0.62007
0.62007
0.62007
0.62007
0.62007
0.62007
0.62007
0.62007
0.62007
0.62007
0.62007
0.62007
0.62007
0.62007
0.62007
0.62007
0.62007
0.62007
0.62007
0.62007
0.62007
0.62007
0.62007
0.62007
0.62007
0.62007
0.62007
0.62007
0.62007
0.62007
0.62007
0.62007
0.62007
0.62007
0.62007
0.62007
0.62007
0.62007
0.62007
0.62007
0.62007
0.62007
0.62007
0.62007
0.62007
0.62007
0.62007
0.62007
0.62007
0.62007
0.62007
0.62007
0.62007
0.62007
0.62007
0.62007
0.62007
0.62007
0.62007
0.62007
0.62007
0.62007
0.62007
0.62007
0.62007
0.62007
0.62007
0.62007
0.62007
0.62007
0.62007
0.62007
0.62007
0.62007
0.62007
0.62007
0.62007
0.62007
0.62007
0.62007
0.62007
0.62007
0.62007
0.62007
0.62007
0.62007
0.62007
0.62007
0.62007
0.62007
0.62007
0.62007
0.62007
0.62007
0.62007
0.62007
0.62007
0.62007
0.62007
0.62007
0.62007
0.62007
0.62007
0.62007
0.62007
0.62007
0.62007
0.62007
0.62007
0.62007
0.62007
0.62007
0.62007
0.62007
0.62007
0.62007
0.62007
0.62007
0.62007
0.62007
0.62007
0.62007
0.62007
0.62007
0.62007
0.62007
0.62007
0.62007
0.62007
0.62007
0.62007
0.62007
0.62007
0.62007
0.62007
0.62007
0.62007
0.62007
0.62007
0.62007
0.62007
0.62007
0.62007
0.62007
0.62007
0.62007
0.62007
0.62007
0.62007
0.62007
0.62007
0.62007
0.62007
0.62007
0.62007
0.62007
0.62007
0.62007
0.62007
0.62007
0.62007
0.62007
0.62007
0.62007
0.62007
0.62007
0.62007
0.62007
0.62007
0.62007
0.62007
0.62007
0.62007
0.62007
0.62007
0.62007
0.62007
0.62007
0.62007
0.62007
0.62007
0.62007
0.62007
0.62007
0.62007
0.62007
0.62007
0.62007
0.62007
0.62007
0.62007
0.62007
0.62007
0.62007
0.62007
0.62007
0.62007
0.62007
0.62007
0.62007
0.62007
0.62007
0.62007
0.62007
0.62007
0.62007
0.62007
0.62007
0.62007
0.62007
0.62007
0.62007
0.62007
0.62007
0.62007
0.62007
0.62007
0.62007
0.62007
0.62007
0.62007
0.62007
0.62007
0.62007
0.62007
0.62007
0.62007
0.62007
0.62007
0.62007
0.62007
0.62007
0.62007
0.62007
0.62007
0.62007
0.62007
0.62007
0.62007
0.62007
0.62007
0.62007
0.62007
0.62007
0.62007
0.62007
0.62007
0.62007
0.62007
0.62007
0.62007
0.62007
0.62007
0.62007
0.62007
0.62007
0.62007
0.62007
0.62007
0.62007
0.62007
0.62007
0.62007
0.62007
0.62007
0.62007
0.62007
0.62007
0.62007
0.62007
0.62007
0.62007
0.62007
0.62007
0.62007
0.62007
0.62007
0.62007
0.62007
0.62007
0.62007
0.62007
0.62007
0.62007
0.62007
0.62007
0.62007
0.62007
0.62007
0.62007
0.62007
0.62007
0.62007
0.62007
0.62007
0.62007
0.62007
0.62007
0.62007
0.62007
0.62007
0.62007
0.62007
0.62007
0.62007
0.62007
0.62007
0.62007
0.62007
0.62007
0.62007
0.62007
0.62007
0.62007
0.62007
0.62007
0.62007
0.62007
0.62007
0.62007
0.62007
0.62007
0.62007
0.62007
0.62007
0.62007
0.62007
0.62007
0.62007
0.62007
0.62007
0.62007
0.62007
0.62007
0.62007
0.62007
0.62007
0.62007
0.62007
0.62007
0.62007
0.62007
0.62007
0.62007
0.62007
0.62007
0.62007
0.62007
0.62007
0.62007
0.62007
0.62007
0.62007
0.62007
0.62007
0.62007
0.62007
0.62007
0.62007
0.62007
0.62007
0.62007
0.62007
0.62007
0.62007
0.62007
0.62007
0.62007
0.62007
0.62007
0.62007
0.62007
0.62007
0.62007
0.62007
0.62007
0.62007
0.62007
0.62007
0.62007
0.62007
0.62007
0.62007
0.62007
0.62007
0.62007
0.62007
0.62007
0.62007
0.62007
0.62007
0.62007
0.62007
0.62007
0.62007
0.62007
0.62007
0.62007
0.62007
0.62007
0.62007
0.62007
0.62007
0.62007
0.62007
0.62007
0.62007
0.62007
0.62007
0.62007
0.62007
0.62007
0.62007
0.62007
0.62007
0.62007
0.62007
0.62007
0.62007
0.62007
0.62007
0.62007
0.62007
0.62007
0.62007
0.62007
0.62007
0.62007
0.62007
0.62007
0.62007
0.62007
0.62007
0.62007
0.62007
0.62007
0.62007
0.62007
0.62007
0.62007
0.62007
0.62007
0.62007
0.62007
0.62007
0.62007
0.62007
0.62007
0.62007
0.62007
0.62007
0.62007
0.62007
0.62007
0.62007
0.62007
0.62007
0.62007
0.62007
0.62007
0.62007
0.62007
0.62007
0.62007
0.62007
0.62007
0.62007
0.62007
0.62007
0.62007
0.62007
0.62007
0.62007
0.62007
0.62007
0.62007
0.62007
0.62007
0.62007
0.62007
0.62007
0.62007
0.62007
0.62007
0.62007
0.62007
0.62007
0.62007
0.62007
0.62007
0.62007
0.62007
0.62007
0.62007
0.62007
0.62007
0.62007
0.62007
0.62007
0.62007
0.62007
0.62007
0.62007
0.62007
0.62007
0.62007
0.62007
0.62007
0.62007
0.62007
0.62007
0.62007
0.62007
0.62007
0.62007
0.62007
0.62007
0.62007
0.62007
0.62007
0.62007
0.62007
0.62007
0.62007
0.62007
0.62007
0.62007
0.62007
0.62007
0.62007
0.62007
0.62007
0.62007
0.62007
0.62007
0.62007
0.62007
0.62007
0.62007
0.62007
0.62007
0.62007
0.62007
0.62007
0.62007
0.62007
0.62007
0.62007
0.62007
0.62007
0.62007
0.62007
0.62007
0.62007
0.62007
0.62007
0.62007
0.62007
0.62007
0.62007
0.62007
0.62007
0.62007
0.62007
0.62007
0.62007
0.62007
0.62007
0.62007
0.62007
0.62007
0.62007
0.62007
0.62007
0.62007
0.62007
0.62007
0.62007
0.62007
0.62007
0.62007
0.62007
0.62007
0.62007
0.62007
0.62007
0.62007
0.62007
0.62007
0.62007
0.62007
0.62007
0.62007
0.62007
0.62007
0.62007
0.62007
0.62007
0.62007
0.62007
0.62007
0.62007
0.62007
0.62007
0.62007
0.62007
0.62007
0.62007
0.62007
0.62007
0.62007
0.62007
0.62007
0.62007
0.62007
0.62007
0.62007
0.62007
0.62007
0.62007
0.62007
0.62007
0.62007
0.62007
0.62007
0.62007
0.62007
0.62007
0.62007
0.62007
0.62007
0.62007
0.62007
0.62007
0.62007
0.62007
0.62007
0.62007
0.62007
0.62007
0.62007
0.62007
0.62007
0.62007
0.62007
0.62007
0.62007
0.62007
0.62007
0.62007
0.62007
0.62007
0.62007
0.62007
0.62007
0.62007
0.62007
0.62007
0.62007
0.62007
0.62007
0.62007
0.62007
0.62007
0.62007
0.62007
0.62007
0.62007
0.62007
0.62007
0.62007
0.62007
0.62007
0.62007
0.62007
0.62007
0.62007
0.62007
0.62007
0.62007
0.62007
0.62007
0.62007
0.62007
0.62007
0.62007
0.62007
0.62007
0.62007
0.62007
0.62007
0.62007
0.62007
0.62007
0.62007
0.62007
0.62007
0.62007
0.62007
0.62007
0.62007
0.62007
0.62007
0.62007
0.62007
0.62007
0.62007
0.62007
0.62007
0.62007
0.62007
0.62007
0.62007
0.62007
0.62007
0.62007
0.62007
0.62007
0.62007
0.62007
0.62007
0.62007
0.62007
0.62007
0.62007
0.62007
0.62007
0.62007
0.62007
0.62007
0.62007
0.62007
0.62007
0.62007
0.62007
0.62007
0.62007
0.62007
0.62007
0.62007
0.62007
0.62007
0.62007
0.62007
0.62007
0.62007
0.62007
0.62007
0.62007
0.62007
0.62007
0.62007
0.62007
0.62007
0.62007
0.62007
0.62007
0.62007
0.62007
0.62007
0.62007
0.62007
0.62007
0.62007
0.62007
0.62007
0.62007
0.62007
0.62007
0.62007
0.62007
0.62007
0.62007
0.62007
0.62007
0.62007
0.62007
0.62007
0.62007
0.62007
0.62007
0.62007
0.62007
0.62007
0.62007
0.62007
0.62007
0.62007
0.62007
0.62007
0.62007
0.62007
0.62007
0.62007
0.62007
0.62007
0.62007
0.62007
0.62007
0.62007
0.62007
0.62007
0.62007
0.62007
0.62007
0.62007
0.62007
0.62007
0.62007
0.62007
0.62007
0.62007
0.62007
0.62007
0.62007
0.62007
0.62007
0.62007
0.62007
0.62007
0.62007
0.62007
0.62007
0.62007
0.62007
0.62007
0.62007
0.62007
0.62007
0.62007
0.62007
0.62007
0.62007
0.62007
0.62007
0.62007
0.62007
0.62007
0.62007
0.62007
0.62007
0.62007
0.62007
0.62007
0.62007
0.62007
0.62007
0.62007
0.62007
0.62007
0.62007
0.62007
0.62007
0.62007
0.62007
0.62007
0.62007
0.62007
0.62007
0.62007
0.62007
0.62007
0.62007
0.62007
0.62007
0.62007
0.62007
0.62007
0.62007
0.62007
0.62007
0.62007
0.62007
0.62007
0.62007
0.62007
0.62007
0.62007
0.62007
0.62007
0.62007
0.62007
0.62007
0.62007
0.62007
0.62007
0.62007
0.62007
0.62007
0.62007
0.62007
0.62007
0.62007
0.62007
0.62007
0.62007
0.62007
0.62007
0.62007
0.62007
0.62007
0.62007
0.62007
0.62007
0.62007
0.62007
0.62007
0.62007
0.62007
0.62007
0.62007
0.62007
0.62007
0.62007
0.62007
0.62007
0.62007
0.62007
0.62007
0.62007
0.62007
0.62007
0.62007
0.62007
0.62007
0.62007
0.62007
0.62007
0.62007
0.62007
0.62007
0.62007
0.62007
0.62007
0.62007
0.62007
0.62007
0.62007
0.62007
0.62007
0.62007
0.62007
0.62007
0.62007
0.62007
0.62007
0.62007
0.62007
0.62007
0.62007
0.62007
0.62007
0.62007
0.62007
0.62007
0.62007
0.62007
0.62007
0.62007
0.62007
0.62007
0.62007
0.62007
0.62007
0.62007
0.62007
0.62007
0.62007
0.62007
0.62007
0.62007
0.62007
0.62007
0.62007
0.62007
0.62007
0.62007
0.62007
0.62007
0.62007
0.62007
0.62007
0.62007
0.62007
0.62007
0.62007
0.62007
0.62007
0.62007
0.62007
0.62007
0.62007
0.62007
0.62007
0.62007
0.62007
0.62007
0.62007
0.62007
0.62007
0.62007
0.62007
0.62007
0.62007
0.62007
0.62007
0.62007
0.62007
0.62007
0.62007
0.62007
0.62007
0.62007
0.62007
0.62007
0.62007
0.62007
0.62007
0.62007
0.62007
0.62007
0.62007
0.62007
0.62007
0.62007
0.62007
0.62007
0.62007
0.62007
0.62007
0.62007
0.62007
0.62007
0.62007
0.62007
0.62007
0.62007
0.62007
0.62007
0.62007
0.62007
0.62007
0.62007
0.62007
0.62007
0.62007
0.62007
0.62007
0.62007
0.62007
0.62007
0.62007
0.62007
0.62007
0.62007
0.62007
0.62007
0.62007
0.62007
0.62007
0.62007
0.62007
0.62007
0.62007
0.62007
0.62007
0.62007
0.62007
0.62007
0.62007
0.62007
0.62007
0.62007
0.62007
0.62007
0.62007
0.62007
0.62007
0.62007
0.62007
0.62007
0.62007
0.62007
0.62007
0.62007
0.62007
0.62007
0.62007
0.62007
0.62007
0.62007
0.62007
0.62007
0.62007
0.62007
0.62007
0.62007
0.62007
0.62007
0.62007
0.62007
0.62007
0.62007
0.62007
0.62007
0.62007
0.62007
0.62007
0.62007
0.62007
0.62007
0.62007
0.62007
0.62007
0.62007
0.62007
0.62007
0.62007
0.62007
0.62007
0.62007
0.62007
0.62007
0.62007
0.62007
0.62007
0.62007
0.62007
0.62007
0.62007
0.62007
0.62007
0.62007
0.62007
0.62007
0.62007
0.62007
0.62007
0.62007
0.62007
0.62007
0.62007
0.62007
0.62007
0.62007
0.62007
0.62007
0.62007
0.62007
0.62007
0.62007
0.62007
0.62007
0.62007
0.62007
0.62007
0.62007
0.62007
0.62007
0.62007
0.62007
0.62007
0.62007
0.62007
0.62007
0.62007
0.62007
0.62007
0.62007
0.62007
0.62007
0.62007
0.62007
0.62007
0.62007
0.62007
0.62007
0.62007
0.62007
0.62007
0.62007
0.62007
0.62007
0.62007
0.62007
0.62007
0.62007
0.62007
0.62007
0.62007
0.62007
0.62007
0.62007
0.62007
0.62007
0.62007
0.62007
0.62007
0.62007
0.62007
0.62007
0.62007
0.62007
0.62007
0.62007
0.62007
0.62007
0.62007
0.62007
0.62007
0.62007
0.62007
0.62007
0.62007
0.62007
0.62007
0.62007
0.62007
0.62007
0.62007
0.62007
0.62007
0.62007
0.62007
0.62007
0.62007
0.62007
0.62007
0.62007
0.62007
0.62007
0.62007
0.62007
0.62007
0.62007
0.62007
0.62007
0.62007
0.62007
0.62007
0.62007
0.62007
0.62007
0.62007
0.62007
0.62007
0.62007
0.62007
0.62007
0.62007
0.62007
0.62007
0.62007
0.62007
0.62007
0.62007
0.62007
0.62007
0.62007
0.62007
0.62007
0.62007
0.62007
0.62007
0.62007
0.62007
0.62007
0.62007
0.62007
0.62007
0.62007
0.62007
0.62007
0.62007
0.62007
0.62007
0.62007
0.62007
0.62007
0.62007
0.62007
0.62007
0.62007
0.62007
0.62007
0.62007
0.62007
0.62007
0.62007
0.62007
0.62007
0.62007
0.62007
0.62007
0.62007
0.62007
0.62007
0.62007
0.62007
0.62007
0.62007
0.62007
0.62007
0.62007
0.62007
0.62007
0.62007
0.62007
0.62007
0.62007
0.62007
0.62007
0.62007
0.62007
0.62007
0.62007
0.62007
0.62007
0.62007
0.62007
0.62007
0.62007
0.62007
0.62007
0.62007
0.62007
0.62007
0.62007
0.62007
0.62007
0.62007
0.62007
0.62007
0.62007
0.62007
0.62007
0.62007
0.62007
0.62007
0.62007
0.62007
0.62007
0.62007
0.62007
0.62007
0.62007
0.62007
0.62007
0.62007
0.62007
0.62007
0.62007
0.62007
0.62007
0.62007
0.62007
0.62007
0.62007
0.62007
0.62007
0.62007
0.62007
0.62007
0.62007
0.62007
0.62007
0.62007
0.62007
0.62007
0.62007
0.62007
0.62007
0.62007
0.62007
0.62007
0.62007
0.62007
0.62007
0.62007
0.62007
0.62007
0.62007
0.62007
0.62007
0.62007
0.62007
0.62007
0.62007
0.62007
0.62007
0.62007
0.62007
0.62007
0.62007
0.62007
0.62007
0.62007
0.62007
0.62007
0.62007
0.62007
0.62007
0.62007
0.62007
0.62007
0.62007
0.62007
0.62007
0.62007
0.62007
0.62007
0.62007
0.62007
0.62007
0.62007
0.62007
0.62007
0.62007
0.62007
0.62007
0.62007
0.62007
0.62007
0.62007
0.62007
0.62007
0.62007
0.62007
0.62007
0.62007
0.62007
0.62007
0.62007
0.62007
0.62007
0.62007
0.62007
0.62007
0.62007
0.62007
0.62007
0.62007
0.62007
0.62007
0.62007
0.62007
0.62007
0.62007
0.62007
0.62007
0.62007
0.62007
0.62007
0.62007
0.62007
0.62007
0.62007
0.62007
0.62007
0.62007
0.62007
0.62007
0.62007
0.62007
0.62007
0.62007
0.62007
0.62007
0.62007
0.62007
0.62007
0.62007
0.62007
0.62007
0.62007
0.62007
0.62007
0.62007
0.62007
0.62007
0.62007
0.62007
0.62007
0.62007
0.62007
0.62007
0.62007
0.62007
0.62007
0.62007
0.62007
0.62007
0.62007
0.62007
0.62007
0.62007
0.62007
0.62007
0.62007
0.62007
0.62007
0.62007
0.62007
0.62007
0.62007
0.62007
0.62007
0.62007
0.62007
0.62007
0.62007
0.62007
0.62007
0.62007
0.62007
0.62007
0.62007
0.62007
0.62007
0.62007
0.62007
0.62007
0.62007
0.62007
0.62007
0.62007
0.62007
0.62007
0.62007
0.62007
0.62007
0.62007
0.62007
0.62007
0.62007
0.62007
0.62007
0.62007
0.62007
0.62007
0.62007
0.62007
0.62007
0.62007
0.62007
0.62007
0.62007
0.62007
0.62007
0.62007
0.62007
0.62007
0.62007
0.62007
0.62007
0.62007
0.62007
0.62007
0.62007
0.62007
0.62007
0.62007
0.62007
0.62007
0.62007
0.62007
0.62007
0.62007
0.62007
0.62007
0.62007
0.62007
0.62007
0.62007
0.62007
0.62007
0.62007
0.62007
0.62007
0.62007
0.62007
0.62007
0.62007
0.62007
0.62007
0.62007
0.62007
0.62007
0.62007
0.62007
0.62007
0.62007
0.62007
0.62007
0.62007
0.62007
0.62007
0.62007
0.62007
0.62007
0.62007
0.62007
0.62007
0.62007
0.62007
0.62007
0.62007
0.62007
0.62007
0.62007
0.62007
0.62007
0.62007
0.62007
0.62007
0.62007
0.62007
0.62007
0.62007
0.62007
0.62007
0.62007
0.62007
0.62007
0.62007
0.62007
0.62007
0.62007
0.62007
0.62007
0.62007
0.62007
0.62007
0.62007
0.62007
0.62007
0.62007
0.62007
0.62007
0.62007
0.62007
0.62007
0.62007
0.62007
0.62007
0.62007
0.62007
0.62007
0.62007
0.62007
0.62007
0.62007
0.62007
0.62007
0.62007
0.62007
0.62007
0.62007
0.62007
0.62007
0.62007
0.62007
0.62007
0.62007
0.62007
0.62007
0.62007
0.62007
0.62007
0.62007
0.62007
0.62007
0.62007
0.62007
0.62007
0.62007
0.62007
0.62007
0.62007
0.62007
0.62007
0.62007
0.62007
0.62007
0.62007
0.62007
0.62007
0.62007
0.62007
0.62007
0.62007
0.62007
0.62007
0.62007
0.62007
0.62007
0.62007
0.62007
0.62007
0.62007
0.62007
0.62007
0.62007
0.62007
0.62007
0.62007
0.62007
0.62007
0.62007
0.62007
0.62007
0.62007
0.62007
0.62007
0.62007
0.62007
0.62007
0.62007
0.62007
0.62007
0.62007
0.62007
0.62007
0.62007
0.62007
0.62007
0.62007
0.62007
0.62007
0.62007
0.62007
0.62007
0.62007
0.62007
0.62007
0.62007
0.62007
0.62007
0.62007
0.62007
0.62007
0.62007
0.62007
0.62007
0.62007
0.62007
0.62007
0.62007
0.62007
0.62007
0.62007
0.62007
0.62007
0.62007
0.62007
0.62007
0.62007
0.62007
0.62007
0.62007
0.62007
0.62007
0.62007
0.62007
0.62007
0.62007
0.62007
0.62007
0.62007
0.62007
0.62007
0.62007
0.62007
0.62007
0.62007
0.62007
0.62007
0.62007
0.62007
0.62007
0.62007
0.62007
0.62007
0.62007
0.62007
0.62007
0.62007
0.62007
0.62007
0.62007
0.62007
0.62007
0.62007
0.62007
0.62007
0.62007
0.62007
0.62007
0.62007
0.62007
0.62007
0.62007
0.62007
0.62007
0.62007
0.62007
0.62007
0.62007
0.62007
0.62007
0.62007
0.62007
0.62007
0.62007
0.62007
0.62007
0.62007
0.62007
0.62007
0.62007
0.62007
0.62007
0.62007
0.62007
0.62007
0.62007
0.62007
0.62007
0.62007
0.62007
0.62007
0.62007
0.62007
0.62007
0.62007
0.62007
0.62007
0.62007
0.62007
0.62007
0.62007
0.62007
0.62007
0.62007
0.62007
0.62007
0.62007
0.62007
0.62007
0.62007
0.62007
0.62007
0.62007
0.62007
0.62007
0.62007
0.62007
0.62007
0.62007
0.62007
0.62007
0.62007
0.62007
0.62007
0.62007
0.62007
0.62007
0.62007
0.62007
0.62007
0.62007
0.62007
0.62007
0.62007
0.62007
0.62007
0.62007
0.62007
0.62007
0.62007
0.62007
0.62007
0.62007
0.62007
0.62007
0.62007
0.62007
0.62007
0.62007
0.62007
0.62007
0.62007
0.62007
0.62007
0.62007
0.62007
0.62007
0.62007
0.62007
0.62007
0.62007
0.62007
0.62007
0.62007
0.62007
0.62007
0.62007
0.62007
0.62007
0.62007
0.62007
0.62007
0.62007
0.62007
0.62007
0.62007
0.62007
0.62007
0.62007
0.62007
0.62007
0.62007
0.62007
0.62007
0.62007
0.62007
0.62007
0.62007
0.62007
0.62007
0.62007
0.62007
0.62007
0.62007
0.62007
0.62007
0.62007
0.62007
0.62007
0.62007
0.62007
0.62007
0.62007
0.62007
0.62007
0.62007
0.62007
0.62007
0.62007
0.62007
0.62007
0.62007
0.62007
0.62007
0.62007
0.62007
0.62007
0.62007
0.62007
0.62007
0.62007
0.62007
0.62007
0.62007
0.62007
0.62007
0.62007
0.62007
0.62007
0.62007
0.62007
0.62007
0.62007
0.62007
0.62007
0.62007
0.62007
0.62007
0.62007
0.62007
0.62007
0.62007
0.62007
0.62007
0.62007
0.62007
0.62007
0.62007
0.62007
0.62007
0.62007
0.62007
0.62007
0.62007
0.62007
0.62007
0.62007
0.62007
0.62007
0.62007
0.62007
0.62007
0.62007
0.62007
0.62007
0.62007
0.62007
0.62007
0.62007
0.62007
0.62007
0.62007
0.62007
0.62007
0.62007
0.62007
0.62007
0.62007
0.62007
0.62007
0.62007
0.62007
0.62007
0.62007
0.62007
0.62007
0.62007
0.62007
0.62007
0.62007
0.62007
0.62007
0.62007
0.62007
0.62007
0.62007
0.62007
0.62007
0.62007
0.62007
0.62007
0.62007
0.62007
0.62007
0.62007
0.62007
0.62007
0.62007
0.62007
0.62007
0.62007
0.62007
0.62007
0.62007
0.62007
0.62007
0.62007
0.62007
0.62007
0.62007
0.62007
0.62007
0.62007
0.62007
0.62007
0.62007
0.62007
0.62007
0.62007
0.62007
0.62007
0.62007
0.62007
0.62007
0.62007
0.62007
0.62007
0.62007
0.62007
0.62007
0.62007
0.62007
0.62007
0.62007
0.62007
0.62007
0.62007
0.62007
0.62007
0.62007
0.62007
0.62007
0.62007
0.62007
0.62007
0.62007
0.62007
0.62007
0.62007
0.62007
0.62007
0.62007
0.62007
0.62007
0.62007
0.62007
0.62007
0.62007
0.62007
0.62007
0.62007
0.62007
0.62007
0.62007
0.62007
0.62007
0.62007
0.62007
0.62007
0.62007
0.62007
0.62007
0.62007
0.62007
0.62007
0.62007
0.62007
0.62007
0.62007
0.62007
0.62007
0.62007
0.62007
0.62007
0.62007
0.62007
0.62007
0.62007
0.62007
0.62007
0.62007
0.62007
0.62007
0.62007
0.62007
0.62007
0.62007
0.62007
0.62007
0.62007
0.62007
0.62007
0.62007
0.62007
0.62007
0.62007
0.62007
0.62007
0.62007
0.62007
0.62007
0.62007
0.62007
0.62007
0.62007
0.62007
0.62007
0.62007
0.62007
0.62007
0.62007
0.62007
0.62007
0.62007
0.62007
0.62007
0.62007
0.62007
0.62007
0.62007
0.62007
0.62007
0.62007
0.62007
0.62007
0.62007
0.62007
0.62007
0.62007
0.62007
0.62007
0.62007
0.62007
0.62007
0.62007
0.62007
0.62007
0.62007
0.62007
0.62007
0.62007
0.62007
0.62007
0.62007
0.62007
0.62007
0.62007
0.62007
0.62007
0.62007
0.62007
0.62007
0.62007
0.62007
0.62007
0.62007
0.62007
0.62007
0.62007
0.62007
0.62007
0.62007
0.62007
0.62007
0.62007
0.62007
0.62007
0.62007
0.62007
0.62007
0.62007
0.62007
0.62007
0.62007
0.62007
0.62007
0.62007
0.62007
0.62007
0.62007
0.62007
0.62007
0.62007
0.62007
0.62007
0.62007
0.62007
0.62007
0.62007
0.62007
0.62007
0.62007
0.62007
0.62007
0.62007
0.62007
0.62007
0.62007
0.62007
0.62007
0.62007
0.62007
0.62007
0.62007
0.62007
0.62007
0.62007
0.62007
0.62007
0.62007
0.62007
0.62007
0.62007
0.62007
0.62007
0.62007
0.62007
0.62007
0.62007
0.62007
0.62007
0.62007
0.62007
0.62007
0.62007
0.62007
0.62007
0.62007
0.62007
0.62007
0.62007
0.62007
0.62007
0.62007
0.62007
0.62007
0.62007
0.62007
0.62007
0.62007
0.62007
0.62007
0.62007
0.62007
0.62007
0.62007
0.62007
0.62007
0.62007
0.62007
0.62007
0.62007
0.62007
0.62007
0.62007
0.62007
0.62007
0.62007
0.62007
0.62007
0.62007
0.62007
0.62007
0.62007
0.62007
0.62007
0.62007
0.62007
0.62007
0.62007
0.62007
0.62007
0.62007
0.62007
0.62007
0.62007
0.62007
0.62007
0.62007
0.62007
0.62007
0.62007
0.62007
0.62007
0.62007
0.62007
0.62007
0.62007
0.62007
0.62007
0.62007
0.62007
0.62007
0.62007
0.62007
0.62007
0.62007
0.62007
0.62007
0.62007
0.62007
0.62007
0.62007
0.62007
0.62007
0.62007
0.62007
0.62007
0.62007
0.62007
0.62007
0.62007
0.62007
0.62007
0.62007
0.62007
0.62007
0.62007
0.62007
0.62007
0.62007
0.62007
0.62007
0.62007
0.62007
0.62007
0.62007
0.62007
0.62007
0.62007
0.62007
0.62007
0.62007
0.62007
0.62007
0.62007
0.62007
0.62007
0.62007
0.62007
0.62007
0.62007
0.62007
0.62007
0.62007
0.62007
0.62007
0.62007
0.62007
0.62007
0.62007
0.62007
0.62007
0.62007
0.62007
0.62007
0.62007
0.62007
0.62007
0.62007
0.62007
0.62007
0.62007
0.62007
0.62007
0.62007
0.62007
0.62007
0.62007
0.62007
0.62007
0.62007
0.62007
0.62007
0.62007
0.62007
0.62007
0.62007
0.62007
0.62007
0.62007
0.62007
0.62007
0.62007
0.62007
0.62007
0.62007
0.62007
0.62007
0.62007
0.62007
0.62007
0.62007
0.62007
0.62007
0.62007
0.62007
0.62007
0.62007
0.62007
0.62007
0.62007
0.62007
0.62007
0.62007
0.62007
0.62007
0.62007
0.62007
0.62007
0.62007
0.62007
0.62007
0.62007
0.62007
0.62007
0.62007
0.62007
0.62007
0.62007
0.62007
0.62007
0.62007
0.62007
0.62007
0.62007
0.62007
0.62007
0.62007
0.62007
0.62007
0.62007
0.62007
0.62007
0.62007
0.62007
0.62007
0.62007
0.62007
0.62007
0.62007
0.62007
0.62007
0.62007
0.62007
0.62007
0.62007
0.62007
0.62007
0.62007
0.62007
0.62007
0.62007
0.62007
0.62007
0.62007
0.62007
0.62007
0.62007
0.62007
0.62007
0.62007
0.62007
0.62007
0.62007
0.62007
0.62007
0.62007
0.62007
0.62007
0.62007
0.62007
0.62007
0.62007
0.62007
0.62007
0.62007
0.62007
0.62007
0.62007
0.62007
0.62007
0.62007
0.62007
0.62007
0.62007
0.62007
0.62007
0.62007
0.62007
0.62007
0.62007
0.62007
0.62007
0.62007
0.62007
0.62007
0.62007
0.62007
0.62007
0.62007
0.62007
0.62007
0.62007
0.62007
0.62007
0.62007
0.62007
0.62007
0.62007
0.62007
0.62007
0.62007
0.62007
0.62007
0.62007
0.62007
0.62007
0.62007
0.62007
0.62007
0.62007
0.62007
0.62007
0.62007
0.62007
0.62007
0.62007
0.62007
0.62007
0.62007
0.62007
0.62007
0.62007
0.62007
0.62007
0.62007
0.62007
0.62007
0.62007
0.62007
0.62007
0.62007
0.62007
0.62007
0.62007
0.62007
0.62007
0.62007
0.62007
0.62007
0.62007
0.62007
0.62007
0.62007
0.62007
0.62007
0.62007
0.62007
0.62007
0.62007
0.62007
0.62007
0.62007
0.62007
0.62007
0.62007
0.62007
0.62007
0.62007
0.62007
0.62007
0.62007
0.62007
0.62007
0.62007
0.62007
0.62007
0.62007
0.62007
0.62007
0.62007
0.62007
0.62007
0.62007
0.62007
0.62007
0.62007
0.62007
0.62007
0.62007
0.62007
0.62007
0.62007
0.62007
0.62007
0.62007
0.62007
0.62007
0.62007
0.62007
0.62007
0.62007
0.62007
0.62007
0.62007
0.62007
0.62007
0.62007
0.62007
0.62007
0.62007
0.62007
0.62007
0.62007
0.62007
0.62007
0.62007
0.62007
0.62007
0.62007
0.62007
0.62007
0.62007
0.62007
0.62007
0.62007
0.62007
0.62007
0.62007
0.62007
0.62007
0.62007
0.62007
0.62007
0.62007
0.62007
0.62007
0.62007
0.62007
0.62007
0.62007
0.62007
0.62007
0.62007
0.62007
0.62007
0.62007
0.62007
0.62007
0.62007
0.62007
0.62007
0.62007
0.62007
0.62007
0.62007
0.62007
0.62007
0.62007
0.62007
0.62007
0.62007
0.62007
0.62007
0.62007
0.62007
0.62007
0.62007
0.62007
0.62007
0.62007
0.62007
0.62007
0.62007
0.62007
0.62007
0.62007
0.62007
0.62007
0.62007
0.62007
0.62007
0.62007
0.62007
0.62007
0.62007
0.62007
0.62007
0.62007
0.62007
0.62007
0.62007
0.62007
0.62007
0.62007
0.62007
0.62007
0.62007
0.62007
0.62007
0.62007
0.62007
0.62007
0.62007
0.62007
0.62007
0.62007
0.62007
0.62007
0.62007
0.62007
0.62007
0.62007
0.62007
0.62007
0.62007
0.62007
0.62007
0.62007
0.62007
0.62007
0.62007
0.62007
0.62007
0.62007
0.62007
0.62007
0.62007
0.62007
0.62007
0.62007
0.62007
0.62007
0.62007
0.62007
0.62007
0.62007
0.62007
0.62007
0.62007
0.62007
0.62007
0.62007
0.62007
0.62007
0.62007
0.62007
0.62007
0.62007
0.62007
0.62007
0.62007
0.62007
0.62007
0.62007
0.62007
0.62007
0.62007
0.62007
0.62007
0.62007
0.62007
0.62007
0.62007
0.62007
0.62007
0.62007
0.62007
0.62007
0.62007
0.62007
0.62007
0.62007
0.62007
0.62007
0.62007
0.62007
0.62007
0.62007
0.62007
0.62007
0.62007
0.62007
0.62007
0.62007
0.62007
0.62007
0.62007
0.62007
0.62007
0.62007
0.62007
0.62007
0.62007
0.62007
0.62007
0.62007
0.62007
0.62007
0.62007
0.62007
0.62007
0.62007
0.62007
0.62007
0.62007
0.62007
0.62007
0.62007
0.62007
0.62007
0.62007
0.62007
0.62007
0.62007
0.62007
0.62007
0.62007
0.62007
0.62007
0.62007
0.62007
0.62007
0.62007
0.62007
0.62007
0.62007
0.62007
0.62007
0.62007
0.62007
0.62007
0.62007
0.62007
0.62007
0.62007
0.62007
0.62007
0.62007
0.62007
0.62007
0.62007
0.62007
0.62007
0.62007
0.62007
0.62007
0.62007
0.62007
0.62007
0.62007
0.62007
0.62007
0.62007
0.62007
0.62007
0.62007
0.62007
0.62007
0.62007
0.62007
0.62007
0.62007
0.62007
0.62007
0.62007
0.62007
0.62007
0.62007
0.62007
0.62007
0.62007
0.62007
0.62007
0.62007
0.62007
0.62007
0.62007
0.62007
0.62007
0.62007
0.62007
0.62007
0.62007
0.62007
0.62007
0.62007
0.62007
0.62007
0.62007
0.62007
0.62007
0.62007
0.62007
0.62007
0.62007
0.62007
0.62007
0.62007
0.62007
0.62007
0.62007
0.62007
0.62007
0.62007
0.62007
0.62007
0.62007
0.62007
0.62007
0.62007
0.62007
0.62007
0.62007
0.62007
0.62007
0.62007
0.62007
0.62007
0.62007
0.62007
0.62007
0.62007
0.62007
0.62007
0.62007
0.62007
0.62007
0.62007
0.62007
0.62007
0.62007
0.62007
0.62007
0.62007
0.62007
0.62007
0.62007
0.62007
0.62007
0.62007
0.62007
0.62007
0.62007
0.62007
0.62007
0.62007
0.62007
0.62007
0.62007
0.62007
0.62007
0.62007
0.62007
0.62007
0.62007
0.62007
0.62007
0.62007
0.62007
0.62007
0.62007
0.62007
0.62007
0.62007
0.62007
0.62007
0.62007
0.62007
0.62007
0.62007
0.62007
0.62007
0.62007
0.62007
0.62007
0.62007
0.62007
0.62007
0.62007
0.62007
0.62007
0.62007
0.62007
0.62007
0.62007
0.62007
0.62007
0.62007
0.62007
0.62007
0.62007
0.62007
0.62007
0.62007
0.62007
0.62007
0.62007
0.62007
0.62007
0.62007
0.62007
0.62007
0.62007
0.62007
0.62007
0.62007
0.62007
0.62007
0.62007
0.62007
0.62007
0.62007
0.62007
0.62007
0.62007
0.62007
0.62007
0.62007
0.62007
0.62007
0.62007
0.62007
0.62007
0.62007
0.62007
0.62007
0.62007
0.62007
0.62007
0.62007
0.62007
0.62007
0.62007
0.62007
0.62007
0.62007
0.62007
0.62007
0.62007
0.62007
0.62007
0.62007
0.62007
0.62007
0.62007
0.62007
0.62007
0.62007
0.62007
0.62007
0.62007
0.62007
0.62007
0.62007
0.62007
0.62007
0.62007
0.62007
0.62007
0.62007
0.62007
0.62007
0.62007
0.62007
0.62007
0.62007
0.62007
0.62007
0.62007
0.62007
0.62007
0.62007
0.62007
0.62007
0.62007
0.62007
0.62007
0.62007
0.62007
0.62007
0.62007
0.62007
0.62007
0.62007
0.62007
0.62007
0.62007
0.62007
0.62007
0.62007
0.62007
0.62007
0.62007
0.62007
0.62007
0.62007
0.62007
0.62007
0.62007
0.62007
0.62007
0.62007
0.62007
0.62007
0.62007
0.62007
0.62007
0.62007
0.62007
0.62007
0.62007
0.62007
0.62007
0.62007
0.62007
0.62007
0.62007
0.62007
0.62007
0.62007
0.62007
0.62007
0.62007
0.62007
0.62007
0.62007
0.62007
0.62007
0.62007
0.62007
0.62007
0.62007
0.62007
0.62007
0.62007
0.62007
0.62007
0.62007
0.62007
0.62007
0.62007
0.62007
0.62007
0.62007
0.62007
0.62007
0.62007
0.62007
0.62007
0.62007
0.62007
0.62007
0.62007
0.62007
0.62007
0.62007
0.62007
0.62007
0.62007
0.62007
0.62007
0.62007
0.62007
0.62007
0.62007
0.62007
0.62007
0.62007
0.62007
0.62007
0.62007
0.62007
0.62007
0.62007
0.62007
0.62007
0.62007
0.62007
0.62007
0.62007
0.62007
0.62007
0.62007
0.62007
0.62007
0.62007
0.62007
0.62007
0.62007
0.62007
0.62007
0.62007
0.62007
0.62007
0.62007
0.62007
0.62007
0.62007
0.62007
0.62007
0.62007
0.62007
0.62007
0.62007
0.62007
0.62007
0.62007
0.62007
0.62007
0.62007
0.62007
0.62007
0.62007
0.62007
0.62007
0.62007
0.62007
0.62007
0.62007
0.62007
0.62007
0.62007
0.62007
0.62007
0.62007
0.62007
0.62007
0.62007
0.62007
0.62007
0.62007
0.62007
0.62007
0.62007
0.62007
0.62007
0.62007
0.62007
0.62007
0.62007
0.62007
0.62007
0.62007
0.62007
0.62007
0.62007
0.62007
0.62007
0.62007
0.62007
0.62007
0.62007
0.62007
0.62007
0.62007
0.62007
0.62007
0.62007
0.62007
0.62007
0.62007
0.62007
0.62007
0.62007
0.62007
0.62007
0.62007
0.62007
0.62007
0.62007
0.62007
0.62007
0.62007
0.62007
0.62007
0.62007
0.62007
0.62007
0.62007
0.62007
0.62007
0.62007
0.62007
0.62007
0.62007
0.62007
0.62007
0.62007
0.62007
0.62007
0.62007
0.62007
0.62007
0.62007
0.62007
0.62007
0.62007
0.62007
0.62007
0.62007
0.62007
0.62007
0.62007
0.62007
0.62007
0.62007
0.62007
0.62007
0.62007
0.62007
0.62007
0.62007
0.62007
0.62007
0.62007
0.62007
0.62007
0.62007
0.62007
0.62007
0.62007
0.62007
0.62007
0.62007
0.62007
0.62007
0.62007
0.62007
0.62007
0.62007
0.62007
0.62007
0.62007
0.62007
0.62007
0.62007
0.62007
0.62007
0.62007
0.62007
0.62007
0.62007
0.62007
0.62007
0.62007
0.62007
0.62007
0.62007
0.62007
0.62007
0.62007
0.62007
0.62007
0.62007
0.62007
0.62007
0.62007
0.62007
0.62007
0.62007
0.62007
0.62007
0.62007
0.62007
0.62007
0.62007
0.62007
0.62007
0.62007
0.62007
0.62007
0.62007
0.62007
0.62007
0.62007
0.62007
0.62007
0.62007
0.62007
0.62007
0.62007
0.62007
0.62007
0.62007
0.62007
0.62007
0.62007
0.62007
0.62007
0.62007
0.62007
0.62007
0.62007
0.62007
0.62007
0.62007
0.62007
0.62007
0.62007
0.62007
0.62007
0.62007
0.62007
0.62007
0.62007
0.62007
0.62007
0.62007
0.62007
0.62007
0.62007
0.62007
0.62007
0.62007
0.62007
0.62007
0.62007
0.62007
0.62007
0.62007
0.62007
0.62007
0.62007
0.62007
0.62007
0.62007
0.62007
0.62007
0.62007
0.62007
0.62007
0.62007
0.62007
0.62007
0.62007
0.62007
0.62007
0.62007
0.62007
0.62007
0.62007
0.62007
0.62007
0.62007
0.62007
0.62007
0.62007
0.62007
0.62007
0.62007
0.62007
0.62007
0.62007
0.62007
0.62007
0.62007
0.62007
0.62007
0.62007
0.62007
0.62007
0.62007
0.62007
0.62007
0.62007
0.62007
0.62007
0.62007
0.62007
0.62007
0.62007
0.62007
0.62007
0.62007
0.62007
0.62007
0.62007
0.62007
0.62007
0.62007
0.62007
0.62007
0.62007
0.62007
0.62007
0.62007
0.62007
0.62007
0.62007
0.62007
0.62007
0.62007
0.62007
0.62007
0.62007
0.62007
0.62007
0.62007
0.62007
0.62007
0.62007
0.62007
0.62007
0.62007
0.62007
0.62007
0.62007
0.62007
0.62007
0.62007
0.62007
0.62007
0.62007
0.62007
0.62007
0.62007
0.62007
0.62007
0.62007
0.62007
0.62007
0.62007
0.62007
0.62007
0.62007
0.62007
0.62007
0.62007
0.62007
0.62007
0.62007
0.62007
0.62007
0.62007
0.62007
0.62007
0.62007
0.62007
0.62007
0.62007
0.62007
0.62007
0.62007
0.62007
0.62007
0.62007
0.62007
0.62007
0.62007
0.62007
0.62007
0.62007
0.62007
0.62007
0.62007
0.62007
0.62007
0.62007
0.62007
0.62007
0.62007
0.62007
0.62007
0.62007
0.62007
0.62007
0.62007
0.62007
0.62007
0.62007
0.62007
0.62007
0.62007
0.62007
0.62007
0.62007
0.62007
0.62007
0.62007
0.62007
0.62007
0.62007
0.62007
0.62007
0.62007
0.62007
0.62007
0.62007
0.62007
0.62007
0.62007
0.62007
0.62007
0.62007
0.62007
0.62007
0.62007
0.62007
0.62007
0.62007
0.62007
0.62007
0.62007
0.62007
0.62007
0.62007
0.62007
0.62007
0.62007
0.62007
0.62007
0.62007
0.62007
0.62007
0.62007
0.62007
0.62007
0.62007
0.62007
0.62007
0.62007
0.62007
0.62007
0.62007
0.62007
0.62007
0.62007
0.62007
0.62007
0.62007
0.62007
0.62007
0.62007
0.62007
0.62007
0.62007
0.62007
0.62007
0.62007
0.62007
0.62007
0.62007
0.62007
0.62007
0.62007
0.62007
0.62007
0.62007
0.62007
0.62007
0.62007
0.62007
0.62007
0.62007
0.62007
0.62007
0.62007
0.62007
0.62007
0.62007
0.62007
0.62007
0.62007
0.62007
0.62007
0.62007
0.62007
0.62007
0.62007
0.62007
0.62007
0.62007
0.62007
0.62007
0.62007
0.62007
0.62007
0.62007
0.62007
0.62007
0.62007
0.62007
0.62007
0.62007
0.62007
0.62007
0.62007
0.62007
0.62007
0.62007
0.62007
0.62007
0.62007
0.62007
0.62007
0.62007
0.62007
0.62007
0.62007
0.62007
0.62007
0.62007
0.62007
0.62007
0.62007
0.62007
0.62007
0.62007
0.62007
0.62007
0.62007
0.62007
0.62007
0.62007
0.62007
0.62007
0.62007
0.62007
0.62007
0.62007
0.62007
0.62007
0.62007
0.62007
0.62007
0.62007
0.62007
0.62007
0.62007
0.62007
0.62007
0.62007
0.62007
0.62007
0.62007
0.62007
0.62007
0.62007
0.62007
0.62007
0.62007
0.62007
0.62007
0.62007
0.62007
0.62007
0.62007
0.62007
0.62007
0.62007
0.62007
0.62007
0.62007
0.62007
0.62007
0.62007
0.62007
0.62007
0.62007
0.62007
0.62007
0.62007
0.62007
0.62007
0.62007
0.62007
0.62007
0.62007
0.62007
0.62007
0.62007
0.62007
0.62007
0.62007
0.62007
0.62007
0.62007
0.62007
0.62007
0.62007
0.62007
0.62007
0.62007
0.62007
0.62007
0.62007
0.62007
0.62007
0.62007
0.62007
0.62007
0.62007
0.62007
0.62007
0.62007
0.62007
0.62007
0.62007
0.62007
0.62007
0.62007
0.62007
0.62007
0.62007
0.62007
0.62007
0.62007
0.62007
0.62007
0.62007
0.62007
0.62007
0.62007
0.62007
0.62007
0.62007
0.62007
0.62007
0.62007
0.62007
0.62007
0.62007
0.62007
0.62007
0.62007
0.62007
0.62007
0.62007
0.62007
0.62007
0.62007
0.62007
0.62007
0.62007
0.62007
0.62007
0.62007
0.62007
0.62007
0.62007
0.62007
0.62007
0.62007
0.62007
0.62007
0.62007
0.62007
0.62007
0.62007
0.62007
0.62007
0.62007
0.62007
0.62007
0.62007
0.62007
0.62007
0.62007
0.62007
0.62007
0.62007
0.62007
0.62007
0.62007
0.62007
0.62007
0.62007
0.62007
0.62007
0.62007
0.62007
0.62007
0.62007
0.62007
0.62007
0.62007
0.62007
0.62007
0.62007
0.62007
0.62007
0.62007
0.62007
0.62007
0.62007
0.62007
0.62007
0.62007
0.62007
0.62007
0.62007
0.62007
0.62007
0.62007
0.62007
0.62007
0.62007
0.62007
0.62007
0.62007
0.62007
0.62007
0.62007
0.62007
0.62007
0.62007
0.62007
0.62007
0.62007
0.62007
0.62007
0.62007
0.62007
0.62007
0.62007
0.62007
0.62007
0.62007
0.62007
0.62007
0.62007
0.62007
0.62007
0.62007
0.62007
0.62007
0.62007
0.62007
0.62007
0.62007
0.62007
0.62007
0.62007
0.62007
0.62007
0.62007
0.62007
0.62007
0.62007
0.62007
0.62007
0.62007
0.62007
0.62007
0.62007
0.62007
0.62007
0.62007
0.62007
0.62007
0.62007
0.62007
0.62007
0.62007
0.62007
0.62007
0.62007
0.62007
0.62007
0.62007
0.62007
0.62007
0.62007
0.62007
0.62007
0.62007
0.62007
0.62007
0.62007
0.62007
0.62007
0.62007
0.62007
0.62007
0.62007
0.62007
0.62007
0.62007
0.62007
0.62007
0.62007
0.62007
0.62007
0.62007
0.62007
0.62007
0.62007
0.62007
0.62007
0.62007
0.62007
0.62007
0.62007
0.62007
0.62007
0.62007
0.62007
0.62007
0.62007
0.62007
0.62007
0.62007
0.62007
0.62007
0.62007
0.62007
0.62007
0.62007
0.62007
0.62007
0.62007
0.62007
0.62007
0.62007
0.62007
0.62007
0.62007
0.62007
0.62007
0.62007
0.62007
0.62007
0.62007
0.62007
0.62007
0.62007
0.62007
0.62007
0.62007
0.62007
0.62007
0.62007
0.62007
0.62007
0.62007
0.62007
0.62007
0.62007
0.62007
0.62007
0.62007
0.62007
0.62007
0.62007
0.62007
0.62007
0.62007
0.62007
0.62007
0.62007
0.62007
0.62007
0.62007
0.62007
0.62007
0.62007
0.62007
0.62007
0.62007
0.62007
0.62007
0.62007
0.62007
0.62007
0.62007
0.62007
0.62007
0.62007
0.62007
0.62007
0.62007
0.62007
0.62007
0.62007
0.62007
0.62007
0.62007
0.62007
0.62007
0.62007
0.62007
0.62007
0.62007
0.62007
0.62007
0.62007
0.62007
0.62007
0.62007
0.62007
0.62007
0.62007
0.62007
0.62007
0.62007
0.62007
0.62007
0.62007
0.62007
0.62007
0.62007
0.62007
0.62007
0.62007
0.62007
0.62007
0.62007
0.62007
0.62007
0.62007
0.62007
0.62007
0.62007
0.62007
0.62007
0.62007
0.62007
0.62007
0.62007
0.62007
0.62007
0.62007
0.62007
0.62007
0.62007
0.62007
0.62007
0.62007
0.62007
0.62007
0.62007
0.62007
0.62007
0.62007
0.62007
0.62007
0.62007
0.62007
0.62007
0.62007
0.62007
0.62007
0.62007
0.62007
0.62007
0.62007
0.62007
0.62007
0.62007
0.62007
0.62007
0.62007
0.62007
0.62007
0.62007
0.62007
0.62007
0.62007
0.62007
0.62007
0.62007
0.62007
0.62007
0.62007
0.62007
0.62007
0.62007
0.62007
0.62007
0.62007
0.62007
0.62007
0.62007
0.62007
0.62007
0.62007
0.62007
0.62007
0.62007
0.62007
0.62007
0.62007
0.62007
0.62007
0.62007
0.62007
0.62007
0.62007
0.62007
0.62007
0.62007
0.62007
0.62007
0.62007
0.62007
0.62007
0.62007
0.62007
0.62007
0.62007
0.62007
0.62007
0.62007
0.62007
0.62007
0.62007
0.62007
0.62007
0.62007
0.62007
0.62007
0.62007
0.62007
0.62007
0.62007
0.62007
0.62007
0.62007
0.62007
0.62007
0.62007
0.62007
0.62007
0.62007
0.62007
0.62007
0.62007
0.62007
0.62007
0.62007
0.62007
0.62007
0.62007
0.62007
0.62007
0.62007
0.62007
0.62007
0.62007
0.62007
0.62007
0.62007
0.62007
0.62007
0.62007
0.62007
0.62007
0.62007
0.62007
0.62007
0.62007
0.62007
0.62007
0.62007
0.62007
0.62007
0.62007
0.62007
0.62007
0.62007
0.62007
0.62007
0.62007
0.62007
0.62007
0.62007
0.62007
0.62007
0.62007
0.62007
0.62007
0.62007
0.62007
0.62007
0.62007
0.62007
0.62007
0.62007
0.62007
0.62007
0.62007
0.62007
0.62007
0.62007
0.62007
0.62007
0.62007
0.62007
0.62007
0.62007
0.62007
0.62007
0.62007
0.62007
0.62007
0.62007
0.62007
0.62007
0.62007
0.62007
0.62007
0.62007
0.62007
0.62007
0.62007
0.62007
0.62007
0.62007
0.62007
0.62007
0.62007
0.62007
0.62007
0.62007
0.62007
0.62007
0.62007
0.62007
0.62007
0.62007
0.62007
0.62007
0.62007
0.62007
0.62007
0.62007
0.62007
0.62007
0.62007
0.62007
0.62007
0.62007
0.62007
0.62007
0.62007
0.62007
0.62007
0.62007
0.62007
0.62007
0.62007
0.62007
0.62007
0.62007
0.62007
0.62007
0.62007
0.62007
0.62007
0.62007
0.62007
0.62007
0.62007
0.62007
0.62007
0.62007
0.62007
0.62007
0.62007
0.62007
0.62007
0.62007
0.62007
0.62007
0.62007
0.62007
0.62007
0.62007
0.62007
0.62007
0.62007
0.62007
0.62007
0.62007
0.62007
0.62007
0.62007
0.62007
0.62007
0.62007
0.62007
0.62007
0.62007
0.62007
0.62007
0.62007
0.62007
0.62007
0.62007
0.62007
0.62007
0.62007
0.62007
0.62007
0.62007
0.62007
0.62007
0.62007
0.62007
0.62007
0.62007
0.62007
0.62007
0.62007
0.62007
0.62007
0.62007
0.62007
0.62007
0.62007
0.62007
0.62007
0.62007
0.62007
0.62007
0.62007
0.62007
0.62007
0.62007
0.62007
0.62007
0.62007
0.62007
0.62007
0.62007
0.62007
0.62007
0.62007
0.62007
0.62007
0.62007
0.62007
0.62007
0.62007
0.62007
0.62007
0.62007
0.62007
0.62007
0.62007
0.62007
0.62007
0.62007
0.62007
0.62007
0.62007
0.62007
0.62007
0.62007
0.62007
0.62007
0.62007
0.62007
0.62007
0.62007
0.62007
0.62007
0.62007
0.62007
0.62007
0.62007
0.62007
0.62007
0.62007
0.62007
0.62007
0.62007
0.62007
0.62007
0.62007
0.62007
0.62007
0.62007
0.62007
0.62007
0.62007
0.62007
0.62007
0.62007
0.62007
0.62007
0.62007
0.62007
0.62007
0.62007
0.62007
0.62007
0.62007
0.62007
0.62007
0.62007
0.62007
0.62007
0.62007
0.62007
0.62007
0.62007
0.62007
0.62007
0.62007
0.62007
0.62007
0.62007
0.62007
0.62007
0.62007
0.62007
0.62007
0.62007
0.62007
0.62007
0.62007
0.62007
0.62007
0.62007
0.62007
0.62007
0.62007
0.62007
0.62007
0.62007
0.62007
0.62007
0.62007
0.62007
0.62007
0.62007
0.62007
0.62007
0.62007
0.62007
0.62007
0.62007
0.62007
0.62007
0.62007
0.62007
0.62007
0.62007
0.62007
0.62007
0.62007
0.62007
0.62007
0.62007
0.62007
0.62007
0.62007
0.62007
0.62007
0.62007
0.62007
0.62007
0.62007
0.62007
0.62007
0.62007
0.62007
0.62007
0.62007
0.62007
0.62007
0.62007
0.62007
0.62007
0.62007
0.62007
0.62007
0.62007
0.62007
0.62007
0.62007
0.62007
0.62007
0.62007
0.62007
0.62007
0.62007
0.62007
0.62007
0.62007
0.62007
0.62007
0.62007
0.62007
0.62007
0.62007
0.62007
0.62007
0.62007
0.62007
0.62007
0.62007
0.62007
0.62007
0.62007
0.62007
0.62007
0.62007
0.62007
0.62007
0.62007
0.62007
0.62007
0.62007
0.62007
0.62007
0.62007
0.62007
0.62007
0.62007
0.62007
0.62007
0.62007
0.62007
0.62007
0.62007
0.62007
0.62007
0.62007
0.62007
0.62007
0.62007
0.62007
0.62007
0.62007
0.62007
0.62007
0.62007
0.62007
0.62007
0.62007
0.62007
0.62007
0.62007
0.62007
0.62007
0.62007
0.62007
0.62007
0.62007
0.62007
0.62007
0.62007
0.62007
0.62007
0.62007
0.62007
0.62007
0.62007
0.62007
0.62007
0.62007
0.62007
0.62007
0.62007
0.62007
0.62007
0.62007
0.62007
0.62007
0.62007
0.62007
0.62007
0.62007
0.62007
0.62007
0.62007
0.62007
0.62007
0.62007
0.62007
0.62007
0.62007
0.62007
0.62007
0.62007
0.62007
0.62007
0.62007
0.62007
0.62007
0.62007
0.62007
0.62007
0.62007
0.62007
0.62007
0.62007
0.62007
0.62007
0.62007
0.62007
0.62007
0.62007
0.62007
0.62007
0.62007
0.62007
0.62007
0.62007
0.62007
0.62007
0.62007
0.62007
0.62007
0.62007
0.62007
0.62007
0.62007
0.62007
0.62007
0.62007
0.62007
0.62007
0.62007
0.62007
0.62007
0.62007
0.62007
0.62007
0.62007
0.62007
0.62007
0.62007
0.62007
0.62007
0.62007
0.62007
0.62007
0.62007
0.62007
0.62007
0.62007
0.62007
0.62007
0.62007
0.62007
0.62007
0.62007
0.62007
0.62007
0.62007
0.62007
0.62007
0.62007
0.62007
0.62007
0.62007
0.62007
0.62007
0.62007
0.62007
0.62007
0.62007
0.62007
0.62007
0.62007
0.62007
0.62007
0.62007
0.62007
0.62007
0.62007
0.62007
0.62007
0.62007
0.62007
0.62007
0.62007
0.62007
0.62007
0.62007
0.62007
0.62007
0.62007
0.62007
0.62007
0.62007
0.62007
0.62007
0.62007
0.62007
0.62007
0.62007
0.62007
0.62007
0.62007
0.62007
0.62007
0.62007
0.62007
0.62007
0.62007
0.62007
0.62007
0.62007
0.62007
0.62007
0.62007
0.62007
0.62007
0.62007
0.62007
0.62007
0.62007
0.62007
0.62007
0.62007
0.62007
0.62007
0.62007
0.62007
0.62007
0.62007
0.62007
0.62007
0.62007
0.62007
0.62007
0.62007
0.62007
0.62007
0.62007
0.62007
0.62007
0.62007
0.62007
0.62007
0.62007
0.62007
0.62007
0.62007
0.62007
0.62007
0.62007
0.62007
0.62007
0.62007
0.62007
0.62007
0.62007
0.62007
0.62007
0.62007
0.62007
0.62007
0.62007
0.62007
0.62007
0.62007
0.62007
0.62007
0.62007
0.62007
0.62007
0.62007
0.62007
0.62007
0.62007
0.62007
0.62007
0.62007
0.62007
0.62007
0.62007
0.62007
0.62007
0.62007
0.62007
0.62007
0.62007
0.62007
0.62007
0.62007
0.62007
0.62007
0.62007
0.62007
0.62007
0.62007
0.62007
0.62007
0.62007
0.62007
0.62007
0.62007
0.62007
0.62007
0.62007
0.62007
0.62007
0.62007
0.62007
0.62007
0.62007
0.62007
0.62007
0.62007
0.62007
0.62007
0.62007
0.62007
0.62007
0.62007
0.62007
0.62007
0.62007
0.62007
0.62007
0.62007
0.62007
0.62007
0.62007
0.62007
0.62007
0.62007
0.62007
0.62007
0.62007
0.62007
0.62007
0.62007
0.62007
0.62007
0.62007
0.62007
0.62007
0.62007
0.62007
0.62007
0.62007
0.62007
0.62007
0.62007
0.62007
0.62007
0.62007
0.62007
0.62007
0.62007
0.62007
0.62007
0.62007
0.62007
0.62007
0.62007
0.62007
0.62007
0.62007
0.62007
0.62007
0.62007
0.62007
0.62007
0.62007
0.62007
0.62007
0.62007
0.62007
0.62007
0.62007
0.62007
0.62007
0.62007
0.62007
0.62007
0.62007
0.62007
0.62007
0.62007
0.62007
0.62007
0.62007
0.62007
0.62007
0.62007
0.62007
0.62007
0.62007
0.62007
0.62007
0.62007
0.62007
0.62007
0.62007
0.62007
0.62007
0.62007
0.62007
0.62007
0.62007
0.62007
0.62007
0.62007
0.62007
0.62007
0.62007
0.62007
0.62007
0.62007
0.62007
0.62007
0.62007
0.62007
0.62007
0.62007
0.62007
0.62007
0.62007
0.62007
0.62007
0.62007
0.62007
0.62007
0.62007
0.62007
0.62007
0.62007
0.62007
0.62007
0.62007
0.62007
0.62007
0.62007
0.62007
0.62007
0.62007
0.62007
0.62007
0.62007
0.62007
0.62007
0.62007
0.62007
0.62007
0.62007
0.62007
0.62007
0.62007
0.62007
0.62007
0.62007
0.62007
0.62007
0.62007
0.62007
0.62007
0.62007
0.62007
0.62007
0.62007
0.62007
0.62007
0.62007
0.62007
0.62007
0.62007
0.62007
0.62007
0.62007
0.62007
0.62007
0.62007
0.62007
0.62007
0.62007
0.62007
0.62007
0.62007
0.62007
0.62007
0.62007
0.62007
0.62007
0.62007
0.62007
0.62007
0.62007
0.62007
0.62007
0.62007
0.62007
0.62007
0.62007
0.62007
0.62007
0.62007
0.62007
0.62007
0.62007
0.62007
0.62007
0.62007
0.62007
0.62007
0.62007
0.62007
0.62007
0.62007
0.62007
0.62007
0.62007
0.62007
0.62007
0.62007
0.62007
0.62007
0.62007
0.62007
0.62007
0.62007
0.62007
0.62007
0.62007
0.62007
0.62007
0.62007
0.62007
0.62007
0.62007
0.62007
0.62007
0.62007
0.62007
0.62007
0.62007
0.62007
0.62007
0.62007
0.62007
0.62007
0.62007
0.62007
0.62007
0.62007
0.62007
0.62007
0.62007
0.62007
0.62007
0.62007
0.62007
0.62007
0.62007
0.62007
0.62007
0.62007
0.62007
0.62007
0.62007
0.62007
0.62007
0.62007
0.62007
0.62007
0.62007
0.62007
0.62007
0.62007
0.62007
0.62007
0.62007
0.62007
0.62007
0.62007
0.62007
0.62007
0.62007
0.62007
0.62007
0.62007
0.62007
0.62007
0.62007
0.62007
0.62007
0.62007
0.62007
0.62007
0.62007
0.62007
0.62007
0.62007
0.62007
0.62007
0.62007
0.62007
0.62007
0.62007
0.62007
0.62007
0.62007
0.62007
0.62007
0.62007
0.62007
0.62007
0.62007
0.62007
0.62007
0.62007
0.62007
0.62007
0.62007
0.62007
0.62007
0.62007
0.62007
0.62007
0.62007
0.62007
0.62007
0.62007
0.62007
0.62007
0.62007
0.62007
0.62007
0.62007
0.62007
0.62007
0.62007
0.62007
0.62007
0.62007
0.62007
0.62007
0.62007
0.62007
0.62007
0.62007
0.62007
0.62007
0.62007
0.62007
0.62007
0.62007
0.62007
0.62007
0.62007
0.62007
0.62007
0.62007
0.62007
0.62007
0.62007
0.62007
0.62007
0.62007
0.62007
0.62007
0.62007
0.62007
0.62007
0.62007
0.62007
0.62007
0.62007
0.62007
0.62007
0.62007
0.62007
0.62007
0.62007
0.62007
0.62007
0.62007
0.62007
0.62007
0.62007
0.62007
0.62007
0.62007
0.62007
0.62007
0.62007
0.62007
0.62007
0.62007
0.62007
0.62007
0.62007
0.62007
0.62007
0.62007
0.62007
0.62007
0.62007
0.62007
0.62007
0.62007
0.62007
0.62007
0.62007
0.62007
0.62007
0.62007
0.62007
0.62007
0.62007
0.62007
0.62007
0.62007
0.62007
0.62007
0.62007
0.62007
0.62007
0.62007
0.62007
0.62007
0.62007
0.62007
0.62007
0.62007
0.62007
0.62007
0.62007
0.62007
0.62007
0.62007
0.62007
0.62007
0.62007
0.62007
0.62007
0.62007
0.62007
0.62007
0.62007
0.62007
0.62007
0.62007
0.62007
0.62007
0.62007
0.62007
0.62007
0.62007
0.62007
0.62007
0.62007
0.62007
0.62007
0.62007
0.62007
0.62007
0.62007
0.62007
0.62007
0.62007
0.62007
0.62007
0.62007
0.62007
0.62007
0.62007
0.62007
0.62007
0.62007
0.62007
0.62007
0.62007
0.62007
0.62007
0.62007
0.62007
0.62007
0.62007
0.62007
0.62007
0.62007
0.62007
0.62007
0.62007
0.62007
0.62007
0.62007
0.62007
0.62007
0.62007
0.62007
0.62007
0.62007
0.62007
0.62007
0.62007
0.62007
0.62007
0.62007
0.62007
0.62007
0.62007
0.62007
0.62007
0.62007
0.62007
0.62007
0.62007
0.62007
0.62007
0.62007
0.62007
0.62007
0.62007
0.62007
0.62007
0.62007
0.62007
0.62007
0.62007
0.62007
0.62007
0.62007
0.62007
0.62007
0.62007
0.62007
0.62007
0.62007
0.62007
0.62007
0.62007
0.62007
0.62007
0.62007
0.62007
0.62007
0.62007
0.62007
0.62007
0.62007
0.62007
0.62007
0.62007
0.62007
0.62007
0.62007
0.62007
0.62007
0.62007
0.62007
0.62007
0.62007
0.62007
0.62007
0.62007
0.62007
0.62007
0.62007
0.62007
0.62007
0.62007
0.62007
0.62007
0.62007
0.62007
0.62007
0.62007
0.62007
0.62007
0.62007
0.62007
0.62007
0.62007
0.62007
0.62007
0.62007
0.62007
0.62007
0.62007
0.62007
0.62007
0.62007
0.62007
0.62007
0.62007
0.62007
0.62007
0.62007
0.62007
0.62007
0.62007
0.62007
0.62007
0.62007
0.62007
0.62007
0.62007
0.62007
0.62007
0.62007
0.62007
0.62007
0.62007
0.62007
0.62007
0.62007
0.62007
0.62007
0.62007
0.62007
0.62007
0.62007
0.62007
0.62007
0.62007
0.62007
0.62007
0.62007
0.62007
0.62007
0.62007
0.62007
0.62007
0.62007
0.62007
0.62007
0.62007
0.62007
0.62007
0.62007
0.62007
0.62007
0.62007
0.62007
0.62007
0.62007
0.62007
0.62007
0.62007
0.62007
0.62007
0.62007
0.62007
0.62007
0.62007
0.62007
0.62007
0.62007
0.62007
0.62007
0.62007
0.62007
0.62007
0.62007
0.62007
0.62007
0.62007
0.62007
0.62007
0.62007
0.62007
0.62007
0.62007
0.62007
0.62007
0.62007
0.62007
0.62007
0.62007
0.62007
0.62007
0.62007
0.62007
0.62007
0.62007
0.62007
0.62007
0.62007
0.62007
0.62007
0.62007
0.62007
0.62007
0.62007
0.62007
0.62007
0.62007
0.62007
0.62007
0.62007
0.62007
0.62007
0.62007
0.62007
0.62007
0.62007
0.62007
0.62007
0.62007
0.62007
0.62007
0.62007
0.62007
0.62007
0.62007
0.62007
0.62007
0.62007
0.62007
0.62007
0.62007
0.62007
0.62007
0.62007
0.62007
0.62007
0.62007
0.62007
0.62007
0.62007
0.62007
0.62007
0.62007
0.62007
0.62007
0.62007
0.62007
0.62007
0.62007
0.62007
0.62007
0.62007
0.62007
0.62007
0.62007
0.62007
0.62007
0.62007
0.62007
0.62007
0.62007
0.62007
0.62007
0.62007
0.62007
0.62007
0.62007
0.62007
0.62007
0.62007
0.62007
0.62007
0.62007
0.62007
0.62007
0.62007
0.62007
0.62007
0.62007
0.62007
0.62007
0.62007
0.62007
0.62007
0.62007
0.62007
0.62007
0.62007
0.62007
0.62007
0.62007
0.62007
0.62007
0.62007
0.62007
0.62007
0.62007
0.62007
0.62007
0.62007
0.62007
0.62007
0.62007
0.62007
0.62007
0.62007
0.62007
0.62007
0.62007
0.62007
0.62007
0.62007
0.62007
0.62007
0.62007
0.62007
0.62007
0.62007
0.62007
0.62007
0.62007
0.62007
0.62007
0.62007
0.62007
0.62007
0.62007
0.62007
0.62007
0.62007
0.62007
0.62007
0.62007
0.62007
0.62007
0.62007
0.62007
0.62007
0.62007
0.62007
0.62007
0.62007
0.62007
0.62007
0.62007
0.62007
0.62007
0.62007
0.62007
0.62007
0.62007
0.62007
0.62007
0.62007
0.62007
0.62007
0.62007
0.62007
0.62007
0.62007
0.62007
0.62007
0.62007
0.62007
0.62007
0.62007
0.62007
0.62007
0.62007
0.62007
0.62007
0.62007
0.62007
0.62007
0.62007
0.62007
0.62007
0.62007
0.62007
0.62007
0.62007
0.62007
0.62007
0.62007
0.62007
0.62007
0.62007
0.62007
0.62007
0.62007
0.62007
0.62007
0.62007
0.62007
0.62007
0.62007
0.62007
0.62007
0.62007
0.62007
0.62007
0.62007
0.62007
0.62007
0.62007
0.62007
0.62007
0.62007
0.62007
0.62007
0.62007
0.62007
0.62007
0.62007
0.62007
0.62007
0.62007
0.62007
0.62007
0.62007
0.62007
0.62007
0.62007
0.62007
0.62007
0.62007
0.62007
0.62007
0.62007
0.62007
0.62007
0.62007
0.62007
0.62007
0.62007
0.62007
0.62007
0.62007
0.62007
0.62007
0.62007
0.62007
0.62007
0.62007
0.62007
0.62007
0.62007
0.62007
0.62007
0.62007
0.62007
0.62007
0.62007
0.62007
0.62007
0.62007
0.62007
0.62007
0.62007
0.62007
0.62007
0.62007
0.62007
0.62007
0.62007
0.62007
0.62007
0.62007
0.62007
0.62007
0.62007
0.62007
0.62007
0.62007
0.62007
0.62007
0.62007
0.62007
0.62007
0.62007
0.62007
0.62007
0.62007
0.62007
0.62007
0.62007
0.62007
0.62007
0.62007
0.62007
0.62007
0.62007
0.62007
0.62007
0.62007
0.62007
0.62007
0.62007
0.62007
0.62007
0.62007
0.62007
0.62007
0.62007
0.62007
0.62007
0.62007
0.62007
0.62007
0.62007
0.62007
0.62007
0.62007
0.62007
0.62007
0.62007
0.62007
0.62007
0.62007
0.62007
0.62007
0.62007
0.62007
0.62007
0.62007
0.62007
0.62007
0.62007
0.62007
0.62007
0.62007
0.62007
0.62007
0.62007
0.62007
0.62007
0.62007
0.62007
0.62007
0.62007
0.62007
0.62007
0.62007
0.62007
0.62007
0.62007
0.62007
0.62007
0.62007
0.62007
0.62007
0.62007
0.62007
0.62007
0.62007
0.62007
0.62007
0.62007
0.62007
0.62007
0.62007
0.62007
0.62007
0.62007
0.62007
0.62007
0.62007
0.62007
0.62007
0.62007
0.62007
0.62007
0.62007
0.62007
0.62007
0.62007
0.62007
0.62007
0.62007
0.62007
0.62007
0.62007
0.62007
0.62007
0.62007
0.62007
0.62007
0.62007
0.62007
0.62007
0.62007
0.62007
0.62007
0.62007
0.62007
0.62007
0.62007
0.62007
0.62007
0.62007
0.62007
0.62007
0.62007
0.62007
0.62007
0.62007
0.62007
0.62007
0.62007
0.62007
0.62007
0.62007
0.62007
0.62007
0.62007
0.62007
0.62007
0.62007
0.62007
0.62007
0.62007
0.62007
0.62007
0.62007
0.62007
0.62007
0.62007
0.62007
0.62007
0.62007
0.62007
0.62007
0.62007
0.62007
0.62007
0.62007
0.62007
0.62007
0.62007
0.62007
0.62007
0.62007
0.62007
0.62007
0.62007
0.62007
0.62007
0.62007
0.62007
0.62007
0.62007
0.62007
0.62007
0.62007
0.62007
0.62007
0.62007
0.62007
0.62007
0.62007
0.62007
0.62007
0.62007
0.62007
0.62007
0.62007
0.62007
0.62007
0.62007
0.62007
0.62007
0.62007
0.62007
0.62007
0.62007
0.62007
0.62007
0.62007
0.62007
0.62007
0.62007
0.62007
0.62007
0.62007
0.62007
0.62007
0.62007
0.62007
0.62007
0.62007
0.62007
0.62007
0.62007
0.62007
0.62007
0.62007
0.62007
0.62007
0.62007
0.62007
0.62007
0.62007
0.62007
0.62007
0.62007
0.62007
0.62007
0.62007
0.62007
0.62007
0.62007
0.62007
0.62007
0.62007
0.62007
0.62007
0.62007
0.62007
0.62007
0.62007
0.62007
0.62007
0.62007
0.62007
0.62007
0.62007
0.62007
0.62007
0.62007
0.62007
0.62007
0.62007
0.62007
0.62007
0.62007
0.62007
0.62007
0.62007
0.62007
0.62007
0.62007
0.62007
0.62007
0.62007
0.62007
0.62007
0.62007
0.62007
0.62007
0.62007
0.62007
0.62007
0.62007
0.62007
0.62007
0.62007
0.62007
0.62007
0.62007
0.62007
0.62007
0.62007
0.62007
0.62007
0.62007
0.62007
0.62007
0.62007
0.62007
0.62007
0.62007
0.62007
0.62007
0.62007
0.62007
0.62007
0.62007
0.62007
0.62007
0.62007
0.62007
0.62007
0.62007
0.62007
0.62007
0.62007
0.62007
0.62007
0.62007
0.62007
0.62007
0.62007
0.62007
0.62007
0.62007
0.62007
0.62007
0.62007
0.62007
0.62007
0.62007
0.62007
0.62007
0.62007
0.62007
0.62007
0.62007
0.62007
0.62007
0.62007
0.62007
0.62007
0.62007
0.62007
0.62007
0.62007
0.62007
0.62007
0.62007
0.62007
0.62007
0.62007
0.62007
0.62007
0.62007
0.62007
0.62007
0.62007
0.62007
0.62007
0.62007
0.62007
0.62007
0.62007
0.62007
0.62007
0.62007
0.62007
0.62007
0.62007
0.62007
0.62007
0.62007
0.62007
0.62007
0.62007
0.62007
0.62007
0.62007
0.62007
0.62007
0.62007
0.62007
0.62007
0.62007
0.62007
0.62007
0.62007
0.62007
0.62007
0.62007
0.62007
0.62007
0.62007
0.62007
0.62007
0.62007
0.62007
0.62007
0.62007
0.62007
0.62007
0.62007
0.62007
0.62007
0.62007
0.62007
0.62007
0.62007
0.62007
0.62007
0.62007
0.62007
0.62007
0.62007
0.62007
0.62007
0.62007
0.62007
0.62007
0.62007
0.62007
0.62007
0.62007
0.62007
0.62007
0.62007
0.62007
0.62007
0.62007
0.62007
0.62007
0.62007
0.62007
0.62007
0.62007
0.62007
0.62007
0.62007
0.62007
0.62007
0.62007
0.62007
0.62007
0.62007
0.62007
0.62007
0.62007
0.62007
0.62007
0.62007
0.62007
0.62007
0.62007
0.62007
0.62007
0.62007
0.62007
0.62007
0.62007
0.62007
0.62007
0.62007
0.62007
0.62007
0.62007
0.62007
0.62007
0.62007
0.62007
0.62007
0.62007
0.62007
0.62007
0.62007
0.62007
0.62007
0.62007
0.62007
0.62007
0.62007
0.62007
0.62007
0.62007
0.62007
0.62007
0.62007
0.62007
0.62007
0.62007
0.62007
0.62007
0.62007
0.62007
0.62007
0.62007
0.62007
0.62007
0.62007
0.62007
0.62007
0.62007
0.62007
0.62007
0.62007
0.62007
0.62007
0.62007
0.62007
0.62007
0.62007
0.62007
0.62007
0.62007
0.62007
0.62007
0.62007
0.62007
0.62007
0.62007
0.62007
0.62007
0.62007
0.62007
0.62007
0.62007
0.62007
0.62007
0.62007
0.62007
0.62007
0.62007
0.62007
0.62007
0.62007
0.62007
0.62007
0.62007
0.62007
0.62007
0.62007
0.62007
0.62007
0.62007
0.62007
0.62007
0.62007
0.62007
0.62007
0.62007
0.62007
0.62007
0.62007
0.62007
0.62007
0.62007
0.62007
0.62007
0.62007
0.62007
0.62007
0.62007
0.62007
0.62007
0.62007
0.62007
0.62007
0.62007
0.62007
0.62007
0.62007
0.62007
0.62007
0.62007
0.62007
0.62007
0.62007
0.62007
0.62007
0.62007
0.62007
0.62007
0.62007
0.62007
0.62007
0.62007
0.62007
0.62007
0.62007
0.62007
0.62007
0.62007
0.62007
0.62007
0.62007
0.62007
0.62007
0.62007
0.62007
0.62007
0.62007
0.62007
0.62007
0.62007
0.62007
0.62007
0.62007
0.62007
0.62007
0.62007
0.62007
0.62007
0.62007
0.62007
0.62007
0.62007
0.62007
0.62007
0.62007
0.62007
0.62007
0.62007
0.62007
0.62007
0.62007
0.62007
0.62007
0.62007
0.62007
0.62007
0.62007
0.62007
0.62007
0.62007
0.62007
0.62007
0.62007
0.62007
0.62007
0.62007
0.62007
0.62007
0.62007
0.62007
0.62007
0.62007
0.62007
0.62007
0.62007
0.62007
0.62007
0.62007
0.62007
0.62007
0.62007
0.62007
0.62007
0.62007
0.62007
0.62007
0.62007
0.62007
0.62007
0.62007
0.62007
0.62007
0.62007
0.62007
0.62007
0.62007
0.62007
0.62007
0.62007
0.62007
0.62007
0.62007
0.62007
0.62007
0.62007
0.62007
0.62007
0.62007
0.62007
0.62007
0.62007
0.62007
0.62007
0.62007
0.62007
0.62007
0.62007
0.62007
0.62007
0.62007
0.62007
0.62007
0.62007
0.62007
0.62007
0.62007
0.62007
0.62007
0.62007
0.62007
0.62007
0.62007
0.62007
0.62007
0.62007
0.62007
0.62007
0.62007
0.62007
0.62007
0.62007
0.62007
0.62007
0.62007
0.62007
0.62007
0.62007
0.62007
0.62007
0.62007
0.62007
0.62007
0.62007
0.62007
0.62007
0.62007
0.62007
0.62007
0.62007
0.62007
0.62007
0.62007
0.62007
0.62007
0.62007
0.62007
0.62007
0.62007
0.62007
0.62007
0.62007
0.62007
0.62007
0.62007
0.62007
0.62007
0.62007
0.62007
0.62007
0.62007
0.62007
0.62007
0.62007
0.62007
0.62007
0.62007
0.62007
0.62007
0.62007
0.62007
0.62007
0.62007
0.62007
0.62007
0.62007
0.62007
0.62007
0.62007
0.62007
0.62007
0.62007
0.62007
0.62007
0.62007
0.62007
0.62007
0.62007
0.62007
0.62007
0.62007
0.62007
0.62007
0.62007
0.62007
0.62007
0.62007
0.62007
0.62007
0.62007
0.62007
0.62007
0.62007
0.62007
0.62007
0.62007
0.62007
0.62007
0.62007
0.62007
0.62007
0.62007
0.62007
0.62007
0.62007
0.62007
0.62007
0.62007
0.62007
0.62007
0.62007
0.62007
0.62007
0.62007
0.62007
0.62007
0.62007
0.62007
0.62007
0.62007
0.62007
0.62007
0.62007
0.62007
0.62007
0.62007
0.62007
0.62007
0.62007
0.62007
0.62007
0.62007
0.62007
0.62007
0.62007
0.62007
0.62007
0.62007
0.62007
0.62007
0.62007
0.62007
0.62007
0.62007
0.62007
0.62007
0.62007
0.62007
0.62007
0.62007
0.62007
0.62007
0.62007
0.62007
0.62007
0.62007
0.62007
0.62007
0.62007
0.62007
0.62007
0.62007
0.62007
0.62007
0.62007
0.62007
0.62007
0.62007
0.62007
0.62007
0.62007
0.62007
0.62007
0.62007
0.62007
0.62007
0.62007
0.62007
0.62007
0.62007
0.62007
0.62007
0.62007
0.62007
0.62007
0.62007
0.62007
0.62007
0.62007
0.62007
0.62007
0.62007
0.62007
0.62007
0.62007
0.62007
0.62007
0.62007
0.62007
0.62007
0.62007
0.62007
0.62007
0.62007
0.62007
0.62007
0.62007
0.62007
0.62007
0.62007
0.62007
0.62007
0.62007
0.62007
0.62007
0.62007
0.62007
0.62007
0.62007
0.62007
0.62007
0.62007
0.62007
0.62007
0.62007
0.62007
0.62007
0.62007
0.62007
0.62007
0.62007
0.62007
0.62007
0.62007
0.62007
0.62007
0.62007
0.62007
0.62007
0.62007
0.62007
0.62007
0.62007
0.62007
0.62007
0.62007
0.62007
0.62007
0.62007
0.62007
0.62007
0.62007
0.62007
0.62007
0.62007
0.62007
0.62007
0.62007
0.62007
0.62007
0.62007
0.62007
0.62007
0.62007
0.62007
0.62007
0.62007
0.62007
0.62007
0.62007
0.62007
0.62007
0.62007
0.62007
0.62007
0.62007
0.62007
0.62007
0.62007
0.62007
0.62007
0.62007
0.62007
0.62007
0.62007
0.62007
0.62007
0.62007
0.62007
0.62007
0.62007
0.62007
0.62007
0.62007
0.62007
0.62007
0.62007
0.62007
0.62007
0.62007
0.62007
0.62007
0.62007
0.62007
0.62007
0.62007
0.62007
0.62007
0.62007
0.62007
0.62007
0.62007
0.62007
0.62007
0.62007
0.62007
0.62007
0.62007
0.62007
0.62007
0.62007
0.62007
0.62007
0.62007
0.62007
0.62007
0.62007
0.62007
0.62007
0.62007
0.62007
0.62007
0.62007
0.62007
0.62007
0.62007
0.62007
0.62007
0.62007
0.62007
0.62007
0.62007
0.62007
0.62007
0.62007
0.62007
0.62007
0.62007
0.62007
0.62007
0.62007
0.62007
0.62007
0.62007
0.62007
0.62007
0.62007
0.62007
0.62007
0.62007
0.62007
0.62007
0.62007
0.62007
0.62007
0.62007
0.62007
0.62007
0.62007
0.62007
0.62007
0.62007
0.62007
0.62007
0.62007
0.62007
0.62007
0.62007
0.62007
0.62007
0.62007
0.62007
0.62007
0.62007
0.62007
0.62007
0.62007
0.62007
0.62007
0.62007
0.62007
0.62007
0.62007
0.62007
0.62007
0.62007
0.62007
0.62007
0.62007
0.62007
0.62007
0.62007
0.62007
0.62007
0.62007
0.62007
0.62007
0.62007
0.62007
0.62007
0.62007
0.62007
0.62007
0.62007
0.62007
0.62007
0.62007
0.62007
0.62007
0.62007
0.62007
0.62007
0.62007
0.62007
0.62007
0.62007
0.62007
0.62007
0.62007
0.62007
0.62007
0.62007
0.62007
0.62007
0.62007
0.62007
0.62007
0.62007
0.62007
0.62007
0.62007
0.62007
0.62007
0.62007
0.62007
0.62007
0.62007
0.62007
0.62007
0.62007
0.62007
0.62007
0.62007
0.62007
0.62007
0.62007
0.62007
0.62007
0.62007
0.62007
0.62007
0.62007
0.62007
0.62007
0.62007
0.62007
0.62007
0.62007
0.62007
0.62007
0.62007
0.62007
0.62007
0.62007
0.62007
0.62007
0.62007
0.62007
0.62007
0.62007
0.62007
0.62007
0.62007
0.62007
0.62007
0.62007
0.62007
0.62007
0.62007
0.62007
0.62007
0.62007
0.62007
0.62007
0.62007
0.62007
0.62007
0.62007
0.62007
0.62007
0.62007
0.62007
0.62007
0.62007
0.62007
0.62007
0.62007
0.62007
0.62007
0.62007
0.62007
0.62007
0.62007
0.62007
0.62007
0.62007
0.62007
0.62007
0.62007
0.62007
0.62007
0.62007
0.62007
0.62007
0.62007
0.62007
0.62007
0.62007
0.62007
0.62007
0.62007
0.62007
0.62007
0.62007
0.62007
0.62007
0.62007
0.62007
0.62007
0.62007
0.62007
0.62007
0.62007
0.62007
0.62007
0.62007
0.62007
0.62007
0.62007
0.62007
0.62007
0.62007
0.62007
0.62007
0.62007
0.62007
0.62007
0.62007
0.62007
0.62007
0.62007
0.62007
0.62007
0.62007
0.62007
0.62007
0.62007
0.62007
0.62007
0.62007
0.62007
0.62007
0.62007
0.62007
0.62007
0.62007
0.62007
0.62007
0.62007
0.62007
0.62007
0.62007
0.62007
0.62007
0.62007
0.62007
0.62007
0.62007
0.62007
0.62007
0.62007
0.62007
0.62007
0.62007
0.62007
0.62007
0.62007
0.62007
0.62007
0.62007
0.62007
0.62007
0.62007
0.62007
0.62007
0.62007
0.62007
0.62007
0.62007
0.62007
0.62007
0.62007
0.62007
0.62007
0.62007
0.62007
0.62007
0.62007
0.62007
0.62007
0.62007
0.62007
0.62007
0.62007
0.62007
0.62007
0.62007
0.62007
0.62007
0.62007
0.62007
0.62007
0.62007
0.62007
0.62007
0.62007
0.62007
0.62007
0.62007
0.62007
0.62007
0.62007
0.62007
0.62007
0.62007
0.62007
0.62007
0.62007
0.62007
0.62007
0.62007
0.62007
0.62007
0.62007
0.62007
0.62007
0.62007
0.62007
0.62007
0.62007
0.62007
0.62007
0.62007
0.62007
0.62007
0.62007
0.62007
0.62007
0.62007
0.62007
0.62007
0.62007
0.62007
0.62007
0.62007
0.62007
0.62007
0.62007
0.62007
0.62007
0.62007
0.62007
0.62007
0.62007
0.62007
0.62007
0.62007
0.62007
0.62007
0.62007
0.62007
0.62007
0.62007
0.62007
0.62007
0.62007
0.62007
0.62007
0.62007
0.62007
0.62007
0.62007
0.62007
0.62007
0.62007
0.62007
0.62007
0.62007
0.62007
0.62007
0.62007
0.62007
0.62007
0.62007
0.62007
0.62007
0.62007
0.62007
0.62007
0.62007
0.62007
0.62007
0.62007
0.62007
0.62007
0.62007
0.62007
0.62007
0.62007
0.62007
0.62007
0.62007
0.62007
0.62007
0.62007
0.62007
0.62007
0.62007
0.62007
0.62007
0.62007
0.62007
0.62007
0.62007
0.62007
0.62007
0.62007
0.62007
0.62007
0.62007
0.62007
0.62007
0.62007
0.62007
0.62007
0.62007
0.62007
0.62007
0.62007
0.62007
0.62007
0.62007
0.62007
0.62007
0.62007
0.62007
0.62007
0.62007
0.62007
0.62007
0.62007
0.62007
0.62007
0.62007
0.62007
0.62007
0.62007
0.62007
0.62007
0.62007
0.62007
0.62007
0.62007
0.62007
0.62007
0.62007
0.62007
0.62007
0.62007
0.62007
0.62007
0.62007
0.62007
0.62007
0.62007
0.62007
0.62007
0.62007
0.62007
0.62007
0.62007
0.62007
0.62007
0.62007
0.62007
0.62007
0.62007
0.62007
0.62007
0.62007
0.62007
0.62007
0.62007
0.62007
0.62007
0.62007
0.62007
0.62007
0.62007
0.62007
0.62007
0.62007
0.62007
0.62007
0.62007
0.62007
0.62007
0.62007
0.62007
0.62007
0.62007
0.62007
0.62007
0.62007
0.62007
0.62007
0.62007
0.62007
0.62007
0.62007
0.62007
0.62007
0.62007
0.62007
0.62007
0.62007
0.62007
0.62007
0.62007
0.62007
0.62007
0.62007
0.62007
0.62007
0.62007
0.62007
0.62007
0.62007
0.62007
0.62007
0.62007
0.62007
0.62007
0.62007
0.62007
0.62007
0.62007
0.62007
0.62007
0.62007
0.947702
1.70182
1.67621
1.58178
1.54977
1.53943
1.5327
1.52632
1.51932
1.51111
1.50168
1.49095
0.64596
1.20332
1.54713
1.54448
1.54513
1.5411
1.53505
1.52718
1.51788
1.50819
1.49823
1.48757
0.620241
0.79267
1.47004
1.58163
1.55829
1.54581
1.53544
1.52556
1.51541
1.50551
1.49578
1.48566
0.620071
0.624877
1.17828
1.55423
1.55203
1.54466
1.53454
1.52367
1.51291
1.50313
1.49387
1.48448
0.62007
0.620095
0.752791
1.44809
1.5546
1.54251
1.53269
1.5213
1.5109
1.50167
1.49313
1.48444
0.62007
0.62007
0.62252
1.10703
1.52669
1.53719
1.52903
1.5187
1.50965
1.50128
1.49318
1.48499
0.62007
0.62007
0.620082
0.709995
1.38231
1.54251
1.52695
1.51851
1.51008
1.50189
1.49392
1.48594
0.62007
0.62007
0.62007
0.621114
0.993361
1.49428
1.52372
1.51874
1.51053
1.50217
1.49381
1.48573
0.62007
0.62007
0.62007
0.620075
0.661941
1.26622
1.53125
1.52105
1.5108
1.50214
1.4932
1.48449
0.62007
0.62007
0.62007
0.62007
0.620375
0.826471
1.45813
1.5173
1.50876
1.50139
1.49229
1.48339
0.62007
0.62007
0.62007
0.62007
0.620071
0.627808
1.11339
1.48802
1.50565
1.4999
1.49108
1.48328
0.62007
0.62007
0.62007
0.62007
0.62007
0.620105
0.706564
1.29924
1.51045
1.4999
1.49318
1.48514
0.62007
0.62007
0.62007
0.62007
0.62007
0.62007
0.621062
0.858008
1.43932
1.50261
1.49419
1.48425
0.62007
0.62007
0.62007
0.62007
0.62007
0.62007
0.620073
0.631349
1.08696
1.46503
1.4876
1.47901
0.62007
0.62007
0.62007
0.62007
0.62007
0.62007
0.62007
0.62012
0.692509
1.24521
1.48259
1.47817
0.62007
0.62007
0.62007
0.62007
0.62007
0.62007
0.62007
0.62007
0.620839
0.795281
1.35885
1.47802
0.62007
0.62007
0.62007
0.62007
0.62007
0.62007
0.62007
0.62007
0.620072
0.624984
0.932225
1.41391
0.62007
0.62007
0.62007
0.62007
0.62007
0.62007
0.62007
0.62007
0.62007
0.620085
0.642738
1.05184
0.62007
0.62007
0.62007
0.62007
0.62007
0.62007
0.62007
0.62007
0.62007
0.62007
0.62019
0.677749
0.62007
0.62007
0.62007
0.62007
0.62007
0.62007
0.62007
0.62007
0.62007
0.62007
0.62007
0.620602
0.62007
0.62007
0.62007
0.62007
0.62007
0.62007
0.62007
0.62007
0.62007
0.62007
0.62007
0.620071
0.62007
0.62007
0.62007
0.62007
0.62007
0.62007
0.62007
0.62007
0.62007
0.62007
0.62007
0.62007
0.62007
0.62007
0.62007
0.62007
0.62007
0.62007
0.62007
0.62007
0.62007
0.62007
0.62007
0.62007
0.62007
0.62007
0.62007
0.62007
0.62007
0.62007
0.62007
0.62007
0.62007
0.62007
0.62007
0.62007
0.62007
0.62007
0.62007
0.62007
0.62007
0.62007
0.62007
0.62007
0.62007
0.62007
0.62007
0.62007
0.62007
0.62007
0.62007
0.62007
0.62007
0.62007
0.62007
0.62007
0.62007
0.62007
0.62007
0.62007
0.62007
0.62007
0.62007
0.62007
0.62007
0.62007
0.62007
0.62007
0.62007
0.62007
0.62007
0.62007
0.62007
0.62007
0.62007
0.62007
0.62007
0.62007
0.62007
0.62007
0.62007
0.62007
0.62007
0.62007
0.62007
0.62007
0.62007
0.62007
0.62007
0.62007
0.62007
0.62007
0.62007
0.62007
0.62007
0.62007
0.62007
0.62007
0.62007
0.62007
0.62007
0.62007
0.62007
0.62007
0.62007
0.62007
0.62007
0.62007
0.62007
0.62007
0.62007
0.62007
0.62007
0.62007
0.62007
0.62007
0.62007
0.62007
0.62007
0.62007
0.62007
0.62007
0.62007
0.62007
0.62007
0.62007
0.62007
0.62007
0.62007
0.62007
0.62007
0.62007
0.62007
0.62007
0.62007
0.62007
0.62007
0.62007
0.62007
0.62007
0.62007
0.62007
0.62007
0.62007
0.62007
0.62007
0.62007
0.62007
0.62007
0.62007
0.62007
0.62007
0.62007
0.62007
0.62007
0.62007
0.62007
0.62007
0.62007
0.62007
0.62007
0.62007
0.62007
0.62007
0.62007
0.62007
0.62007
0.62007
0.62007
0.62007
0.62007
0.62007
0.62007
0.62007
0.62007
0.62007
0.62007
0.62007
0.62007
0.62007
0.62007
0.62007
0.62007
0.62007
0.62007
0.62007
0.62007
0.62007
0.62007
0.62007
0.62007
0.62007
0.62007
0.62007
0.62007
0.62007
0.62007
0.62007
0.62007
0.62007
0.62007
0.62007
0.62007
0.62007
0.62007
0.62007
0.62007
0.62007
0.62007
0.62007
0.62007
0.62007
0.62007
0.62007
0.62007
0.62007
0.62007
0.62007
0.62007
0.62007
0.62007
0.62007
0.62007
0.62007
0.62007
0.62007
0.62007
0.62007
0.62007
0.62007
0.62007
0.62007
0.62007
0.62007
0.62007
0.62007
0.62007
0.62007
0.62007
0.62007
0.62007
0.62007
0.62007
0.62007
0.62007
0.62007
0.62007
0.62007
0.62007
0.62007
0.62007
0.62007
0.62007
0.62007
0.62007
0.62007
0.62007
0.62007
0.62007
0.62007
0.62007
0.62007
0.62007
0.62007
0.62007
0.62007
0.62007
0.62007
0.62007
0.62007
0.62007
0.62007
0.62007
0.62007
0.62007
0.62007
0.62007
0.62007
0.62007
0.62007
0.62007
0.62007
0.62007
0.62007
0.62007
0.62007
0.62007
0.62007
0.62007
0.62007
0.62007
0.62007
0.62007
0.62007
0.62007
0.62007
0.62007
0.62007
0.62007
0.62007
0.62007
0.62007
0.62007
0.62007
0.62007
0.62007
0.62007
0.62007
0.62007
0.62007
0.62007
0.62007
0.62007
0.62007
0.62007
0.62007
0.62007
0.62007
0.62007
0.62007
0.62007
0.62007
0.62007
0.62007
0.62007
0.62007
0.62007
0.62007
0.62007
0.62007
0.62007
0.62007
0.62007
0.62007
0.62007
0.62007
0.62007
0.62007
0.62007
0.62007
0.62007
0.62007
0.62007
0.62007
0.62007
0.62007
0.62007
0.62007
0.62007
0.62007
0.62007
0.62007
0.62007
0.62007
0.62007
0.62007
0.62007
0.62007
0.62007
0.62007
0.62007
0.62007
0.62007
0.62007
0.62007
0.62007
0.62007
0.62007
0.62007
0.62007
0.62007
0.62007
0.62007
0.62007
0.62007
0.62007
0.62007
0.62007
0.62007
0.62007
0.62007
0.62007
0.62007
0.62007
0.62007
0.62007
0.62007
0.62007
0.62007
0.62007
0.62007
0.62007
0.62007
0.62007
0.62007
0.62007
0.62007
0.62007
0.62007
0.62007
0.62007
0.62007
0.62007
0.62007
0.62007
0.62007
0.62007
0.62007
0.62007
0.62007
0.62007
0.62007
0.62007
0.62007
0.62007
0.62007
0.62007
0.62007
0.62007
0.62007
0.62007
0.62007
0.62007
0.62007
0.62007
0.62007
0.62007
0.62007
0.62007
0.62007
0.62007
0.62007
0.62007
0.62007
0.62007
0.62007
0.62007
0.62007
0.62007
0.62007
0.62007
0.62007
0.62007
0.62007
0.62007
0.62007
0.62007
0.62007
0.62007
0.62007
0.62007
0.62007
0.62007
0.62007
0.62007
0.62007
0.62007
0.62007
0.62007
0.62007
0.62007
0.62007
0.62007
0.62007
0.62007
0.62007
0.62007
0.62007
0.62007
0.62007
0.62007
0.62007
0.62007
0.62007
0.62007
0.62007
0.62007
0.62007
0.62007
0.62007
0.62007
0.62007
0.62007
0.62007
0.62007
0.62007
0.62007
0.62007
0.62007
0.62007
0.62007
0.62007
0.62007
0.62007
0.62007
0.62007
0.62007
0.62007
0.62007
0.62007
0.62007
0.62007
0.62007
0.62007
0.62007
0.62007
0.62007
0.62007
0.62007
0.62007
0.62007
0.62007
0.62007
0.62007
0.62007
0.62007
0.62007
0.62007
0.62007
0.62007
0.62007
0.62007
0.62007
0.62007
0.62007
0.62007
0.62007
0.62007
0.62007
0.62007
0.62007
0.62007
0.62007
0.62007
0.62007
0.62007
0.62007
0.62007
0.62007
0.62007
0.62007
0.62007
0.62007
0.62007
0.62007
0.62007
0.62007
0.62007
0.62007
0.62007
0.62007
0.62007
0.62007
0.62007
0.62007
0.62007
0.62007
0.62007
0.62007
0.62007
0.62007
0.62007
0.62007
0.62007
0.62007
0.62007
0.62007
0.62007
0.62007
0.62007
0.62007
0.62007
0.62007
0.62007
0.62007
0.62007
0.62007
0.62007
0.62007
0.62007
0.62007
0.62007
0.62007
0.62007
0.62007
0.62007
0.62007
0.62007
0.62007
0.62007
0.62007
0.62007
0.62007
0.62007
0.62007
0.62007
0.62007
0.62007
0.62007
0.62007
0.62007
0.62007
0.62007
0.62007
0.62007
0.62007
0.62007
0.62007
0.62007
0.62007
0.62007
0.62007
0.62007
0.62007
0.62007
0.62007
0.62007
0.62007
0.62007
0.62007
0.62007
0.62007
0.62007
0.62007
0.62007
0.62007
0.62007
0.62007
0.62007
0.62007
0.62007
0.62007
0.62007
0.62007
0.62007
0.62007
0.62007
0.62007
0.62007
0.62007
0.62007
0.62007
0.62007
0.62007
0.62007
0.62007
0.62007
0.62007
0.62007
0.62007
0.62007
0.62007
0.62007
0.62007
0.62007
0.62007
0.62007
0.62007
0.62007
0.62007
0.62007
0.62007
0.62007
0.62007
0.62007
0.62007
0.62007
0.62007
0.62007
0.62007
0.62007
0.62007
0.62007
0.62007
0.62007
0.62007
0.62007
0.62007
0.62007
0.62007
0.62007
0.62007
0.62007
0.62007
0.62007
0.62007
0.62007
0.62007
0.62007
0.62007
0.62007
0.62007
0.62007
0.62007
0.62007
0.62007
0.62007
0.62007
0.62007
0.62007
0.62007
0.62007
0.62007
0.62007
0.62007
0.62007
0.62007
0.62007
0.62007
0.62007
0.62007
0.62007
0.62007
0.62007
0.62007
0.62007
0.62007
0.62007
0.62007
0.62007
0.62007
0.62007
0.62007
0.62007
0.62007
0.62007
0.62007
0.62007
0.62007
0.62007
0.62007
0.62007
0.62007
0.62007
0.62007
0.62007
0.62007
0.62007
0.62007
0.62007
0.62007
0.62007
0.62007
0.62007
0.62007
0.62007
0.62007
0.62007
0.62007
0.62007
0.62007
0.62007
0.62007
0.62007
0.62007
0.62007
0.62007
0.62007
0.62007
0.62007
0.62007
0.62007
0.62007
0.62007
0.62007
0.62007
0.62007
0.62007
0.62007
0.62007
0.62007
0.62007
0.62007
0.62007
0.62007
0.62007
0.62007
0.62007
0.62007
0.62007
0.62007
0.62007
0.62007
0.62007
0.62007
0.62007
0.62007
0.62007
0.62007
0.62007
0.62007
0.62007
0.62007
0.62007
0.62007
0.62007
0.62007
0.62007
0.62007
0.62007
0.62007
0.62007
0.62007
0.62007
0.62007
0.62007
0.62007
0.62007
0.62007
0.62007
0.62007
0.62007
0.62007
0.62007
0.62007
0.62007
0.62007
0.62007
0.62007
0.62007
0.62007
0.62007
0.62007
0.62007
0.62007
0.62007
0.62007
0.62007
0.62007
0.62007
0.62007
0.62007
0.62007
0.62007
0.62007
0.62007
0.62007
0.62007
0.62007
0.62007
0.62007
0.62007
0.62007
0.62007
0.62007
0.62007
0.62007
0.62007
0.62007
0.62007
0.62007
0.62007
0.62007
0.62007
0.62007
0.62007
0.62007
0.62007
0.62007
0.62007
0.62007
0.62007
0.62007
0.62007
0.62007
0.62007
0.62007
0.62007
0.62007
0.62007
0.62007
0.62007
0.62007
0.62007
0.62007
0.62007
0.62007
0.62007
0.62007
0.62007
0.62007
0.62007
0.62007
0.62007
0.62007
0.62007
0.62007
0.62007
0.62007
0.62007
0.62007
0.62007
0.62007
0.62007
0.62007
0.62007
0.62007
0.62007
0.62007
0.62007
0.62007
0.62007
0.62007
0.62007
0.62007
0.62007
0.62007
0.62007
0.62007
0.62007
0.62007
0.62007
0.62007
0.62007
0.62007
0.62007
0.62007
0.62007
0.62007
0.62007
0.62007
0.62007
0.62007
0.62007
0.62007
0.62007
0.62007
0.62007
0.62007
0.62007
0.62007
0.62007
0.62007
0.62007
0.62007
0.62007
0.62007
0.62007
0.62007
0.62007
0.62007
0.62007
0.62007
0.62007
0.62007
0.62007
0.62007
0.62007
0.62007
0.62007
0.62007
0.62007
0.62007
0.62007
0.62007
0.62007
0.62007
0.62007
0.62007
0.62007
0.62007
0.62007
0.62007
0.62007
0.62007
0.62007
0.62007
0.62007
0.62007
0.62007
0.62007
0.62007
)
;

boundaryField
{
    inlet
    {
        type            calculated;
        value           uniform 0.62007;
    }
    outlet
    {
        type            calculated;
        value           nonuniform List<scalar> 0();
    }
    bottom
    {
        type            symmetryPlane;
    }
    top
    {
        type            calculated;
        value           nonuniform List<scalar> 0();
    }
    obstacle
    {
        type            calculated;
        value           nonuniform List<scalar> 
12
(
0.947702
1.70182
1.67621
1.58178
1.54977
1.53943
1.5327
1.52632
1.51932
1.51111
1.50168
1.49095
)
;
    }
    defaultFaces
    {
        type            empty;
    }
    procBoundary0to1
    {
        type            processor;
        value           nonuniform List<scalar> 
103
(
1.47917
1.47611
1.47475
1.47468
1.47552
1.47677
1.4779
1.47764
1.47614
1.47492
1.4744
1.47417
1.47244
1.46951
1.46996
1.47213
1.47507
1.44705
1.15962
0.726509
0.62174
0.620073
0.62007
0.62007
0.62007
0.62007
0.62007
0.62007
0.62007
0.62007
0.62007
0.62007
0.62007
0.62007
0.62007
0.62007
0.62007
0.62007
0.62007
0.62007
0.62007
0.62007
0.62007
0.62007
0.62007
0.62007
0.62007
0.62007
0.62007
0.62007
0.62007
0.62007
0.62007
0.62007
0.62007
0.62007
0.62007
0.62007
0.62007
0.62007
0.62007
0.62007
0.62007
0.62007
0.62007
0.62007
0.62007
0.62007
0.62007
0.62007
0.62007
0.62007
0.62007
0.62007
0.62007
0.62007
0.62007
0.62007
0.62007
0.62007
0.62007
0.62007
0.62007
0.62007
0.62007
0.62007
0.62007
0.62007
0.62007
0.62007
0.62007
0.62007
0.62007
0.62007
0.62007
0.62007
0.62007
0.62007
0.62007
0.62007
0.62007
0.62007
0.62007
)
;
    }
    procBoundary0to2
    {
        type            processor;
        value           nonuniform List<scalar> 
97
(
0.62007
0.62007
0.62007
0.62007
0.62007
0.62007
0.62007
0.62007
0.62007
0.62007
0.62007
0.62007
0.62007
0.62007
0.62007
0.62007
0.62007
0.62007
0.62007
0.62007
0.62007
0.62007
0.62007
0.62007
0.62007
0.62007
0.62007
0.62007
0.62007
0.62007
0.62007
0.62007
0.62007
0.62007
0.62007
0.62007
0.62007
0.62007
0.62007
0.62007
0.62007
0.62007
0.62007
0.62007
0.62007
0.62007
0.62007
0.62007
0.62007
0.62007
0.62007
0.62007
0.62007
0.62007
0.62007
0.62007
0.62007
0.62007
0.62007
0.62007
0.62007
0.62007
0.62007
0.62007
0.62007
0.62007
0.62007
0.62007
0.62007
0.62007
0.62007
0.62007
0.62007
0.62007
0.62007
0.62007
0.62007
0.62007
0.62007
0.62007
0.62007
0.62007
0.62007
0.62007
0.62007
0.62007
0.62007
0.62007
0.62007
0.62007
0.62007
0.62007
0.62007
0.62007
0.62007
0.62007
0.62007
)
;
    }
    procBoundary0to3
    {
        type            processor;
        value           nonuniform List<scalar> 2(0.62007 0.62007);
    }
}


// ************************************************************************* //
